"","X_Avena_barbarta","X_Avena_fatua","X_Briza_maxima","X_Bromus_diandrus","X_Conyza_bonariensis","X_Conyza_albida","X_Conyza_sumatrensis","X_Cotula_turbinata","X_Cynodon_dactylon","X_Cyperus_sp_","X_Datura_sp_","X_Ehrharta_calycina","X_Ehrharta_longiflora","X_Euphorbia__peplus","X_exotic_herb","X_Ficus_carica","X_Fumaria_capreolata","X_Fumaria_muralis","X_Fumaria_officinalis","X_Gladiolus_caryophyllaceus","X_Hypochaeris_glabra","X_Lactuca_serriola","X_Lagurus_ovatus","X_Nymphaea_sp_","X_Orobanche_minor","X_Paspalum_distchum","X_Pelargonium_capitatum","X_Pentaschistis_airoides","X_Phyla_nodiflora","X_Poa_annua","X_Romulea_rosea","X_Rumex_crispus","X_Senecio_sp","X_Setaria_palmifolia","X_Solanum_laciniatum","X_Solanum_nigrum","X_Solanum_sp","X_Sonchus_asper","X_Sonchus_oleraceus","X_Symphyotrichum_squamatum","Acacia_cyclops","Acacia_saligna","Austrostipa_compressa","Banksia_attenuata","Banksia_menziesii","Banksia_prionotes","Baumea_articulata","Centella_asiatica","Centella_cordifolia","Dianella_divaricata","Dianella_revoluta","Eucalyptus_sp","Exocarpos_sparteus","Gompholobium_tomentosum","Hakea_prostrata","Hakea_trifurcata","Haemodorum_spicatum","Hardenbergia_comptoniana","Hibbertia_sp_","Isolepis_sp","Jacksonia_furcellata","Jacksonia_sternbergiana","Juncus_pallidus","Lachnagrostis_filiformis","Lemna_disperma","Lepidosperma_longitudinale","Lobelia_alata","Macrozamia_riedlei","Melaleuca_rhaphiophylla","Microtis_alba","Myoporum_caprarioides","Paspalum_distichum","Persicaria_salicifolium","Rhagodia_baccata","Solanum_symonii","Spyridium__globulosum","Submerged_macrophyte","Thysanotus_patersonii","Villarsia_capitata","Villarsia_parnassiifolia","Viminaria_juncea"
"X_Avena_barbarta",1,0.0740735438055121,0.0297345117023789,0.00218140243780994,0.0955889838573804,0.0118182239581533,0.00517418399341628,0.0208419954501382,0.0346154406385381,0.0900612355508473,0.0652851844919142,0.021600307456494,0.0166090449351838,0.13895216437017,0.0158318219385694,0.0428013134237099,0.0125738992837767,0.0134676172231796,0.0475995126744737,0.159734223402905,0.0874864663510371,0.0549694089172562,0.0585997744060058,0.0596132606453149,0.00347592209830579,0.0567755677510068,0.00569503661578778,0.000272201949321002,0.0239290606381396,0.0136679874019523,0.0587189149142099,0.0427838176047195,0.129642898160501,0.0269913502635526,0.0274936450432445,0.0795683703570118,0.0158922007412923,0.0237649065645889,0.0686601913848281,0.0101807624501852,0.0203277642140172,0.0625724150563968,0.0473372495194762,0.125598150939112,0.00908332372445933,0.155713289741938,0.0469713361255343,0.0867577562003898,0.00227839016520091,0.0348611392977637,0.0667149747980702,0.0729787121471545,0.0128562766451315,0.126608701763892,0.0286136112640556,0.014589494512572,0.0284640264183155,0.0541903091068587,-0.00416911383490397,0.0401542776124353,0.133483552895706,0.121260333740392,0.0536075343277698,-0.0109897463967332,0.0530116107861836,0.0730052316996108,0.00829347720408534,0.0931830905498363,0.00970591378380589,0.0174590451055034,0.0365238984089657,0.0221881436017578,0.0185182160005076,0.00540121803040537,0.0276640695997225,0.00719572896130588,0.0458110893485003,0.0325601489586159,0.0240658653797053,0.090373442452962,0.135523976561529
"X_Avena_fatua",0.0740735438055121,1,0.0607853681061914,0.0471022441219636,0.0707919292276029,0.00652942050298664,0.0121014131916435,0.0317120115342133,0.039672718860935,0.0512905869192452,0.0997501666403195,0.0450687294982038,0.0525480303381522,0.320394723330148,0.0423983993974818,0.0404856229979441,0.0171866954283501,0.0159863167291222,0.0830620148472634,0.218515210710562,0.0932702853745561,0.0784256097237611,0.10340996922246,0.0553781541427166,0.0334769047525152,0.035676665467111,0.143821607920709,-0.000323867675775764,0.0953369856001241,0.0202960598386366,0.0572369271777571,0.0614997228011828,0.180355478135845,0.0428178007590957,0.0627434808054681,0.137157010912179,0.0199039646449952,0.0325466627373663,0.209560574323382,0.0181936419190562,0.0391999690724864,0.0967002182889563,0.0957938729158407,0.170544282487715,0.0191986368352986,0.269993317794347,0.0608670680912114,0.033185336857889,0.0331184219045046,0.114666047304537,0.107178652986468,0.12986033746883,0.0109892352043241,0.175586241673977,0.0334742973058145,0.054228735091091,0.069984840260727,0.195696901062681,0.0203010241486836,0.0553950244510397,0.227382941002434,0.239753244121876,0.0546125646624709,0.0470412355280706,0.0586316882369497,0.114440359640136,0.0744820604868426,0.15944823263451,0.0102040247067884,0.0236351699110559,0.0378220903956942,0.0113294847884608,0.0363820941460674,0.01023754697641,0.0121996847281161,0.0255489606422298,0.0554156359418898,0.0619134660685978,0.0507738009267288,0.0735140589372047,0.182737780039124
"X_Briza_maxima",0.0297345117023789,0.0607853681061914,1,0.0384957552099636,0.0376284407440712,0.0157585875660003,0.00746073545727046,0.0188278731554526,0.0351499361283652,0.0360055272429598,0.0304628879334019,0.0290828997803863,0.0172023168335591,0.156513074967621,0.0197582532242421,0.00943860735511636,0.00719870519531371,0.0103439397602082,0.0594711654032493,0.0861106829898948,0.0274646075106126,0.0371848369709259,0.0428097351561235,0.0394447769849324,0.0413175206729283,0.0168071374765456,0.124380554968427,0.0017043690015894,0.0527779376325586,0.0131141282580387,0.0207912199095168,0.0299462258187429,0.0817806325589694,0.0197599608146209,0.027318668217246,0.0595073447622168,0.0151793788431424,0.0235379966841275,0.0688353964590357,0.00888701053142742,0.0265587449550111,0.0624133856239576,0.0452629894770383,0.0706904921135468,0.0131578570194106,0.146388718413269,0.0362384001232818,0.0233086334206395,0.00917684405951672,0.109923313357867,0.0639918340505263,0.0507227108166391,0.0204641968373177,0.0794471383606584,0.013811651281867,0.0424243031322068,0.0236082971099945,0.0975731880473124,0.012998580219162,0.0364989070755912,0.126003900448651,0.11178268786005,0.0289148675041174,0.0147858585345395,0.0273787167000147,0.0604302105392767,0.0576032792279814,0.113199003230729,0.00434736643184818,0.0169847283361366,0.0304529141412749,0.00830040085395683,0.0166038476036415,0.0049499515050138,0.00369221554408615,0.0145021347040945,0.0184736124812409,0.023161142341849,0.0180180211951704,0.0609497830154434,0.0815561827456424
"X_Bromus_diandrus",0.00218140243780994,0.0471022441219636,0.0384957552099636,1,0.000612523346024949,0.0153568137980568,0.0153124621240982,0.0253433226008827,0.00442801006590949,0.0118392915023183,0.0301142673529049,0.0313466856997703,0.0267726452701806,0.117545218299609,0.0526510951043491,0.00169693257966026,0.020948348923852,0.0145732315735086,0.0491945243927318,0.0489856553111111,0.0068175195362065,0.0351120756535529,0.0247584411771006,0.0180843194822699,0.0625297511266012,-0.000310321121792115,0.205057422921295,0.0100964023732936,0.0786822949503811,0.0144581718565473,0.00937422376391646,0.0377728684050097,0.0460379380546317,0.003570690432508,0.0517787835584149,0.0270087474301588,0.00887715643726161,0.0718729893619769,0.107492498405976,0.0262935418474789,-0.00231036872129308,0.0686039620342443,0.0727038513078379,0.0902045532339082,0.0257626720893552,0.0823264691473206,0.0135242954930915,0.0023701957056871,0.119291821689896,0.183721202672851,0.0599479032579223,0.050897696679446,0.0586436783995362,0.0231112845821295,0.00553247491281647,0.0792838738989411,0.0144740983533892,0.0990810717470589,0.0652175503342898,0.0286406217598629,0.183232386669461,0.128219763377551,0.0232714244625832,0.129491771184659,-0.00127570846240334,0.0535798367252341,0.0816388571530998,0.120032065696056,0.00314803441654074,0.0278290205664063,0.00889023216175643,0.00661621065412373,0.0376298354164671,0.00941882732432042,0.00183777823111866,0.072568255406196,-0.00103062608819047,-5.19049817485862e-05,0.0114791637782076,0.0154672940329621,0.0293060666185867
"X_Conyza_bonariensis",0.0955889838573803,0.0707919292276029,0.0376284407440712,0.000612523346024949,1,0.0299639086779296,0.0258200617965642,0.0156121113239944,0.228513060265101,0.296608857353566,0.0799948004578823,0.0474874888995666,0.0328040849952828,0.194672285744045,0.0331850590153765,0.390180359974123,0.0473499765707376,0.0184005150412249,0.175898720799513,0.285795267893454,0.157632580448791,0.0911979988921972,0.116740548174681,0.10525738722717,-0.013122709570343,0.138908185006334,-0.0269408890318368,0.0306234356700032,0.00201301713532774,0.0217769639645039,0.127166957624816,0.0442991493642312,0.171235314312298,0.13175221694421,0.00528182111850576,0.341796682376329,0.0793762803004886,0.00731682219628047,0.0342468092834363,0.0152597895815337,0.158962528109945,0.0626909183766861,0.217486799654589,0.136697832851567,0.0428153941769609,0.254471449283203,0.227086587706011,0.311387074590708,0.000898538482847682,0.0861151667057449,0.121002572267986,0.174474267430148,0.0158597793164665,0.18204199378216,0.0862655486744521,0.0134239389669413,0.111689218204404,0.0620241354621605,-0.015277551974151,0.052719279638372,0.117407086855072,0.133424304862756,0.385794905692157,-0.0319927705265921,0.22424666285443,0.0754013641613526,0.000506724313013472,0.165217332778092,0.0128002087178456,0.0387345732872113,0.0643530952466292,0.0993750440187551,0.0303503094727874,0.0176461215199121,0.13660291384441,-0.00532496066508179,0.0945811666426904,0.155709555969261,0.136902405395493,0.241990121950096,0.385766266275813
"X_Conyza_albida",0.0118182239581533,0.00652942050298664,0.0157585875660003,0.0153568137980568,0.0299639086779296,1,0.0182579503260216,0.0331039204612868,0.0316813126331627,0.116714936770491,0.0104124249137238,0.0102825321103797,0.0228229938134875,0.0181018892992992,0.0199024220519463,0.209261881781243,0.00799597083432172,0.0200910953506557,0.0111960042458317,0.034443811227521,0.0223487110401831,0.0284452863075542,0.0191252830660226,0.0578549615358432,0.0195583903946495,0.0815320657757679,0.0776581837110085,0.0753229277837521,0.0455794896406849,0.0253917749937459,0.0325139491491184,0.0278811009913959,0.0215244522223982,0.0547271815702334,0.0351656652020506,0.0547196701684051,0.0774823133939604,0.0183009518747192,0.0788456840713247,0.143414973494109,0.0716551855541798,0.0773978106263788,0.00446724899496777,0.0421204738852875,0.0465338590831404,0.0148731478072309,0.168101510488561,0.10763358965889,0.0666975150427075,0.0147130300028409,0.0267961737741834,0.0385044599812774,0.0430680326672791,0.0161233091253498,0.0303284916446448,0.00802959794889173,0.0235281936557508,0.0201886484346762,0.0525424077341089,0.0757337387875652,0.0264008188617673,0.0521009061276005,0.239283582184015,0.153526519320404,0.0179721965371993,0.0123899180989452,0.0248015442122953,0.0567955361848463,0.170746545094444,0.0158969366883733,0.345055170730484,0.0625914115331065,0.000535012858854642,0.0125900231260915,0.0511167305202319,0.186524457830867,0.0122086462165998,0.0127071427189079,0.022831158603537,0.0688561899670704,0.0320100558345969
"X_Conyza_sumatrensis",0.00517418399341628,0.0121014131916435,0.00746073545727046,0.0153124621240982,0.0258200617965642,0.0182579503260216,1,0.0192410816598508,0.0183714567222688,0.0394266892169085,0.0225682551367937,0.00602578254705049,0.0185687971126372,0.0135433978607562,0.0365547366360342,0.0326193347775198,0.00120538318440454,0.0194000948023557,0.0288489632836971,0.00780854694545714,0.011432626330931,0.0341117225994413,0.00782493208655766,0.0182090506177258,0.0203209525579914,0.0162049178101072,0.0598087504455178,0.0315261462413281,0.0271918970756341,0.0124370556983459,0.0141360943698635,0.016438418115938,0.00857644903244519,0.0174025676599725,0.015784771090059,0.0254240295369014,0.00881692948072768,0.0358669323442601,0.0370300757842397,0.041313705577335,0.0215412420832668,0.0219221789531254,0.00903535844238505,0.00529412092622596,0.00993354392302198,0.00763735793129997,0.0196056594745517,0.0380743900439544,0.0453955514668933,0.0349414521231306,0.0325511519268561,0.00343623434631567,0.0333239342888329,0.0188703768771326,0.019973996369609,0.01307807854793,0.0116069288612984,0.0250451706779141,0.0390078740624028,0.0161676881262781,0.0231447196913407,0.0163302488414312,0.0215904952282521,0.0994905833765402,0.0106636567006884,0.00811412305875771,0.0168957765211657,0.039247861784994,0.0276443905021279,0.00421002438051437,0.0216781348071954,0.0209442272443259,0.0188510733580911,0.0087187146257644,0.0118824943253999,0.0478496706221618,0.00529734180042565,0.0105177259790338,0.0207988035417912,0.0194440588540146,0.0208087144267898
"X_Cotula_turbinata",0.0208419954501381,0.0317120115342133,0.0188278731554526,0.0253433226008827,0.0156121113239944,0.0331039204612868,0.0192410816598508,1,0.0399589748866028,0.0423541464918115,0.0231616850915703,0.00163689383012334,0.0161020587156676,0.075914752214449,0.0184256236193222,0.0154699527917187,0.0111021063415213,0.0269927630485482,0.065180631097815,0.0384175982763769,0.0199837233942582,0.0535467040973694,0.0431773743373204,0.0473842800827016,0.0217158228500253,0.0137976146097988,0.0315963711475555,0.00578479380272423,0.0498166873763634,0.0402073875456987,0.0416407473722178,0.0182364219581773,0.0638949882081918,0.0142355038365421,0.0399503229869419,0.0897781410369871,0.0216880087027185,0.0340811020686068,0.0931694026715007,0.0140046002308847,0.0140705294228905,0.106010083583871,0.010765721673683,0.052519316144402,0.0281428832122484,0.0566768579256752,0.0459057110244472,0.0206771115337842,0.0154539801470262,0.0533046521572746,0.0840399748611679,0.0562205392434057,0.0245726814694486,0.0240921852976001,0.0230461223723411,0.0125724948846277,0.0334798459212124,0.0709679384908926,0.0468348548604826,0.108392274045371,0.107157424403983,0.0414444263712686,0.106535289137714,0.0300796646393281,0.0219910603236186,0.037514057298134,0.0215544214902493,0.128607427389438,0.0146585655381388,0.0275584436812263,0.0332240014639601,0.039915210725622,0.0105439224550353,0.0149335987930771,0.0191049455741999,0.0491258527692723,0.0115183219603726,0.0167469614100889,0.00959831561739273,0.0608288881185902,0.0416900979229147
"X_Cynodon_dactylon",0.0346154406385381,0.039672718860935,0.0351499361283652,0.00442801006590949,0.228513060265101,0.0316813126331627,0.0183714567222688,0.0399589748866028,1,0.415414105584967,0.0916763182902074,0.0234435920258762,0.0134491811048675,0.0415472542894733,0.0387703911408408,0.115634886094527,0.0869518023142937,0.0469008558914608,0.0503299604079474,0.14416958849401,0.0627093144042302,0.0344182288686667,0.0436139232516153,0.0961086064930956,0.00186415880478281,0.0892989488940659,0.00928611468824207,0.0570607136278283,0.0124356907722831,0.0132708625230306,0.0889203859097689,0.0268012431374232,0.0606816987995642,0.0350706381907533,0.00636308966463826,0.278040568820178,0.118087398762845,0.00244781556237946,0.170489805705158,0.0103158733193225,0.270603194349798,0.114595875271535,0.184836675109985,0.121566644885188,-0.00011607141182839,0.0767463550200659,0.184384731404249,0.11693040941913,-2.7701169085998e-05,0.0729835070478237,0.0341045763480894,0.117947638928482,0.0180064730251566,0.121030298208265,0.165201124570657,0.0316629947459248,0.0723746728503605,0.0485389685864075,-0.00118655462267667,0.0741489898974539,0.0735896152774927,0.0345328657743729,0.137685998792745,-0.0030995941925987,0.123345019179776,0.0538182736198192,0.00630935275608148,0.10497774517368,0.045776194039621,0.0348823558359162,0.0497872491247753,0.104322483954103,0.0409487944655782,0.00800459409644999,0.0245465605739877,-0.0031838369194276,0.0896488926615266,0.0670764293857089,0.175055016315948,0.225861565505821,0.284580109946945
"X_Cyperus_sp_",0.0900612355508473,0.0512905869192452,0.0360055272429598,0.0118392915023183,0.296608857353566,0.116714936770491,0.0394266892169085,0.0423541464918115,0.415414105584967,1,0.100895335308992,0.0407334122787179,0.102543156960726,0.0371313802031882,0.0508988327310514,0.426561371214554,0.0952968039031247,0.0336784028309016,0.0890579715779351,0.206176724677358,0.183328050246332,0.0390737465090443,0.0717664289494775,0.158284260031961,-0.0182688500916109,0.301941513245997,-0.0377426383200861,0.0694090780933432,-0.00667272580171004,0.0311744063527987,0.181150371856005,0.0556820745691467,0.126085961770548,0.198391804234211,-0.0110366150286031,0.32372206754037,0.13081878816681,-0.0023313582628723,0.101395310760659,0.0345348591536101,0.296776040003987,0.10629300750062,0.206348218871254,0.173011119496861,0.10392593403843,0.107962050870571,0.23665420408421,0.529903786133889,-0.00168316844159658,0.0760892176470163,0.0665989299762539,0.140883594036123,0.0184810507238669,0.146670645835479,0.186063642280581,0.0167932905666104,0.107546944227253,0.0454254958901259,-0.0106216904622121,0.0910548309411181,0.0953504534099562,0.027540912501325,0.453405385024608,-0.0752750841253267,0.154932063875397,0.0476172544546501,0.000210344821003194,0.112151866153894,0.082705961246965,0.0386689885328397,0.327019485654807,0.182437118709596,0.0455466697811773,0.0259735385710877,0.12341922476134,-0.00503756361761686,0.105259113801716,0.109269888174024,0.187780639131928,0.274946655832205,0.295430103237308
"X_Datura_sp_",0.0652851844919142,0.0997501666403195,0.0304628879334019,0.0301142673529049,0.0799948004578823,0.0104124249137238,0.0225682551367937,0.0231616850915703,0.0916763182902074,0.100895335308992,1,0.0362297935615006,0.041417500517393,0.209343549991054,0.0243924742017932,0.0458557931426699,0.0155401986514058,0.0323681107844674,0.0646941796007443,0.192243881586141,0.100457970382801,0.0505502725742736,0.0648091704018501,0.0681221693013805,0.0417064464067525,0.0632894910736542,0.155813827380988,-0.00160107661372456,0.0840127334794008,0.0194963478423763,0.0643593301346405,0.0522833836398364,0.148280596470211,0.0102127133026355,0.0444662353049088,0.098674427749863,0.0189545782259264,0.0523564904402014,0.167561832436644,0.0129534735114802,0.0328350594510635,0.0647073040713515,0.0735190685244987,0.153691790527741,0.0157233714909194,0.188911474343366,0.0231584253532799,0.10390116225762,0.0242832609936619,0.102933454498281,0.08869861331806,0.0995849079672086,0.0293256539907863,0.14851456118497,0.0508534051212463,0.0318025613809705,0.0290082769721757,0.156100323743463,0.0351938948200242,0.0389304359753858,0.159576211830573,0.172901769517284,0.0487238548388438,0.104807759274306,0.0593014301611257,0.0852283820514593,0.0662739723718464,0.12290117332646,0.0484819734817454,0.0157306534166704,0.0382113145681092,0.0692068405699284,0.0281686617191564,0.0111622314939151,0.0354558052879439,0.0205062558224926,0.0503118810637424,0.0256657161044419,0.0478857522683761,0.0449174988209419,0.102655512655213
"X_Ehrharta_calycina",0.021600307456494,0.0450687294982038,0.0290828997803863,0.0313466856997703,0.0474874888995666,0.0102825321103797,0.00602578254705049,0.00163689383012334,0.0234435920258762,0.0407334122787179,0.0362297935615006,1,0.0211778265449036,0.115487374023254,0.0246758941347759,0.0450333103656715,0.00869131263798497,0.00218839462488229,0.04051762448545,0.0806463235339809,0.0256372666038529,0.0264774372153041,0.0304479618948075,0.0111507347197659,0.0286396967725246,0.0150632521019303,0.101444189622136,0.00779487262704338,0.0448117822101983,0.00480697195981779,0.0121326590203826,0.0311894357739523,0.0638590849268943,0.01098009239827,0.0277283916590145,0.0367442357426324,0.00311202529508404,0.0392856060247481,0.0685174931957358,0.00297172360871526,0.0266432480055851,0.0272341847295754,0.0499374244579163,0.0748039762831608,0.0109074948222883,0.109781501261874,0.0197518447380381,0.0301514330397102,0.0246952410407919,0.076033933098555,0.0515297563218745,0.0530144222478544,0.0246066448079555,0.0629392943061089,0.0128754905187946,0.0353818542707319,0.0125976009220204,0.0935896160075588,0.0208273879518894,0.00906679723579058,0.113722335751641,0.107852851103013,0.0446060469791053,0.057961422030814,0.0261885410422446,0.049307438274277,0.0476603636483175,0.079348400038319,0.016738033338275,0.0140905509419777,0.0141914515982038,0.00583614491412508,0.0219626126706843,0.005260220525338,0.0179142334029254,0.0167277539544184,0.0157130352022996,0.0182142420675417,0.0169132905970431,0.0371984594478347,0.0485940412269472
"X_Ehrharta_longiflora",0.0166090449351838,0.0525480303381522,0.0172023168335591,0.0267726452701806,0.0328040849952829,0.0228229938134875,0.0185687971126372,0.0161020587156676,0.0134491811048675,0.102543156960726,0.041417500517393,0.0211778265449036,1,0.117358880422758,0.0292335363422356,0.0620340527644325,0.00465364303731324,0.0153208054582832,0.0241144404304869,0.0541895226864737,0.027596875056834,0.0350842096359563,0.0339685747253025,0.0249816381865351,0.0266713250490732,0.0495930181292622,0.100933245134023,0.0428042894567276,0.0702388905846977,0.00630042183368335,0.0301268932925385,0.016093764727334,0.0705518951834573,0.00884733183684536,0.0416053930804674,0.0364701850170654,0.0124889600402636,0.0362785861837184,0.0905525083427572,0.0126433911547122,0.0342388901460531,0.0377404430233184,0.0279593613633154,0.0306514625462389,0.0398695675051062,0.0783544179331946,0.0214833056951599,0.0829091638122111,0.0218484899754744,0.0669422931412897,0.0424482159672146,0.0597255999676273,0.045035284659147,0.0208161527467194,0.00628926794007899,0.0123936237429012,0.0158595833877115,0.10027923063194,0.0621512561031211,0.0221692455936507,0.052492797902735,0.0813004314659498,0.0720425406415497,0.129663643446262,0.0245495325838266,0.0368902186176916,0.0537584302708999,0.10806906539542,0.0495602834989472,0.00715871621056701,0.0588645708070687,0.0321124512340512,0.0184348349757645,0.00713012386338876,0.0181360419151425,0.0483327568699254,0.0176871962995348,0.0140246567455388,0.0207049951814229,0.0448542699155133,0.0538565090249152
"X_Euphorbia__peplus",0.13895216437017,0.320394723330148,0.156513074967621,0.117545218299609,0.194672285744045,0.0181018892992992,0.0135433978607562,0.075914752214449,0.0415472542894733,0.0371313802031882,0.209343549991054,0.115487374023254,0.117358880422758,1,0.100230255795843,0.0544162340613092,0.0359498287529657,0.0489298796605152,0.213672404066289,0.552688659309786,0.186777006442788,0.19958769084163,0.196296676641123,0.100291857004298,0.127154898722982,0.0346588511902605,0.36628461892725,-0.0132672421019943,0.220837447110059,0.0460233224118607,0.0836885358047456,0.182958717560905,0.371653962469165,0.0635057098930666,0.192490266503772,0.278626916361646,0.0483278180460845,0.101122102889954,0.531984172473907,0.0475993250318032,0.0458702877770146,0.307060540854953,0.260696236525235,0.432175707326361,0.0589552276172025,0.642701359264691,0.0955854273406249,0.0161725382709138,0.00245613749294152,0.388289826674811,0.311751015950519,0.296838489343344,0.0424084038393381,0.389884145539178,0.0923907667268285,0.138559240115953,0.119572382526876,0.454082059543369,0.134833314581921,0.12038324842105,0.541081165509907,0.612044148924492,0.106874072071499,-0.00785870247357692,0.0932241824529163,0.286522959256704,0.199867939236459,0.525694081573655,0.00953015738727736,0.0602637656712545,0.0866260653720486,0.0293884684307967,0.095199393816013,0.0304558333958494,0.0254218395508698,0.0730888623460153,0.0935079329582078,0.0993876557314054,0.108669470537952,0.140658816817114,0.342174013645682
"X_exotic_herb",0.0158318219385694,0.0423983993974818,0.0197582532242421,0.0526510951043491,0.0331850590153765,0.0199024220519463,0.0365547366360342,0.0184256236193222,0.0387703911408408,0.0508988327310514,0.0243924742017932,0.0246758941347759,0.0292335363422356,0.100230255795843,1,0.032228056199364,0.0172958013633652,0.0326292236975664,0.0292173208066787,0.059381449707574,0.0201106703043306,0.0302263362025359,0.0225944077193676,0.0384978722720994,0.0320455751490155,0.0128127569610621,0.133926357443593,0.031485134264736,0.0812084629065264,0.00803010896181119,0.0236239374357609,0.0328619424826352,0.034884695280127,0.0110104285819179,0.0508601093563051,0.0361903561205038,0.0145778035881428,0.0443601525707951,0.0700288993591833,0.0203005275225325,0.0110388847978486,0.0393171499867604,0.0623589642490761,0.0802576241546191,0.0162135033196989,0.0791092187829512,0.0174305387927635,0.0331209907535676,0.0761606801857837,0.119655625205001,0.0515832955160571,0.0243995237629427,0.0392790087060909,0.0424797181370133,0.0403725791449652,0.0546807567408188,0.0121271712374578,0.0471955309848185,0.0306693203959206,0.0376699851544342,0.150604359807179,0.113712226760387,0.0463628885393529,0.0576696259604686,0.0163324276433999,0.0490839721454114,0.0418540921493889,0.10764810718853,0.0264586327100736,0.0211442305696522,0.0217444587400661,0.0363646865033839,0.0384087518636829,0.00479986548560552,0.00648032273740301,0.0138279057365665,0.0109515879803824,0.0213813534579724,0.0350219812328967,0.0271239385626059,0.0227208688408014
"X_Ficus_carica",0.0428013134237099,0.0404856229979441,0.00943860735511636,0.00169693257966026,0.390180359974123,0.209261881781243,0.0326193347775198,0.0154699527917187,0.115634886094527,0.426561371214554,0.0458557931426699,0.0450333103656715,0.0620340527644325,0.0544162340613091,0.032228056199364,1,0.0214336677292239,0.0157678082224737,0.125705261737207,0.103499224035996,0.0922089055529589,0.0155230055904659,0.0703228978173194,0.0975516640466457,-1.93833582834782e-05,0.226220480018187,0.0058270338970205,0.03323048149281,0.00669855904642363,0.0296197183159902,0.122666162817036,0.0448873769100938,0.0500371145847979,0.189472536152844,0.00328112480495611,0.260508823503797,0.0757746088400409,0.00667329274151817,0.0541518520398507,0.0767263891661752,0.208523496711789,0.0353517165148834,0.159696258142792,0.0704139195291031,0.0926748380927048,0.0550444076519447,0.235280214893723,0.432310671193324,0.00111754644894611,0.0278958904694246,0.0487899825167263,0.0741734513270217,0.00632881754055212,0.104305184463538,0.0760360685650739,0.0113317423884778,0.102777572745901,0.0388442121006255,-0.000314978981279325,0.0487585596224606,0.0524706601321204,0.0295501031591426,0.39044276336795,0.00675800925780947,0.166774381949359,0.0273757898884969,0.00100448875601993,0.0308288178882318,0.0816937475271591,0.0254194980135274,0.292768879089114,0.156835317855837,0.0232739025863247,0.0241468775786992,0.158558917369203,0.0103475332817896,0.0526035887064357,0.121084736817876,0.121905782555439,0.217956724997705,0.20532574014029
"X_Fumaria_capreolata",0.0125738992837767,0.0171866954283501,0.00719870519531371,0.020948348923852,0.0473499765707376,0.00799597083432172,0.00120538318440454,0.0111021063415213,0.0869518023142937,0.0952968039031247,0.0155401986514058,0.00869131263798497,0.00465364303731324,0.0359498287529657,0.0172958013633652,0.0214336677292239,1,0.00515798810047368,0.00727190939607269,0.0278207463238059,0.0141429584496983,0.0104373907698374,0.0270549721825225,0.0203225451327031,0.0133992983579887,0.0130153306510213,0.0548616031754695,0.0166711155010657,0.0174011209113557,0.00626108950895951,0.0152515857693029,0.0124222633470168,0.0181226970917198,0.00599543977264569,0.0162262428709631,0.0504344406201979,0.0239459083180504,0.0230227193020784,0.0213729121329727,0.00889874936158644,0.0586115493238433,0.0175564430422845,0.0468002278370314,0.0294924002330733,0.00388880073960298,0.0259449994523852,0.0265939563781843,0.0269725355178007,0.038575581290353,0.055165222073027,0.0233919048408009,0.0206988125549992,0.0135717338707572,0.0193213728929073,0.0418565454081574,0.022546666927197,0.0230712683054813,0.0196047004582673,0.0138810963918984,0.0234001608540299,0.0625534246876899,0.0392375888862354,0.0231673630458457,0.0243228418499041,0.0254804671242894,0.0278627878933837,0.0188904624031475,0.0428420992348716,0.00545667848806025,0.0100609968006638,0.00504885673888992,0.0134630726383781,0.013520010236417,0.00336241745916518,0.0148857557159831,0.0129979365026133,0.0187184809693594,0.0128570746768379,0.0393614484016195,0.0440618849512024,0.0550081090802663
"X_Fumaria_muralis",0.0134676172231796,0.0159863167291222,0.0103439397602082,0.0145732315735086,0.0184005150412249,0.0200910953506557,0.0194000948023557,0.0269927630485482,0.0469008558914608,0.0336784028309016,0.0323681107844674,0.00218839462488229,0.0153208054582832,0.0489298796605152,0.0326292236975664,0.0157678082224737,0.00515798810047368,1,0.0251024631860836,0.0258499305332832,0.0129746071424808,0.0370460342190822,0.0208842565065871,0.0322077624868002,0.0187227226533301,0.00494093616506977,0.0493312949564387,0.00373326201441191,0.0419736821271569,0.0145090004691526,0.0247309265045874,0.016008216349218,0.0343439468357278,0.00610622002863218,0.0249520764133181,0.0445054674486023,0.0129939753453037,0.0178918251950186,0.0715060493252098,0.0114349144327945,0.014121379692158,0.0589516991616923,0.0240504844857236,0.0394908090567811,0.0145612817928564,0.037896590644605,0.0238407652004086,0.0316005348379939,0.0147646833473152,0.0303137529357686,0.0420446099644056,0.0288560127304474,0.0207206739247527,0.0243218878713505,0.0259737248325561,0.0129230994015052,0.0129330026710437,0.0333931679206149,0.0248455340121553,0.0544668619383904,0.0421362239536772,0.0278652726541799,0.0469042033004723,0.0368094381748006,0.0252079576982791,0.0247524287698319,0.0117096339998111,0.0660326585428764,0.017058849639739,0.00675382460181908,0.0138937271268961,0.035984459793493,0.0178586146679713,0.00818350783298499,0.00982710203758467,0.0239259750528811,0.0101322730418999,0.0146744416308453,0.0234152802656497,0.0391207208957342,0.0268637678579281
"X_Fumaria_officinalis",0.0475995126744737,0.0830620148472634,0.0594711654032493,0.0491945243927318,0.175898720799513,0.0111960042458317,0.0288489632836971,0.065180631097815,0.0503299604079474,0.0890579715779351,0.0646941796007443,0.04051762448545,0.0241144404304869,0.213672404066289,0.0292173208066787,0.125705261737207,0.00727190939607269,0.0251024631860836,1,0.137855549478427,0.0472748458956164,0.0584975069491404,0.0673475211632426,0.0384517094501962,0.0626840679986614,0.0469265766784242,0.174738990487284,0.00921539867917598,0.0900415795131818,0.0445485937869024,0.0396016062588072,0.045394288396573,0.109659260032743,0.0279480615141327,0.0537889847623883,0.127324490219548,0.022172264774968,0.0202250709054845,0.0750195082557621,0.0204288596353921,0.0353123432128216,0.0989313731801278,0.0839330772252806,0.0984360433853836,0.0137049970851524,0.206451491155911,0.0578596618543525,0.0869721777980012,0.0290523175791535,0.152812883232233,0.0979893785189986,0.0651297588846122,0.0300758548850278,0.119527093643143,0.0212189951920343,0.0507601865518722,0.0356746577615786,0.137332932753949,0.0337470811873679,0.104500447780065,0.188241150229001,0.149488713076515,0.141667469844051,0.0903602263315233,0.0854852034272584,0.0834450970497558,0.0751726730891309,0.165676803057801,0.0284313599986626,0.0324818153976019,0.0484052540779851,0.0242805740804191,0.0165561850804754,0.0173112143811479,0.047681349455849,0.0128434297696688,0.0341865475570604,0.0597819323052749,0.0420595930945701,0.0774638855950688,0.157815057298793
"X_Gladiolus_caryophyllaceus",0.159734223402905,0.218515210710562,0.0861106829898948,0.0489856553111111,0.285795267893454,0.034443811227521,0.00780854694545714,0.0384175982763769,0.14416958849401,0.206176724677358,0.192243881586141,0.0806463235339809,0.0541895226864737,0.552688659309786,0.059381449707574,0.103499224035996,0.0278207463238059,0.0258499305332832,0.137855549478427,1,0.248591581029079,0.14892214425694,0.160950559189851,0.149890534646058,0.0113416081218292,0.138257834495449,0.131980657407701,0.0107554712073357,0.0806651025345118,0.0220970186490041,0.155098855242921,0.150991164350638,0.35376249734532,0.0824291546211732,0.084152695387986,0.348362476048339,0.0658901549154027,0.0374015052197264,0.218418196345996,0.0200696217380106,0.104351404195079,0.128850354556373,0.198181804640365,0.383735533297173,0.026760328871332,0.566193381159487,0.0706254435289301,0.206544494685026,0.00590387854608706,0.101746551058129,0.265318810774837,0.139637584385509,0.0295502523013827,0.379145467654895,0.0926634456774652,0.0616240485156614,0.103576810385287,0.19920767701639,0.0109781033758299,0.0958389524309798,0.405778079676511,0.496976046152882,0.136953992434326,-0.000724965850908994,0.130903053791998,0.240500456678942,0.0336231112600048,0.294155846372518,0.0139180972776109,0.0359738049342918,0.0507933522078487,0.0451761535756733,0.0600297846667736,0.025800248233368,0.0306972955635625,0.0227764590262332,0.123012877058256,0.109702742946529,0.0868142861536382,0.122020482401512,0.323405613749655
"X_Hypochaeris_glabra",0.0874864663510371,0.0932702853745561,0.0274646075106126,0.0068175195362065,0.157632580448791,0.0223487110401831,0.011432626330931,0.0199837233942582,0.0627093144042302,0.183328050246332,0.100457970382801,0.0256372666038529,0.027596875056834,0.186777006442788,0.0201106703043306,0.0922089055529589,0.0141429584496983,0.0129746071424808,0.0472748458956164,0.248591581029079,1,0.0358023011062627,0.0702199813856692,0.094784355275503,0.0113669950126844,0.104830241684384,0.00354201500303698,0.00764694905565727,0.0210801097938025,0.00939237666621751,0.100768957840627,0.0588843977397092,0.182162669249114,0.0586114878179289,0.0161318461045004,0.17358065740684,0.0389199256493282,0.0157666974769736,0.0732747664436001,0.0124006811311848,0.0487219753477679,0.0535497783172458,0.0432296942033528,0.189057236706876,0.0187747039754606,0.220631896819783,0.0370693254121529,0.177912605157669,0.00967288504730304,0.0231143476468561,0.0887119531163085,0.0566242360919185,0.0224854897660796,0.191499403721774,0.0422670255881415,0.0118052127062112,0.033459203777812,0.0584846281805272,0.0100487877247918,0.0563074250023834,0.167147350637411,0.169673532363583,0.0914355601016965,-0.000948451937845853,0.0793525989634161,0.0974961890894397,-0.000704974925395511,0.118449990270484,0.0107917055425318,0.0122583615569184,0.0259269671311154,0.0487333425496948,0.0175278162216715,0.00900468836903521,0.0283951266962552,0.0142051570143171,0.072391579531802,0.0345882086874546,0.037750044593951,0.0798495076799354,0.0509664427510923
"X_Lactuca_serriola",0.0549694089172562,0.0784256097237611,0.0371848369709259,0.0351120756535529,0.0911979988921972,0.0284452863075542,0.0341117225994413,0.0535467040973694,0.0344182288686667,0.0390737465090443,0.0505502725742736,0.0264774372153041,0.0350842096359563,0.19958769084163,0.0302263362025359,0.0155230055904659,0.0104373907698374,0.0370460342190822,0.0584975069491404,0.14892214425694,0.0358023011062627,1,0.0726762003394273,0.0531260351626354,0.0501809817031292,0.016896283367714,0.135487031784625,0.00886581580003486,0.0598064801527982,0.0325238891635241,0.0391952409861789,0.0608801091302387,0.0732500531551199,0.0171941628918737,0.06132242780477,0.0837353189477567,0.0202770005415185,0.0135292253275057,0.163549792938707,0.0213873662885952,0.0104373428495946,0.108767750151041,0.067495919807949,0.100325546652912,0.0229870384537056,0.182699586568151,0.0516191133902344,0.0289307754251173,0.0244342646567107,0.102681432081354,0.102844258666589,0.0948366032786307,0.0461922035898899,0.0907505459332061,0.0177100764089676,0.0399415013069813,0.0297843352893695,0.0773550633488045,0.0447192521114215,0.0973610199337053,0.135369586134265,0.145318577066091,0.0555955338405865,0.119948581860134,0.0553277486572425,0.0784641250009807,0.0409317632308223,0.159645064464034,0.00957125805102694,0.0163205225073893,0.0588151724684916,0.0173430696498442,0.0235164775149345,0.0212532249903228,0.00963806517342867,0.0457230107026312,0.0183242297967515,0.0320385716227649,0.0174354086260555,0.0792098576356121,0.171049790703604
"X_Lagurus_ovatus",0.0585997744060058,0.10340996922246,0.0428097351561235,0.0247584411771006,0.116740548174681,0.0191252830660226,0.00782493208655766,0.0431773743373204,0.0436139232516152,0.0717664289494775,0.0648091704018501,0.0304479618948075,0.0339685747253025,0.196296676641123,0.0225944077193676,0.0703228978173194,0.0270549721825225,0.0208842565065871,0.0673475211632426,0.160950559189851,0.0702199813856692,0.0726762003394273,1,0.0513420638973907,0.0225168225641837,0.0329648432918875,0.0486279223865894,-0.00338202486766941,0.0720023968372365,0.0266854967610642,0.0525803579963134,0.0477572986082596,0.132382304473826,0.0357922467451826,0.0628599766308809,0.13430951017002,0.0367605226089876,0.0484871550514557,0.120979034858257,0.035390493956318,0.0558455503736451,0.118571310231343,0.0634504509677811,0.119125177534089,0.0334555112338786,0.192667738150075,0.0837811550319678,0.0473013194783886,0.00244500744037355,0.0745078188450254,0.107649268360298,0.0748381926794885,0.0114391335579172,0.13104649913576,0.0263349235344537,0.0201006921909263,0.0837242457059775,0.102613910506013,0.0360147788131561,0.0915397438037146,0.162669123587261,0.149262556349459,0.0780099214889382,0.0127043191004575,0.0669273478843406,0.0811795802258123,0.0367832886706307,0.217058088340157,-0.00145049144696746,0.0242706476485032,0.0466003275709745,0.0258757957430479,0.0121725960404141,0.00897519892901751,0.0183092269521094,0.0452106682244102,0.0414326554834359,0.0500008123255769,0.0312288716956698,0.0992849347941753,0.16611812734151
"X_Nymphaea_sp_",0.0596132606453149,0.0553781541427166,0.0394447769849324,0.0180843194822699,0.10525738722717,0.0578549615358432,0.0182090506177258,0.0473842800827016,0.0961086064930956,0.158284260031961,0.0681221693013805,0.0111507347197659,0.0249816381865351,0.100291857004298,0.0384978722720994,0.0975516640466457,0.0203225451327031,0.0322077624868002,0.0384517094501962,0.149890534646058,0.094784355275503,0.0531260351626354,0.0513420638973907,1,0.0234761993448132,0.0836280664326035,0.00973610468137744,0.0067313548625809,0.0393373372685105,0.0214020708629537,0.0746126706449326,0.0668384405832967,0.117799026408724,0.0270225369231455,0.0588009305995383,0.120287837470616,0.0405160492541207,0.0379876629621787,0.155444629459348,0.0276224472992654,0.0753993897026123,0.131454585092482,0.0478895527812825,0.121562077287167,0.0281618733100743,0.111870903052857,0.0702069778064065,0.136680549223784,0.0209074709290958,0.0455660431262623,0.0810550948618499,0.0729008838017604,0.0612378363667888,0.110790607799651,0.0454883770860374,0.0204748484356918,0.0354827414774492,0.0620947493883352,0.0316512937018922,0.134657707642055,0.104943306203735,0.136988991167603,0.100190203508102,0.0177996547169113,0.0578485629159057,0.0787926934450799,0.000544898878028132,0.135271239473951,0.0165430764081899,0.0218736303341323,0.0419102230049981,0.0445587128823436,0.032061870115677,0.00638280997031593,0.0425083970189931,0.0380476897639685,0.0479227091735617,0.0350376645451012,0.0469504674735523,0.104701988127204,0.0887441755021458
"X_Orobanche_minor",0.00347592209830579,0.0334769047525152,0.0413175206729283,0.0625297511266012,-0.013122709570343,0.0195583903946495,0.0203209525579914,0.0217158228500253,0.00186415880478281,-0.0182688500916109,0.0417064464067525,0.0286396967725246,0.0266713250490732,0.127154898722982,0.0320455751490155,-1.93833582834782e-05,0.0133992983579887,0.0187227226533301,0.0626840679986614,0.0113416081218292,0.0113669950126844,0.0501809817031292,0.0225168225641837,0.0234761993448132,1,0.00134284217302976,0.198479792712016,0.00338729705988521,0.0627702107725685,0.0213075663260667,0.0115934585921454,0.0233688450427568,0.0588750765280563,0.00092135009338414,0.0417452040340357,0.00407127146730107,0.00182422164277968,0.0821337994058985,0.0742103597250498,0.0314634682652431,-0.00564303072425472,0.0496289078261336,0.041178020486125,0.0397947829649691,0.0168931532628976,0.094450130890724,0.0284479437317756,-0.0149367296988415,0.084460787834639,0.15087112040473,0.0479421181154067,0.0591331162994079,0.0610071401796612,0.0271426537067709,-9.77237321333761e-06,0.0646402343624115,0.0142533880642288,0.128247414023068,0.0468977942792445,0.0374024298279126,0.11641926841142,0.0730102141918344,5.16380306132533e-05,0.145990732635421,-0.00495909898768555,0.0375201879478654,0.0864447623151131,0.129880110596955,0.0143464681103178,0.0205694371051858,0.0296129000516151,-0.00158549148447355,0.0274009596781528,0.0112838825809861,0.0130285057631842,0.0542222372536653,0.00278385724308803,-0.00661453918044791,0.0102871315407028,0.0252039916909159,0.0427611072930557
