"","X_Arctotheca_calendula","X_Briza_maxima","X_Hypochaeris_glabra","X_Lagurus_ovatus","X_Lolium_rigidum","X_Medicago_polymorpha","X_Medicago_sp_","X_Moraea_sp_","X_Ornithopus_compressus","X_Trifolium_sp_","X_Unknown_grass","X_Zantedeschia_aethiopica","Acacia_pulchella","Acacia_saligna","Amphipogon_laguroides","Aotus_gracillima","Astartea_scoparia","Baumea_articulata","Burchardia_umbellata","Caladenia_flava","Caladenia_marginata","Caladenia_sp_","Calothamnus_lateralis","Cassytha_racemosa","Chamaescilla_corymbosa","Conostylis_sp_","Corymbia_calophylla","Dampiera_linearis","Dasypogon_bromeliifolius","Dielsia_stenostachya","Drosera_macrantha","Drosera_pallida","Drosera_sp_","Eriochilus_dilatatus","Euchilopsis_linearis","Gonocarpus_pithyoides","Hibbertia_sp_","Hibbertia_stellaris","Hypocalymma_angustifolium","Hypolaena_exsulca","Jacksonia_sp_","Kunzea_glabrescens","Lagenophora_huegelii","Lepidosperma_longitudinale","Leptocarpus_scariosus","Lepyrodia_glauca","Leucopogon_australis","Leucopogon_sp_","Lomandra_caespitosa","Loxocarya_flexuosa","Macrozamia_reidlei","Melaleuca_preissiana","Orchidaceae_B","Orthrosanthus_laxus","Patersonia_occidentalis","Pericalymma_ellipticum","Platytheca_galioides","Pterostylis_nana","Pultenaea_reticulata","Schoenus_sp1","Sowerbaea_laxiflora","Sphaerolobium_sp_","Stylidium_brunonianum","Stylidium_sp_","Taxandria_linearifolia","Thelymitra_macrophylla","Thysanotus_multiflorus","Trachymene_pilosa","Tricoryne_elatior","Unknown_native_herb","Xanthorrhoea_preissii","Xanthosia_huegelii"
"X_Arctotheca_calendula",0,0.190974009404904,0.248960623665934,0.0958113201360247,0.158359909266375,0.156898328568056,0.0702683153586,0.266728526537012,0.124144860034941,0.143491596606043,0.18701111979279,0.270588888503979,0.165702413935139,0.175796097374199,0.127233643567525,0.125235032503953,0.0986877959146452,0.200726051947172,0.0810958892728988,0.113543611461815,0.277840162283794,0.0735263583852706,0.127992033854747,0.154468067750421,0.216607256382764,0.23771841799475,0.172430475733735,0.198192299708432,0.201897673931793,0.155640880768708,0.0471358695347238,0.210655552998557,0.031507376744207,0.252678926979433,0.162766307589182,0.242307987788632,0.119058967184822,0.180172468782256,0.139502674109902,0.195010746449955,0.095613436404958,0.0915579933656341,0.232059763552102,0.0728180966668,0.0934088633642632,0.145882294224924,0.124447065941879,0.162237590121936,0.2468834679935,0.0948841161082386,0.101703771517355,0.12864635881359,0.0687268597274894,0.0921398954409628,0.115914258225966,0.159703026676598,0.153595248589667,0.170704051529132,0.0878995697585332,0.0559378576250591,0.0827354275260787,0.129156251972974,0.146107437702696,0.0425909061463775,0.119847274349991,0.270146037494791,0.196294964055977,0.212373392544567,0.124109440032855,0.267894386395965,0.169014731553987,0.0680753459617012
"X_Briza_maxima",0.190974009404904,0,0.219104216871184,0.121866922500435,0.168707488469413,0.172986771998472,0.101269796783698,0.215134972832851,0.148265896601407,0.174819449842417,0.198373919599688,0.214069872418432,0.190012116389185,0.182541121062605,0.178967457547643,0.164522901592962,0.105629753000723,0.204107879595915,0.114850357031642,0.151990427626266,0.220627851945717,0.0903217605138291,0.153566325565728,0.147624448220993,0.208261961804266,0.220819839045737,0.194954648912616,0.209313478096487,0.197264930659704,0.179893238203338,0.0670534852516554,0.208902401102777,0.0470066988370223,0.215697809293514,0.17364749563463,0.209437122925052,0.1670174545148,0.196729625933979,0.192113448667408,0.175696998785488,0.098072187070388,0.126333124214366,0.215259982630293,0.0890044000339737,0.100316447475066,0.150380893677111,0.144896943326245,0.168010400649805,0.21862012713397,0.120773223098437,0.144138912983606,0.162196610755237,0.0800813845814138,0.134218862811431,0.168095120986216,0.194922066494864,0.175204465896162,0.204191270487112,0.1200060103967,0.0723724730351317,0.117768804824789,0.170791907458376,0.178742833322814,0.0651175228640068,0.157306264643854,0.219568741842622,0.190212647105619,0.208430761181525,0.172058973250107,0.216673168699194,0.187072158104365,0.0935843475565078
"X_Hypochaeris_glabra",0.248960623665934,0.219104216871184,0,0.194638335568198,0.219036103250122,0.239942880019038,0.147523132987061,0.170998931224994,0.214201977668525,0.242319422405843,0.257536620885381,0.176937966568499,0.142303655330885,0.226747247479302,0.200221547223107,0.21199431192492,0.10181972654378,0.138130304398646,0.190910338673031,0.244316140124936,0.129159657062888,0.148722789638614,0.203284936725792,0.115680104821416,0.107515870806268,0.226577317018921,0.140121423376196,0.118163045238056,0.130074438279027,0.140374570928768,0.106270549961563,0.112242848374619,0.0736298803705602,0.199900540445355,0.226775427946239,0.202886095096344,0.225735595090646,0.178183232035027,0.182645456856567,0.178849980795202,0.13451040703146,0.199468371821331,0.243729120532267,0.111685197074721,0.11190187622804,0.18529581492424,0.178928133431499,0.224042881711566,0.226367802064511,0.174736937756108,0.221312212897203,0.152751919234449,0.119958693938347,0.18585206222177,0.193122035430618,0.157978634969108,0.183093928121278,0.198078654529705,0.205755107127877,0.109653316184565,0.179646437010296,0.22717531224462,0.21836052657176,0.110660053375371,0.21603704643569,0.14463914632624,0.12172627835094,0.238761569931471,0.246705467778123,0.176896339620361,0.13668607240147,0.151069258638765
"X_Lagurus_ovatus",0.0958113201360247,0.121866922500435,0.194638335568198,0,0.0926415744208826,0.11782441766603,0.0748514670566979,0.141073952192356,0.0904396490617026,0.112546815835742,0.113047181669174,0.156172943959559,0.217907208628368,0.100574211326718,0.204675942513071,0.167805852992187,0.096487559918555,0.196336801470253,0.108701108085147,0.149195558652124,0.165242563459461,0.0767552683454572,0.132620695913176,0.118459317990422,0.212519058464108,0.160771920927729,0.216446443076603,0.222613684974968,0.197522024846075,0.207196260939475,0.0641894273220014,0.219316999566768,0.0426326636666719,0.157997221662106,0.150747697171278,0.136158112270557,0.160904322991955,0.200356342501267,0.22200286613081,0.117522860951942,0.0758134765061385,0.0939712662193809,0.145955818003868,0.0696039341733571,0.0855385899432455,0.0853679549179995,0.123827477576662,0.096942312201942,0.136036133200287,0.134602341450879,0.149327800077296,0.183122296544349,0.0616261479773912,0.146317365750358,0.170485782380331,0.230013913989032,0.189073092941147,0.208934976683284,0.115389730611529,0.0740583039505769,0.112420189278494,0.183541167144332,0.181207278630566,0.0488041830210614,0.129803432409521,0.17452415651293,0.190318514167728,0.156825322927478,0.185195902155339,0.158054399665059,0.210250810631792,0.0964017621197321
"X_Lolium_rigidum",0.158359909266375,0.168707488469413,0.219036103250122,0.0926415744208826,0,0.142666302482642,0.0706014313667176,0.23511830442014,0.121546514045976,0.139158362192702,0.173510584255612,0.243100526165729,0.19276313642421,0.163334644320798,0.194259254212881,0.151374162029822,0.0963796708852122,0.197466463877413,0.0937018178565856,0.119571011534051,0.237939015327051,0.0666394492446035,0.156506658669462,0.133537824158699,0.206319832188476,0.213901718190431,0.195655841008012,0.204595162770666,0.193122367393803,0.181877601778699,0.0561499981767437,0.206405028500897,0.0382867841135393,0.222415181944604,0.194460429800024,0.224341767631034,0.162338471260994,0.192446541541756,0.197937566034556,0.197614533160809,0.103278940333734,0.0908228528394263,0.21567494752717,0.0736721942866807,0.091596666486424,0.151686355201065,0.118957671907388,0.154279218446212,0.214846642930452,0.108337837394271,0.120455286342741,0.161059208675949,0.0564523830838712,0.135140690966462,0.161998547948585,0.204650640767358,0.166752634975341,0.186462847466169,0.0965358252632489,0.071150479647936,0.0956105642415645,0.15523291257816,0.160021010107944,0.06091258317013,0.158258974262715,0.236376728728139,0.187857028102997,0.180486771899174,0.171423821011388,0.235797813826164,0.188879862197788,0.0809366802559285
"X_Medicago_polymorpha",0.156898328568056,0.172986771998472,0.239942880019038,0.11782441766603,0.142666302482642,0,0.0820281969808503,0.216299517767287,0.125462390715111,0.155375628545316,0.176391124674182,0.221453201209445,0.217023935933783,0.154746866724037,0.191784388499381,0.170836632046583,0.112121885632469,0.220808954481184,0.108432309098116,0.149804047555953,0.234494395238621,0.0893364013867876,0.145000876972261,0.153015714681459,0.23817593665069,0.216212955741189,0.224146633220777,0.238234361263432,0.22001509429256,0.207766013779613,0.0631297363679627,0.239933160284822,0.0424293232643579,0.218315438276567,0.16877769508531,0.200375383257792,0.153609210332083,0.214834714759929,0.210119433450965,0.167445291514293,0.0871246283782498,0.112226171151875,0.20207035001329,0.0857288801854238,0.104391878374777,0.124883433024892,0.141795601472138,0.158850448006378,0.208783576076736,0.112802879584418,0.144968598744795,0.180815117056209,0.0785265508939411,0.13814816544716,0.172794528934003,0.224372510177844,0.195093799739206,0.21690788977331,0.108538695999473,0.0668994733292226,0.107906607225788,0.177912169611422,0.181684488682288,0.0713081182343705,0.151680103091956,0.233320045903853,0.213000261775632,0.203602790402168,0.174682010374421,0.218979429965122,0.218664309999845,0.0893753209017821
"X_Medicago_sp_",0.0702683153586001,0.101269796783698,0.147523132987061,0.0748514670566979,0.0706014313667176,0.0820281969808503,0,0.110283094533675,0.0641588062199264,0.0832957660497837,0.0922960564728927,0.115315046170311,0.157306018627479,0.0782122130429062,0.142953536526352,0.11643446848877,0.0740035291102926,0.145524405552463,0.0804595807446174,0.10375426315019,0.128471015017361,0.0560409508052089,0.0894881031736424,0.0902627907071098,0.159707269112426,0.124304907855454,0.160046052095015,0.166177651327455,0.147143802496225,0.151695166278307,0.0450710589281289,0.164607741418914,0.0271723508703734,0.127804761925369,0.10011150347545,0.103675117211647,0.102074141139722,0.150806010831654,0.157035112676418,0.0815472192382594,0.0444595587362895,0.0685375409714175,0.109613776975615,0.049778747846803,0.061876997826842,0.05653926870604,0.0930108934606384,0.0761455598248726,0.110899680217819,0.0867255465572034,0.099751764667412,0.131573494530884,0.0459824864115901,0.0981359874182737,0.121638462597194,0.166206378509138,0.138700764500692,0.152135020893801,0.0784804472520917,0.0488593221245074,0.067793066592254,0.1342878172666,0.133640961893375,0.0436738885952696,0.0951067955900709,0.131682293240496,0.14149068298283,0.115840714166897,0.131950445019848,0.110075649753618,0.155250291944465,0.0702747658886256
"X_Moraea_sp_",0.266728526537012,0.215134972832851,0.170998931224994,0.141073952192356,0.23511830442014,0.216299517767287,0.110283094533675,0,0.206618627343846,0.217983054423875,0.263028542091637,0.128000446444832,0.208312604433404,0.254398913779306,0.220331760933188,0.209483263319967,0.123937476861652,0.240719587117375,0.152926160736762,0.165652765133997,0.118889255751643,0.109876418189402,0.223001191434235,0.148619630121449,0.180927307047285,0.214191219839049,0.206201927669073,0.196993492470376,0.179604401444897,0.196770324234796,0.0841117110472558,0.193422883544204,0.0570065782710487,0.162650725639561,0.207934094681813,0.203766080736049,0.221768690957268,0.206555510744382,0.232438002319305,0.181977723930823,0.16516639366364,0.163002606436425,0.224483515716732,0.124478141447816,0.113660786842816,0.224436020251617,0.161183469329122,0.254633885127961,0.221589300342424,0.156564452745078,0.168410179173896,0.191262777765594,0.0958050418438693,0.163303495804956,0.207975084937061,0.22216162101857,0.198853479818263,0.235618024443704,0.162980203735036,0.100648203725368,0.155619962005981,0.188284909271032,0.216674481872797,0.0951240179051099,0.205816897494356,0.126666638790618,0.183921422072903,0.220481094902478,0.223596179646733,0.129888460723509,0.199232587288645,0.113516105659176
"X_Ornithopus_compressus",0.124144860034941,0.148265896601407,0.214201977668525,0.0904396490617026,0.121546514045976,0.125462390715111,0.0641588062199264,0.206618627343846,0,0.125839858349286,0.158225016285827,0.215059213178667,0.187296239130483,0.13188341152637,0.169026705650907,0.139708758212838,0.0984964817374862,0.192331590393652,0.0893544774813285,0.119179102321352,0.221738338545157,0.0687277815804346,0.127641732987493,0.129118107632678,0.20557334553996,0.188960069407277,0.190229448810007,0.205542333936299,0.189543220553861,0.177608157352896,0.055248938559127,0.209303980475754,0.0335942829509559,0.212074297794129,0.154427293218647,0.197526671832324,0.136928131848622,0.188771707096593,0.182915920809237,0.167387850955673,0.0750146891476929,0.0958174659846408,0.196070554077064,0.0726100921637588,0.0883760839841058,0.111361393072575,0.117244165772563,0.128951283498081,0.194525325299636,0.105774315701395,0.113875990778468,0.153773272242254,0.0607520288269062,0.120592972169801,0.144234830373893,0.195082391297937,0.160610875463012,0.181714408366022,0.0992555492885096,0.0578937326702141,0.0850795637136422,0.149691770425906,0.160090594109261,0.0421118055038083,0.134205643526523,0.215839119915013,0.184952624731931,0.183457134927765,0.152407154383071,0.209451389773786,0.186355775975118,0.0748683823259265
"X_Trifolium_sp_",0.143491596606043,0.174819449842417,0.242319422405843,0.112546815835742,0.139158362192702,0.155375628545316,0.0832957660497837,0.217983054423875,0.125839858349286,0,0.171415101316962,0.227855192430933,0.218965144166387,0.138834497131457,0.189398953806938,0.158243618437967,0.109304499621478,0.220904667636938,0.0927726166376948,0.146910062630923,0.237716924371229,0.0855222846523816,0.131598457489357,0.15241573750567,0.237347209160927,0.217804299194617,0.221834574872272,0.239556133887646,0.222937488618095,0.205508253355193,0.0613235497365651,0.242581464832119,0.0381338196555665,0.221704073916235,0.162222020703157,0.202720816864251,0.147753984776673,0.22241659690395,0.208119191311488,0.165204820146738,0.089337368828594,0.115535553526888,0.197433619647745,0.0821755679900062,0.104107006059273,0.11156397877768,0.126733719796965,0.146022282711654,0.203332896446112,0.114236849442536,0.146951062145151,0.176299076494581,0.0784399178467877,0.129011639089344,0.165196152405739,0.22449460475964,0.189531964041503,0.217476362279202,0.111456986874611,0.0616839947885051,0.101841304905612,0.178534502102507,0.187264624662662,0.0571511530204559,0.134880994301916,0.234502179117041,0.210482695193132,0.199673746455337,0.178352197506394,0.221828149656396,0.216902114499101,0.0831614537611182
"X_Unknown_grass",0.18701111979279,0.198373919599688,0.257536620885381,0.113047181669174,0.173510584255612,0.176391124674182,0.0922960564728927,0.263028542091637,0.158225016285827,0.171415101316962,0,0.262578127589637,0.228774116122075,0.192567942265991,0.220278349293365,0.181931771010005,0.12279947927725,0.238138914431272,0.122008562845499,0.149012388490536,0.270324810424446,0.0792341468001921,0.183887539199362,0.170275632957644,0.244115303127723,0.251749140823468,0.228774906868327,0.24413258233023,0.229002853307388,0.212739841538517,0.0697668145319423,0.245939857998759,0.0452560392414649,0.256850304570097,0.215667188750734,0.240249981019462,0.188072492292328,0.227233253228102,0.229364482030866,0.218056198943708,0.113624008629992,0.11963223408085,0.245336412203669,0.0984096911392628,0.111422898626208,0.169586587332836,0.145169244091461,0.192643444118966,0.238984572314636,0.137643984670064,0.145177625315654,0.188611654831173,0.0811079489240538,0.149638934564049,0.186678015012571,0.236133408516403,0.206806423648446,0.230442587412269,0.127841471296087,0.0809268926992394,0.114009308006923,0.183775276296856,0.20374207822655,0.0654087900218946,0.176748064576207,0.267165725372553,0.22172368625789,0.230837774417029,0.210329154007807,0.262749507875663,0.225117145483235,0.0996183822286407
"X_Zantedeschia_aethiopica",0.270588888503979,0.214069872418432,0.176937966568499,0.156172943959559,0.243100526165729,0.221453201209445,0.115315046170311,0.128000446444832,0.215059213178667,0.227855192430933,0.262578127589637,0,0.234813639560871,0.255387972335117,0.254913219871248,0.223292163225455,0.133638596191262,0.25401178965684,0.159853387141623,0.181942314460854,0.115331748428631,0.115464460432265,0.231070593224911,0.154049550684753,0.20481172205608,0.216447692851703,0.233273285535768,0.224657239379931,0.197706422299709,0.222319882497303,0.0893459664704268,0.215900874505678,0.0613316962641242,0.161679160995908,0.226689211906284,0.205331240003023,0.225706378669793,0.225814504016672,0.251835035148253,0.186024821235663,0.158938201689516,0.169790330103551,0.2322017627467,0.128983381399169,0.121917766272834,0.233162720901637,0.171354810040477,0.257672472076434,0.224482434650834,0.167108804420431,0.182333620952041,0.212774084426395,0.100772393218899,0.179593452150463,0.229690277023145,0.250669728575124,0.219451664000926,0.258344056387172,0.174777766896669,0.102308488185922,0.166978667229217,0.211455066654926,0.234544054475578,0.0930460759919196,0.223818959886446,0.123632000752237,0.202280239824638,0.222577572928758,0.240330652449415,0.133772497121098,0.222923799874687,0.126695046593283
"Acacia_pulchella",0.165702413935139,0.190012116389185,0.142303655330885,0.217907208628368,0.19276313642421,0.217023935933783,0.157306018627479,0.208312604433404,0.187296239130483,0.218965144166387,0.228774116122075,0.234813639560871,0,0.190212941245958,0.0979255617033715,0.170665931735062,0.0688096948655106,0.0831348135127003,0.228391840491576,0.258901661773887,0.207786691479354,0.152438888678694,0.199741861811166,0.0902800605889403,0.0798911245966255,0.263065740984567,0.0600329364554507,0.0607141483661954,0.128279336846638,0.0601567372730121,0.124388760773911,0.061061166140989,0.0847781139344963,0.263889398220784,0.197864381909577,0.213578638247541,0.245881178512259,0.161133143315672,0.0730540166974391,0.138869140210969,0.146206575321614,0.209815948287131,0.254660364656535,0.0782767000357984,0.0984895053149683,0.153185988628001,0.173984054470595,0.199682261437927,0.237790881680231,0.210899755986516,0.249948583517493,0.0692082113781956,0.117639727106913,0.212079556707884,0.109440062618403,0.0502693586492454,0.159424202767753,0.146035677516504,0.237593089386031,0.130496795744824,0.197387116174315,0.237068216171002,0.204011698600376,0.131406726252156,0.146617670704239,0.231606663783272,0.1078244646784,0.253596167846014,0.258981259001692,0.236624057064231,0.0621946994540874,0.180077806663541
"Acacia_saligna",0.175796097374199,0.182541121062605,0.226747247479302,0.100574211326718,0.163334644320798,0.154746866724037,0.0782122130429062,0.254398913779306,0.13188341152637,0.138834497131457,0.192567942265991,0.255387972335117,0.190212941245958,0,0.19868989385484,0.152712525126211,0.100731334591033,0.202142393647551,0.108086123881594,0.123279072255171,0.253305761193271,0.0790243747601131,0.163845820661217,0.137265499140282,0.209178838896654,0.225785244983233,0.195343044624047,0.208552622177551,0.192354125705222,0.181030646943016,0.0591060689200676,0.209691658680282,0.0400405069504939,0.24318716876052,0.199228798334004,0.237566337456221,0.171431858900587,0.194717374169201,0.201483180496708,0.215275365039911,0.103120239507851,0.0979664161734072,0.233176178540946,0.0814741807848591,0.0900955556301093,0.153166283997732,0.124112765021359,0.184705980836638,0.232775112059693,0.127954322730507,0.127130371119778,0.161361983514324,0.0693883637072375,0.137941951112285,0.163564578529805,0.205511499444061,0.170040907136479,0.19009219747502,0.110323862522196,0.0753611943118539,0.112322046274472,0.164950113651546,0.176149358327883,0.0548424023317095,0.159995188395788,0.245515798999098,0.190360747608153,0.204284709979103,0.180575879312088,0.251898265779662,0.190087387506533,0.0944291036086211
"Amphipogon_laguroides",0.127233643567525,0.178967457547643,0.200221547223107,0.204675942513071,0.194259254212881,0.191784388499381,0.142953536526352,0.220331760933188,0.169026705650907,0.189398953806938,0.220278349293365,0.254913219871248,0.0979255617033715,0.19868989385484,0,0.161384891324578,0.0741898173813904,0.143567984021476,0.236483352004434,0.231621094866685,0.241419337875549,0.135421006885583,0.21678295338848,0.111466658169712,0.131397559815569,0.279649375766422,0.102395565106792,0.117387806788492,0.165043290016018,0.091622886083092,0.12125825360926,0.119920653475525,0.084239166351616,0.286206522109198,0.192035119474304,0.229331183182153,0.252239429121808,0.173887926966019,0.078002313611062,0.136679423219415,0.167768458210095,0.196612912390406,0.259191551166142,0.0706161935746579,0.0929791367015101,0.174780099686117,0.160814816418795,0.221904703647716,0.247296330339253,0.217267421177645,0.238157685436649,0.0795960137887982,0.103388853157772,0.213182224107338,0.088457905863291,0.088971757901247,0.161708016844905,0.157100450807498,0.236894069213286,0.135016437728898,0.201236227809861,0.221082593181055,0.195150515011964,0.131147482870233,0.113516322920152,0.263130683084123,0.147517857001286,0.251878842215637,0.251904904454019,0.250118767303576,0.0987988559400653,0.18338400596059
"Aotus_gracillima",0.125235032503953,0.164522901592962,0.21199431192492,0.167805852992187,0.151374162029822,0.170836632046583,0.11643446848877,0.209483263319967,0.139708758212838,0.158243618437967,0.181931771010005,0.223292163225455,0.170665931735062,0.152712525126211,0.161384891324578,0,0.0883199716896131,0.173346878639772,0.177170741703322,0.195699578908562,0.229291123248618,0.110723411271276,0.182915918084738,0.119801975627657,0.190149212262991,0.237072714280246,0.172866494588647,0.186087043458435,0.188042491766823,0.163278186120606,0.10051409446633,0.185793340669859,0.0663904339064644,0.249402444828331,0.1858300947493,0.203330014329259,0.204123966042741,0.195455519213383,0.169156582940946,0.148762806194619,0.122427616393885,0.158313974924701,0.226380549788703,0.0707687576189086,0.0891150795438485,0.139789827222024,0.14703533552627,0.168411478852308,0.217774144543066,0.168109165109997,0.19512787146707,0.1432926872262,0.0905632460342405,0.178452809548736,0.141266809696639,0.177212129740801,0.177106990654579,0.188223995656575,0.186382874986594,0.103314670051869,0.149437146549711,0.198179557794017,0.194006474540211,0.099194463223966,0.13399550280079,0.24385980072657,0.178055872682558,0.217369015074974,0.217044788884863,0.233166860584576,0.169813064751111,0.139181058255677
"Astartea_scoparia",0.0986877959146452,0.105629753000723,0.10181972654378,0.096487559918555,0.0963796708852122,0.112121885632469,0.0740035291102926,0.123937476861652,0.0984964817374862,0.109304499621478,0.12279947927725,0.133638596191262,0.0688096948655106,0.100731334591033,0.0741898173813904,0.0883199716896131,0,0.0823787019151439,0.100516517407723,0.122182596134495,0.127871432590389,0.0721317966880498,0.0953361650353504,0.0708678454874694,0.0824541949643543,0.137748070227531,0.0702411931249605,0.0768148693634524,0.0868410295334703,0.0653416902157445,0.0553896821160006,0.0802044706948645,0.0372727722439721,0.138183773426489,0.108006496156045,0.122872062790108,0.114302367426895,0.0937588408037623,0.0695935757767656,0.0912390786462287,0.0674531602956645,0.0983087175188555,0.132305748729976,0.0488702513969872,0.0613711590161374,0.0795706229945483,0.087441891035559,0.101821693763888,0.128945522704217,0.0966692190728378,0.113504017685181,0.0590928758343411,0.0584745218211029,0.0941863610759967,0.0695899166748086,0.0695633795718892,0.0909081338115102,0.092725021475606,0.103896154659008,0.059133325374535,0.0891039631868119,0.116473978819234,0.103933388576736,0.056379503954663,0.0839268239546575,0.12520596808168,0.0807264316196334,0.128275395438659,0.124380793907146,0.133882190381597,0.0700871865669639,0.0778732342136726
"Baumea_articulata",0.200726051947172,0.204107879595915,0.138130304398646,0.196336801470253,0.197466463877413,0.220808954481184,0.145524405552463,0.240719587117375,0.192331590393652,0.220904667636938,0.238138914431272,0.25401178965684,0.0831348135127003,0.202142393647551,0.143567984021476,0.173346878639772,0.0823787019151439,0,0.200029664700523,0.242103338343234,0.221875045414539,0.142454798957128,0.200499800438376,0.106396343194794,0.0851592074554682,0.260903562624894,0.0820003860091346,0.0726517671506077,0.117599314659405,0.0756463548044906,0.11120123879424,0.0761449339741112,0.0757043736198673,0.25233703038353,0.22859909309447,0.232658355048931,0.234887926895142,0.15436076393623,0.122333050056736,0.195679982283307,0.137625175514479,0.196027373487303,0.262468568638864,0.089710398357435,0.10498668770059,0.166780306085605,0.164293124582611,0.205568451060925,0.243364408426558,0.198855270857885,0.225372388911522,0.0853878288257334,0.115444127961993,0.192543483081588,0.1337327657734,0.0955126087183945,0.155954699979719,0.152846040104121,0.213582305689523,0.116569207402748,0.1827357645901,0.220291748185994,0.198311622898868,0.116435777287028,0.171476332655111,0.223281159178482,0.104484556443425,0.24752482068419,0.252932772413675,0.254377641172793,0.0775847254408916,0.153505842821396
"Burchardia_umbellata",0.0810958892728988,0.114850357031642,0.190910338673031,0.108701108085147,0.0937018178565856,0.108432309098116,0.0804595807446174,0.152926160736762,0.0893544774813285,0.0927726166376948,0.122008562845499,0.159853387141623,0.228391840491576,0.108086123881594,0.236483352004434,0.177170741703322,0.100516517407723,0.200029664700523,0,0.146547707656008,0.165978115763055,0.0796121625612547,0.15484101453221,0.11582485960972,0.211998044960062,0.161277583084039,0.22827240047202,0.230199769620706,0.193985625382131,0.219045067027297,0.0750670680317119,0.221642352334499,0.0437857133768281,0.167193897826323,0.191580169190756,0.146816956029161,0.19046793865724,0.20781872185034,0.246926440747275,0.149423270352193,0.0892224438564924,0.102620856749815,0.14936939214201,0.0717765922449875,0.0884950551312604,0.0963694040914954,0.128724031411384,0.127146028758501,0.149277815522695,0.134573315473398,0.151170126462685,0.197382888303717,0.0574044162575482,0.156981184972509,0.192442640672926,0.250320311392325,0.20020890570786,0.219899942161378,0.133968865494859,0.0874171382675206,0.104727067128951,0.193486411148464,0.198187668409474,0.0682993158264192,0.161274050329498,0.171449861106836,0.189438887659109,0.152913414664393,0.209120625982731,0.160777948696704,0.222141851465206,0.114642061182095
"Caladenia_flava",0.113543611461815,0.151990427626266,0.244316140124936,0.149195558652124,0.119571011534051,0.149804047555953,0.10375426315019,0.165652765133997,0.119179102321352,0.146910062630923,0.149012388490536,0.181942314460854,0.258901661773887,0.123279072255171,0.231621094866685,0.195699578908562,0.122182596134495,0.242103338343234,0.146547707656008,0,0.199473685984948,0.0978732587145862,0.134269269465848,0.151236304091117,0.261200755050372,0.20585846103945,0.25897540301661,0.271565445250398,0.237531218367411,0.24575646128213,0.0933431182889274,0.269899156723961,0.0483550682382207,0.199753465880562,0.163386643533349,0.159645958207017,0.182020083433437,0.247798584703297,0.254687672019957,0.116536726940045,0.0947061539311317,0.137567506285848,0.170544912753692,0.0858143621807851,0.106004220638886,0.0931576904650439,0.159090411569066,0.120223822616856,0.174795773507601,0.145764228047995,0.177486417462635,0.215992424036248,0.075208114672017,0.172791385656644,0.192990528380331,0.272229676417737,0.231399268273344,0.253825844722398,0.149039173702426,0.0796327947179518,0.113921251410129,0.241659203634,0.220964234841845,0.0744919226513703,0.145201296400342,0.204127111812826,0.235432120992529,0.205684819890081,0.218447939057212,0.184617215212562,0.251992751575862,0.119762395455632
"Caladenia_marginata",0.277840162283794,0.220627851945717,0.129159657062888,0.165242563459461,0.237939015327051,0.234494395238621,0.128471015017361,0.118889255751643,0.221738338545157,0.237716924371229,0.270324810424446,0.115331748428631,0.207786691479354,0.253305761193271,0.241419337875549,0.229291123248618,0.127871432590389,0.221875045414539,0.165978115763055,0.199473685984948,0,0.129131411258178,0.224896966543533,0.139328066572098,0.164771164616614,0.209291401982811,0.203430588159733,0.186762175902775,0.165065303373726,0.196350002401514,0.0882317079973414,0.176363518263422,0.0628265689366354,0.149714559156755,0.224011944258958,0.194464135985144,0.222764700859532,0.208615930363388,0.236063246225829,0.186723705892854,0.154464671155385,0.18001040171251,0.227472535694715,0.128099937696875,0.114289856715365,0.223106666428314,0.176274952456221,0.25354585789826,0.21806114489828,0.157195125853558,0.200629983918712,0.201319491894024,0.110763243552624,0.171532933837733,0.22710712622889,0.223463967039703,0.206138572015986,0.232874011444285,0.184217405402731,0.100756161229033,0.16763041454732,0.20690533258384,0.228432964738479,0.099405549704039,0.230445042459261,0.0975150876709963,0.167124639492282,0.228015429338175,0.237120406376122,0.118843724023851,0.196986957571803,0.123601963587758
"Caladenia_sp_",0.0735263583852706,0.0903217605138291,0.148722789638614,0.0767552683454572,0.0666394492446035,0.0893364013867876,0.0560409508052089,0.109876418189402,0.0687277815804346,0.0855222846523816,0.0792341468001921,0.115464460432265,0.152438888678694,0.0790243747601131,0.135421006885583,0.110723411271276,0.0721317966880498,0.142454798957128,0.0796121625612547,0.0978732587145862,0.129131411258178,0,0.0833780465981602,0.0917045379997472,0.156088425636104,0.114699610170213,0.152079673866926,0.161003556191955,0.141926003476593,0.14481278422954,0.0479299859012846,0.160898682200265,0.0276872027439304,0.122545441290527,0.0977314123024912,0.104931268236454,0.106064628366289,0.14748326304712,0.14979949851301,0.0775713531426815,0.0457012624867966,0.07269548703269,0.106798828875738,0.0505091868054239,0.0654578395337471,0.0576437692233065,0.0919910092139528,0.0775275689153133,0.114035399025251,0.0841161310329534,0.0921681058925059,0.123596909582322,0.0430407923153736,0.0953382914153452,0.113140514655572,0.159906959991922,0.126780188102877,0.146304848879273,0.0846012637528103,0.0455390233077722,0.0686821516587969,0.133984069174361,0.125765708153682,0.0376616926113121,0.0863959449443848,0.128178535926526,0.137678545968587,0.11969614651441,0.116058756925823,0.115073300679749,0.149449468315603,0.0654706006106184
"Calothamnus_lateralis",0.127992033854747,0.153566325565728,0.203284936725792,0.132620695913176,0.156506658669462,0.145000876972261,0.0894881031736424,0.223001191434235,0.127641732987493,0.131598457489357,0.183887539199362,0.231070593224911,0.199741861811166,0.163845820661217,0.21678295338848,0.182915918084738,0.0953361650353504,0.200499800438376,0.15484101453221,0.134269269465848,0.224896966543533,0.0833780465981602,0,0.124592717338217,0.190358983516569,0.227759133004867,0.198611409222247,0.204374292042025,0.185688777420067,0.189546182415025,0.0827924137095067,0.197114098954691,0.0567948394086781,0.22881847200366,0.227128417084205,0.207161137771515,0.212207849403225,0.193475721399876,0.222490137679381,0.204132491218924,0.122341805230123,0.119397042707796,0.218997538028075,0.0797489958473492,0.0876131207558741,0.176834952539753,0.129876826353536,0.19481093770846,0.21642202651787,0.159349089551336,0.159164550855467,0.178469084501534,0.0657417364107301,0.182962560398207,0.186535513630849,0.21998983585762,0.178490638259664,0.204796197602451,0.149855152953748,0.0992372697795334,0.139614044959856,0.182567564184474,0.18670891340702,0.0868257616641508,0.178128014145921,0.225389521667862,0.183611918216569,0.185964022062532,0.205092774692308,0.226575625083115,0.192171186778048,0.123644667288162
"Cassytha_racemosa",0.154468067750421,0.147624448220993,0.115680104821416,0.118459317990422,0.133537824158699,0.153015714681459,0.0902627907071098,0.148619630121449,0.129118107632678,0.15241573750567,0.170275632957644,0.154049550684753,0.0902800605889403,0.137265499140282,0.111466658169712,0.119801975627657,0.0708678454874694,0.106396343194794,0.11582485960972,0.151236304091117,0.139328066572098,0.0917045379997472,0.124592717338217,0,0.0974406447404308,0.163204233620299,0.0923315890525539,0.0930827604505837,0.105012336615024,0.0835482346702117,0.0673916879625275,0.095746588511169,0.0444716162645927,0.15757118510677,0.147848089636253,0.153063821117617,0.146418283265956,0.121077960790847,0.103494376428855,0.120852616577445,0.0847291805026467,0.125724181586891,0.169582967179618,0.0699880242300684,0.0781842364263686,0.114570641906862,0.106675121373601,0.145768991316475,0.165838677362589,0.112346503853663,0.139099719644584,0.081855028203541,0.0746304302418061,0.115211012041356,0.101438427030526,0.0938203120726921,0.115284823728278,0.121935996299742,0.12447466795306,0.0701699360675509,0.109448509830178,0.140199728946309,0.13589440070441,0.0660096809825901,0.122516222360386,0.144531098461336,0.0978332728017099,0.163014126540229,0.15619669995295,0.155539033438429,0.0877282937363468,0.0890256151329704
"Chamaescilla_corymbosa",0.216607256382764,0.208261961804266,0.107515870806268,0.212519058464108,0.206319832188476,0.23817593665069,0.159707269112426,0.180927307047285,0.20557334553996,0.237347209160927,0.244115303127723,0.20481172205608,0.0798911245966255,0.209178838896654,0.131397559815569,0.190149212262991,0.0824541949643543,0.0851592074554682,0.211998044960062,0.261200755050372,0.164771164616614,0.156088425636104,0.190358983516569,0.0974406447404308,0,0.2449724759577,0.0753078088155887,0.0573766020345987,0.112428148008667,0.0764777777275349,0.117492023896401,0.0582303936502177,0.0808083096371458,0.230921555459248,0.200683696047515,0.204285252374532,0.231716604156528,0.162057503650599,0.107687756427647,0.15042550571641,0.135162365114123,0.212281136150957,0.245993168951044,0.0948366675044477,0.103391166726194,0.158546871963121,0.180881509662906,0.206357294649305,0.232866555410498,0.1874833929077,0.241633343510078,0.10100062387557,0.124824131425941,0.19389987573952,0.14656716107833,0.0763687435674627,0.16623832237363,0.163952709260986,0.225259677562341,0.121700413234337,0.187670820423674,0.232148243563413,0.208846432024563,0.122566822724008,0.179472713258692,0.185499764200331,0.0999630668710651,0.247070495715606,0.248383303282229,0.20766132430402,0.0735951884547817,0.165571463773444
"Conostylis_sp_",0.23771841799475,0.220819839045737,0.226577317018921,0.160771920927729,0.213901718190431,0.216212955741189,0.124304907855454,0.214191219839049,0.188960069407277,0.217804299194617,0.251749140823468,0.216447692851703,0.263065740984567,0.225785244983233,0.279649375766422,0.237072714280246,0.137748070227531,0.260903562624894,0.161277583084039,0.20585846103945,0.209291401982811,0.114699610170213,0.227759133004867,0.163204233620299,0.2449724759577,0,0.263469311829444,0.260355912347156,0.232550909682381,0.249475190958905,0.0934547237802673,0.2576265565076,0.0588097155376246,0.221692919610253,0.23916340367926,0.225623406853348,0.233194437586396,0.255043950277355,0.288574067745838,0.221331544477184,0.147400422659334,0.165534271952607,0.239036819388972,0.119784025875061,0.120710548060522,0.201303273377233,0.181466706556907,0.233752749592757,0.240250095352931,0.165173492961794,0.194481427049888,0.233744851878233,0.100279304125807,0.199880337238906,0.248256707327495,0.282503071466427,0.2398509626997,0.268001929337782,0.178935116838871,0.100843861575851,0.153947103929328,0.238177288887466,0.248547538403272,0.0923919090978292,0.232553926491983,0.212562274403592,0.225318430085367,0.238580978361582,0.257388587695532,0.215205663050063,0.251309287966563,0.129183014500314
"Corymbia_calophylla",0.172430475733735,0.194954648912616,0.140121423376196,0.216446443076603,0.195655841008012,0.224146633220777,0.160046052095015,0.206201927669073,0.190229448810007,0.221834574872272,0.228774906868327,0.233273285535768,0.0600329364554507,0.195343044624047,0.102395565106792,0.172866494588647,0.0702411931249605,0.0820003860091346,0.22827240047202,0.25897540301661,0.203430588159733,0.152079673866926,0.198611409222247,0.0923315890525539,0.0753078088155887,0.263469311829444,0,0.0585545819852637,0.126713849782969,0.0590877211412055,0.124830648116876,0.0587566169104724,0.0853035745062825,0.259318934008167,0.196021329255843,0.21795444832249,0.245685722731915,0.163575872140009,0.0744260784647618,0.138669932253043,0.145459959659143,0.213261140156166,0.253713783092859,0.078601074998011,0.099722365051686,0.152147143467946,0.173187106146007,0.200141869961413,0.235299016742081,0.213079081275771,0.248491666396564,0.0695397978299087,0.119078257761591,0.208337536097948,0.11277130619251,0.0505621616159955,0.163175957168392,0.146495803235904,0.237989102984334,0.129658048187059,0.19815687637645,0.236013642067692,0.207903948970215,0.129150491308735,0.152814616050222,0.226370991768098,0.108988387618895,0.252106033790902,0.258167971247341,0.237802261976383,0.0630236535355978,0.179272902446693
"Dampiera_linearis",0.198192299708432,0.209313478096487,0.118163045238056,0.222613684974968,0.204595162770666,0.238234361263432,0.166177651327455,0.196993492470376,0.205542333936299,0.239556133887646,0.24413258233023,0.224657239379931,0.0607141483661954,0.208552622177551,0.117387806788492,0.186087043458435,0.0768148693634524,0.0726517671506077,0.230199769620706,0.271565445250398,0.186762175902775,0.161003556191955,0.204374292042025,0.0930827604505837,0.0573766020345987,0.260355912347156,0.0585545819852637,0,0.115562474297746,0.0585672803128139,0.126879606320284,0.0394593993633704,0.0863341921304401,0.255231952796294,0.205479487772944,0.215969986704695,0.246693971579596,0.164561149717897,0.0883047556135124,0.145542039919465,0.140251035868188,0.221619990558464,0.259458924016367,0.0901372904562696,0.106345159539252,0.156138701888416,0.181396462140555,0.20727454908907,0.242120127668521,0.208150305726839,0.257107859036728,0.079162412289349,0.126649567575218,0.210698491933256,0.134171260957298,0.0550397279401797,0.168602766714594,0.156523642968575,0.241976331143309,0.131280947194345,0.201516987848637,0.245844898890881,0.215105101597834,0.131948338135085,0.173458703043329,0.209759172497107,0.0976716737170402,0.258334069046958,0.264689003535009,0.230326163346669,0.057442850799109,0.180333227138333
"Dasypogon_bromeliifolius",0.201897673931793,0.197264930659704,0.130074438279027,0.197522024846075,0.193122367393803,0.22001509429256,0.147143802496225,0.179604401444897,0.189543220553861,0.222937488618095,0.229002853307388,0.197706422299709,0.128279336846638,0.192354125705222,0.165043290016018,0.188042491766823,0.0868410295334703,0.117599314659405,0.193985625382131,0.237531218367411,0.165065303373726,0.141926003476593,0.185688777420067,0.105012336615024,0.112428148008667,0.232550909682381,0.126713849782969,0.115562474297746,0,0.12191706763283,0.111091741173057,0.111713820817209,0.0759700631795222,0.21872842355876,0.205698048626312,0.197971075259145,0.221045091550607,0.179109822130858,0.153359459464775,0.156356627916273,0.124578568627898,0.195986208041778,0.231279496389552,0.0913093509773104,0.101579499238677,0.152494151893827,0.170931719666895,0.192349574004955,0.219007069708144,0.17951657398082,0.22678967067161,0.129079632832242,0.115684576182205,0.189294580723737,0.160792703258387,0.133853622119049,0.178140123177678,0.174602607175945,0.206876519010617,0.112071304260641,0.172536960036553,0.221170151572989,0.207624471549266,0.111708523341467,0.182283684985067,0.183192466661381,0.123665282661371,0.231417303516658,0.238057838894457,0.201443278247464,0.124912530087395,0.151943046725322
