"","X_Briza_maxima","X_Briza_minima","X_Bromus_diandrus","X_Carpobrotus_edulis","X_Ehrharta_calycina","X_Ehrharta_longiflora","X_Gladiolus_caryophyllaceus","X_Hypochaeris_glabra","X_Lolium_sp","X_Lotus_sp","X_Pelargonium_capitatum","X_Pentaschistis_airoides","X_Pinus_pinaster","X_Pinus_sp","X_Solanum_nigrum","X_Sonchus_oleraceus","X_Ursinia_anthemoides","X_Wahlenbergia_capensis","Acacia_huegelii","Acacia_pulchella","Adenanthos_cygnorum","Alexgeorgia_nitens","Allocasuarina_fraseriana","Amphipogon_turbinatus","Astartea_scoparia","Austrostipa_compressa","Austrostipa_sp","Banksia_attenuata","Banksia_ilicifolia","Banksia_menziesii","Beaufortia_elegans","Burchardia_congesta","Caladenia_flava","Caladenia_sp","Calytrix_fraserii","Cassytha_racemosa","Cassytha_sp_","Conostephium_pendulum","Conostephium_sp","Conostylis_sp","Corynotheca_micrantha","Dampiera_linearis","Daviesia_sp","Desmocladus_flexuosus","Dianella_divaricata","Dianella_revoluta","Diuris_corymbosa","Eucalyptus_rudis","Euchilopsis_linearis","Gompholobium_tomentosum","Gonocarpus_pithyoides","Haemodorum_sp_","Hibbertia_hypericoides","Hibbertia_subvaginata","Hovea_pungens","Hovea_trisperma","Hybanthus_calycinus","Hypocalymma_angustifolium","Hypolaena_exsulca","Isolepis_marginata","Jacksonia_furcellata","Lagenophora_huegelii","Lechenaultia_floribunda","Lepidosperma_longitudinale","Lepidosperma_sp","Lepidosperma_tenue","Leucopogon_sp","Lomandra_haemaphrodita","Lomandra_preissii","Lomandra_sp","Lyginia_barbata","Melaleuca_preissiana","Microlena_stipoides","Microtis_alba","Microtis_sp","Patersonia_occidentalis","Pericalymma_ellipticum","Phyllanthus_calycina","Platysace_compressa","Podotheca_gnaphalioides","Pterostylis_nana","Pterostylis_sp","Pterostylis_vittata","Rutaceae_sp","Scaevola_sp","Sedge_A","Schoenus_pedicellatus","Siloxerus_humifusus","Stipa_sp","Stylidium_repens","Tetratheca_sp","Thysanotus_manglesianus","Trachymene_pilosa","Trichocline_spathulata","Restionaceae","Unknown_native_shrub","Xanthorrhoea_preissii","Xanthosia_sp"
"X_Briza_maxima",0,0.00779434890663808,0.00881659526357622,0.00932690484357291,0.0193882082098863,0.00821776256745778,0.00960408113729929,0.0175617793223538,0.0080590923665223,0.0102444449343497,0.00895637986534996,0.0135203555766713,0.0181314529784792,0.00992724682517329,0.00719200878618853,0.0341332103129997,0.015124232999275,0.00429387183063419,0.00910030467623147,0.00909323737851287,0.0150398289637704,0.014368845438818,0.00651032236326379,0.0181003431985885,0.019693921253307,0.0136293870576209,0.00666228481608356,0.0216296016368701,0.010804807743778,0.00976249199068256,0.0162918582310829,0.0196538026278925,0.0240245405782971,0.00485930768264542,0.00986121612236632,0.0164564605441449,0.0107208200248853,0.0075665073867846,0.00847576100773547,0.0111446281861044,0.007849794832717,0.0267353614266365,0.0112511895289877,0.0151226774180176,0.0269302324335709,0.0169250005969431,0.0104476502731783,0.00830337754251083,0.0162413312413709,0.0186984847704474,0.0181995143743853,0.00758891591996662,0.00728711601050543,0.0240817948278605,0.0135371807602034,0.0294395571173573,0.00926223495156079,0.0111552904576686,0.017206262523587,0.0122595572534924,0.0213503271389198,0.0171452197846215,0.0177410728125725,0.00473981541964918,0.012267420083545,0.0178841784192822,0.020684018533853,0.00546334748948198,0.0232411763343376,0.00511525020414648,0.0128000537597367,0.0148643967467088,0.00646266095980164,0.00619362480832723,0.0108634623004413,0.0154318511876789,0.0114957159889046,0.0159187494728706,0.014477434962349,0.0277425386482423,0.0105796701174067,0.0134996940707511,0.00729155530034542,0.0121725806056493,0.0124697491374895,0.0231954455676524,0.0179218220684719,0.011040965912769,0.0166246053553021,0.0129877979628227,0.0128350334663547,0.0176702581434737,0.0196140535236995,0.00674574965572108,0.0212232528498532,0.0110306291048005,0.0102053025318857,0.015777599087453
"X_Briza_minima",0.00779434890663808,0,0.0103768615665877,0.0185878093511057,0.0345740311778021,0.0229778030778315,0.0291443714538417,0.0207545538229808,0.0265825583572047,0.0206674897000615,0.0169888686271659,0.0241881316635884,0.0527486711784474,0.0123586394346704,0.00870213748956681,0.0282844354148969,0.0357640578538104,0.00517456270025492,0.0169431420845614,0.0509767325458287,0.0399939681739633,0.00860221371663626,0.0067572199733566,0.0163460379654008,0.0425334843585427,0.01384925571655,0.0160977476638987,0.0133859522930223,0.0416586554725463,0.0142503099665336,0.0187601302735826,0.0387942210350826,0.045614247087321,0.00435856268852612,0.0203028924951702,0.00936565624602633,0.038157010797669,0.00458798602897818,0.00939257239230681,0.0435620648378352,0.00594029730516409,0.0861773891840612,0.0173950988962159,0.0155321369639321,0.0589725487368694,0.0592450413688008,0.0112079299009993,0.016475540786734,0.0249424687657747,0.0471821141266261,0.0139825095146626,0.0200045955877456,0.0108525787226554,0.0656121818008339,0.0199690091043642,0.0247277682553452,0.0207863804841224,0.0189829006733182,0.0229302750850212,0.0211645526115436,0.0480816082671246,0.0548709690864321,0.0538103921857527,0.0105822607153915,0.0238714472181171,0.0192821298382557,0.023792517634788,0.00942134629973272,0.0375029537131044,0.0417775449555926,0.0186446776595017,0.0381585488287055,0.00861778468975513,0.0172649585180415,0.0155312824416926,0.0199159274921261,0.0171316626366665,0.0165773317245812,0.0231365208450001,0.0318674703123335,0.00833199930556894,0.0181766227065286,0.0184108947907348,0.0127284983795281,0.0131704706755878,0.0558976209931192,0.0127886351582103,0.0190626827864502,0.0302015413644628,0.0101188831612772,0.0224162568372041,0.0491723185969484,0.0507697531070073,0.0101954420973733,0.0192801062945834,0.0096099126090412,0.0378983195763898,0.0241788089930188
"X_Bromus_diandrus",0.00881659526357622,0.0103768615665877,0,0.0285646543968783,0.0987538043861367,0.0527070340917344,0.0896196283940869,0.179170218550482,0.0214434305626812,0.0743168123828383,0.14316542389897,0.109783677904811,0.0469591761331747,0.146748722315412,0.0602652973257636,0.0313867022692636,0.109003572234212,0.0366934881790197,0.0302753054388377,0.120277092227579,0.0628545363027985,0.0389196997428872,0.0239966980526099,0.0388338348295915,0.113901475879039,0.10115054079915,0.0396373263586853,0.167186039945108,0.216616541056496,0.150827498993074,0.192123293811813,0.147774407517405,0.16595600509965,0.0262139514794759,0.0303947643123996,0.0809612038949299,0.112927590438363,0.0129808369385311,0.0239419014266969,0.122997521414982,0.052139010163237,0.0694729663430206,0.0557653793087893,0.158156571394231,0.104378178192398,0.108751292132313,0.0566541975826986,0.223910973643901,0.174755799532687,0.100621152141895,0.0625039763746453,0.0518116242734424,0.186899856631241,0.169006731993083,0.0361317149957995,0.033533499660453,0.118657633426374,0.120733499678293,0.155332093459651,0.0760410301014596,0.130518539464829,0.188135988147874,0.0742643233002837,0.0313999860046501,0.0835072364146438,0.0448951733372292,0.109081982497053,0.0159683866013834,0.0954409674796263,0.0663324519851385,0.113318172597697,0.078517233534857,0.0488534010235506,0.122493866438449,0.0440636813678041,0.0732651220873601,0.178972091500691,0.0353016147217711,0.0679461639186245,0.202945854735261,0.0440335237430749,0.0860496599276036,0.0432752469044205,0.0521021116464146,0.0438753251973507,0.115114871229649,0.11853916623065,0.0559752483072807,0.0946348626076319,0.0522169320340879,0.0450147843093757,0.144704394595383,0.183560345565215,0.0156837539188677,0.104131766814535,0.0222965023819958,0.180455130087403,0.0431340196079878
"X_Carpobrotus_edulis",0.00932690484357291,0.0185878093511057,0.0285646543968783,0,0.0612461790450083,0.0218026855311582,0.0418212616241068,0.0462641687396783,0.0269367799020785,0.0123053504936506,0.0366288036861587,0.0477149892457649,0.059216808005558,0.0150814319076233,0.0107580110876958,0.0307463991541378,0.0406907174388591,0.0134989936893372,0.0257385821117316,0.0414683418154004,0.053746090301626,0.0186336458971937,0.0119089867567312,0.0246401335880345,0.0665838689003551,0.0307492071582328,0.0193523897276258,0.041311878297295,0.07858788756882,0.0545105236685087,0.039563416681115,0.0431677434333559,0.0538113870738818,0.00986604061417561,0.0233722226045277,0.0429700334885743,0.0319131383336163,0.00862300900934319,0.0149039833811632,0.0304615931048974,0.0130044216107122,0.0940051920483771,0.0191566411523003,0.0348277637518041,0.0656687404887175,0.0590828169184169,0.0217038632518538,0.0479073122546351,0.0389825619710364,0.0346144488734592,0.0175231261653607,0.0210348242425873,0.0478929279579823,0.0797484612609352,0.0219560765913539,0.0247814145362032,0.0175037373793988,0.0495931963284535,0.0625922763364888,0.0235515303973219,0.0666021622675798,0.0542452621509198,0.08526831085833,0.0141866689737789,0.0630484804797342,0.0262683465940139,0.0482303572600909,0.0146355665276495,0.0514981288221475,0.0112884657750055,0.0475877553418769,0.0464838744038733,0.0159171021925976,0.0308653787925287,0.0213843919066213,0.0419282522406445,0.036833528654224,0.0196778536134537,0.0363475341051486,0.0526038472086578,0.0144261497481205,0.0219687049871487,0.0167257125184464,0.0123968534129607,0.0240227190160383,0.0579172167151187,0.0325034691501384,0.0554660819746831,0.0350306917623481,0.0141600769866052,0.0217042299945346,0.0774907757889572,0.0472301261500884,0.0150590692982241,0.0384154733471058,0.00740398061521732,0.0735996640875002,0.0323997193907055
"X_Ehrharta_calycina",0.0193882082098863,0.0345740311778021,0.0987538043861367,0.0612461790450083,0,0.040330335666179,0.0961052099770166,0.104062487413,0.0464674727634375,0.0422392057623446,0.0996772320241304,0.128930666895435,0.0945843465196742,0.0734565023431966,0.0366644373780958,0.0468169601939482,0.0721903126269986,0.0354755695725297,0.0696709367649631,0.0930378669653773,0.0718549545208355,0.0574007553805692,0.0328823886263212,0.0525883195189209,0.144589632692328,0.0873030459628771,0.0431010903197769,0.157253362269274,0.201324710029562,0.13833082447882,0.119798773256906,0.138506318119177,0.106218489530814,0.0255877738639056,0.0594092230018026,0.131531680851444,0.104811963326921,0.015032040095007,0.0340749381965765,0.0604783848673685,0.0545009990745055,0.104281862451886,0.0499542904298558,0.12926685900809,0.114884364047372,0.0803254423696385,0.0660689347405669,0.139679328162398,0.128724840728618,0.118048829328883,0.0498407498117565,0.0355447767800292,0.1345000766784,0.130098287621686,0.0562403128528288,0.0653224637841404,0.0988107932322424,0.120150026082722,0.151080071189534,0.0737862149880197,0.149321800466533,0.17270222915842,0.128294133715552,0.0414227739508985,0.157794206129015,0.0467675708389312,0.14206817671346,0.0297384091132829,0.121343813806834,0.0661928026399079,0.153315841064736,0.072057361440925,0.0620282909355027,0.0728593206524373,0.0353412103596717,0.0802752292746524,0.145781795781135,0.0570058754209517,0.0822895206098791,0.105035072640747,0.0453514173193004,0.123743303336362,0.0381111128863884,0.0630332454234489,0.0434865846109738,0.127570880370008,0.059453856410685,0.130644118219859,0.110387233551453,0.0289713884142989,0.0454711407264941,0.161318778119749,0.0990224097240906,0.0541555237930204,0.0931547364000907,0.0345845504435041,0.174608886674464,0.0588105542494806
"X_Ehrharta_longiflora",0.00821776256745778,0.0229778030778315,0.0527070340917344,0.0218026855311582,0.040330335666179,0,0.0593823868209311,0.0801281684478736,0.0277309757505524,0.0506035360798263,0.0548007426429806,0.0840707910673004,0.0688776211753598,0.0522015342489507,0.0291132523317883,0.0491686915382608,0.0384572738716249,0.0187982633762744,0.0315999369371612,0.0652988350522694,0.0333597126956772,0.024971714946886,0.0146409421332018,0.0205182295936678,0.0766436224713876,0.0444390783315481,0.0165252192810616,0.0716736175645833,0.104400181316093,0.0815178786239924,0.101002594590933,0.0787390606899646,0.0761443964260568,0.0110919945961801,0.0261645077835648,0.030134131958201,0.0623187932597301,0.00759799664705451,0.014602421585509,0.0516160601107524,0.0146320933933767,0.110907602360813,0.0273148556174754,0.0821247986728705,0.0576935037138955,0.0646652130716392,0.0253798863174979,0.095825966363316,0.063887386324223,0.0587020951373176,0.0389345520530399,0.033525609900654,0.0817351538914037,0.0602865165201201,0.0182263521714005,0.0285521806119846,0.0408422356742826,0.0710062636232598,0.073158314285143,0.0324585508619811,0.0867878311165295,0.0885726573261399,0.0638904225509689,0.0298898636268974,0.0877029717568727,0.0234130282497295,0.0572612104668671,0.0112405882966645,0.0375029617693389,0.0514282209788575,0.0570021944186165,0.0488361773757575,0.0168069101455171,0.0497160905668515,0.0309963671600083,0.0452316571203153,0.0778354847884678,0.0150671615087486,0.0398775263978009,0.0864429569475667,0.0215157286541996,0.0681906122432725,0.0379031252220571,0.0267586353753322,0.0119992254439295,0.0451663063024463,0.0316386369532027,0.036473331261288,0.0661666977060821,0.0247385101009557,0.0432727089301878,0.0432493900040809,0.074833894057156,0.0200460489958874,0.0617903963179241,0.0206801640921199,0.0998730907476534,0.0205135197698508
"X_Gladiolus_caryophyllaceus",0.00960408113729929,0.0291443714538417,0.0896196283940869,0.0418212616241068,0.0961052099770166,0.0593823868209311,0,0.138993221888403,0.0496129930987726,0.0770718478199708,0.0933723983274263,0.0817921542274954,0.0955414818938911,0.0924518837869786,0.0477197880141506,0.0227290453484964,0.0937474067799811,0.0302867144668195,0.0311752093152469,0.137808193334769,0.089706138169173,0.0286725003905971,0.0171830205767516,0.0234123057494985,0.10380228243071,0.078102333073059,0.024810907189416,0.121344238438572,0.143483071058493,0.122286391201457,0.141267143875698,0.121293302845934,0.14208764421666,0.0245055672076243,0.0328784521718988,0.0512951325092135,0.0529982223128372,0.0128396509863959,0.0213233073517914,0.106915574578531,0.0352755140855651,0.1593899108488,0.0515583547994957,0.115385516255937,0.114111243715171,0.120265023341781,0.0343228388007941,0.152195032110572,0.131601364319333,0.090433696739758,0.0497313856625461,0.0436928252599148,0.126731451431693,0.199467780439669,0.0349353816244817,0.0403762363723909,0.0649170791554112,0.102804652333807,0.106238555268935,0.0629780659386822,0.129897267224516,0.157997515962449,0.114024765297338,0.0503408576503941,0.087396900472955,0.0411776312349138,0.0698328801975464,0.0191759885918559,0.0763675095565271,0.0534678165156505,0.0778139203574442,0.0630979922440874,0.0342591587584106,0.0708024673761772,0.0506241958390051,0.0641396200312227,0.116973476430851,0.0390987801540092,0.0827889629585087,0.148092184860062,0.0311758171507054,0.093753900746002,0.0453281330883424,0.0344303058554865,0.0416561758475798,0.0958154484770023,0.0736024860936693,0.0850115348668614,0.0817419034505345,0.0363731572022454,0.0563475801729909,0.144085592739033,0.15543103855349,0.0182456038893207,0.0870267216746071,0.0291810369981345,0.133925501291336,0.0441934374505863
"X_Hypochaeris_glabra",0.0175617793223538,0.0207545538229808,0.179170218550482,0.0462641687396783,0.104062487413,0.0801281684478736,0.138993221888403,0,0.0536573323917871,0.12558885129574,0.187438831267206,0.148613459139937,0.0870906159681149,0.122716999302046,0.0904569679053842,0.0603595787015022,0.177590187134581,0.0658526030480157,0.0619259458739547,0.196930726296305,0.1171470615233,0.0960625234192435,0.0320787013083164,0.051195568217217,0.120404200444729,0.167471298027432,0.0519364060754319,0.19829392577312,0.199008777141048,0.167038161944509,0.179859428494856,0.22614098973755,0.299366291609643,0.0444710071570326,0.0328988491576853,0.103862352730606,0.157710383245941,0.0267076393173395,0.0317216998856325,0.207501560825423,0.0946443941124503,0.137647138556633,0.0918424597427419,0.133502862039937,0.200762555596203,0.205304614776368,0.0740338636982161,0.223748245009184,0.221812835605686,0.165338515380301,0.0694483616381294,0.0976713819747235,0.215028392912331,0.320281458889464,0.0516820124653633,0.0695254653925926,0.112905679755822,0.154370817169869,0.0943154037883313,0.12043021590649,0.15858012767352,0.29000098562956,0.118380207198622,0.0903309545434608,0.160603964411832,0.0615979970466436,0.100788276524806,0.0395891608000425,0.189231979228859,0.111045971481261,0.17635649645905,0.0900237166621058,0.0755138394698275,0.0739053986448392,0.0808376436498471,0.0884023562189377,0.15793470629351,0.0372230071013662,0.146370929257276,0.309914444504747,0.0843268123811961,0.155359347036631,0.0659459773429239,0.0476530475485875,0.0552117352510529,0.221068789702267,0.22382961032151,0.0920037710037361,0.135932717752325,0.0766321923474179,0.0782725855763936,0.251667320357348,0.281432420338905,0.0290084532531281,0.19874228750765,0.0452204807893783,0.170265021386739,0.0460140866383051
"X_Lolium_sp",0.0080590923665223,0.0265825583572047,0.0214434305626812,0.0269367799020785,0.0464674727634375,0.0277309757505524,0.0496129930987726,0.0536573323917871,0,0.0318505439040425,0.0378508766657478,0.0211792909214883,0.0693907265427692,0.0275485581514722,0.0151009039757227,0.0141168887030353,0.0523398941501324,0.0121951655822555,0.0322018068035675,0.0812448711806025,0.0564240778152251,0.0126432187155912,0.0138725569375806,0.0259299289787414,0.0680915418556325,0.0317385375449342,0.0210219287471627,0.0491385915135041,0.0640304086758327,0.0489380455137027,0.0508792125681637,0.0421115873295509,0.0671124939500397,0.00714510186222406,0.021545237502471,0.0300808068354792,0.0448858160007473,0.00909090468622116,0.0131756108290734,0.054994596933648,0.0259706878331823,0.0950461699334664,0.022724269379534,0.0485929342771754,0.0781511704886092,0.065364561728199,0.0162037205138248,0.0540195508288706,0.0468403443248301,0.0380262939170934,0.0144975008805152,0.0254473901459447,0.0565832213445321,0.0891255801148023,0.0223823489997289,0.0191319750986053,0.0268363297499201,0.0501221918735668,0.052597684006268,0.0339152883474659,0.0801286120532178,0.0719356836386569,0.0731985232921743,0.0243555117567926,0.0324821711872128,0.024019695804898,0.0497320435126537,0.016037433899729,0.0429667958071886,0.0420261204794732,0.0256689317843246,0.0558087831749481,0.0229831817151278,0.0260014089598941,0.0200321529584916,0.0395074267719069,0.0423420972750824,0.0218184173581602,0.0449435821420229,0.0617355839633099,0.0184279857796724,0.0350206566641542,0.0140882534471126,0.0254489319243365,0.0238627982310505,0.0786311258803647,0.0352965259293957,0.0409885683683291,0.0382896540444623,0.0140965864889608,0.0290207029990189,0.0751049557137045,0.0709036709457017,0.0132055943521163,0.0488165349128126,0.0102880076300654,0.0721944362453369,0.0337679796076666
"X_Lotus_sp",0.0102444449343497,0.0206674897000615,0.0743168123828383,0.0123053504936506,0.0422392057623446,0.0506035360798263,0.0770718478199708,0.12558885129574,0.0318505439040425,0,0.0892140281893062,0.0732902681824003,0.0625172970664019,0.0626342031671,0.0455809443602567,0.0214464833996575,0.0646836975050871,0.0302307369194048,0.0203941788504542,0.122119083769504,0.0454629674927173,0.0276024956949695,0.0132923249691426,0.0320013171633035,0.0986722422659003,0.0396662940316088,0.0164733478733413,0.1222324138204,0.165808872915468,0.122080508710951,0.11603865202235,0.0979103687903196,0.139804791264337,0.0110128274357695,0.0258290237460314,0.0551648022645784,0.0654631075376545,0.0121233893569593,0.0170916587431382,0.086969487357823,0.0238092854123521,0.0651199967469934,0.0305641596309438,0.100494168145705,0.0464875730801752,0.0849336395555317,0.0400325057809297,0.138360452599586,0.112197686533505,0.0843336997792406,0.0287927425781777,0.0342677146354909,0.120716025219487,0.118740941009374,0.0188897797860975,0.0181561260397578,0.0663083755218686,0.103715142646546,0.0787100061505348,0.0287153796296413,0.0911334243375307,0.163640627286226,0.040638671183906,0.0607912420583695,0.0616079012773838,0.0285190824595147,0.0513429196073473,0.0132779008080466,0.0497539298042839,0.0652906401243342,0.068320454560556,0.0460967540019116,0.0212243000816171,0.0539443446805521,0.0368097169357574,0.0656647679915562,0.0997622894091941,0.0218003366585687,0.0693314358904016,0.117178228641099,0.0279805287620187,0.0967957543783952,0.0368372169754159,0.026592465529675,0.0177588601653613,0.0522714909999389,0.0710406061939763,0.0328334089399833,0.0563956679423276,0.0202942318307403,0.0568526446534158,0.0682794985735302,0.106711464761082,0.0141155545345981,0.10741573516862,0.0201165106225328,0.117614486985196,0.0227747080570522
"X_Pelargonium_capitatum",0.00895637986534996,0.0169888686271659,0.143165423898969,0.0366288036861587,0.0996772320241304,0.0548007426429806,0.0933723983274263,0.187438831267206,0.0378508766657478,0.0892140281893062,0,0.125717481149052,0.0808333674356647,0.136919566781575,0.0626021739496452,0.0400097129976507,0.131721006296088,0.0399086195761965,0.044195107570681,0.151969208462563,0.0964352111290833,0.0528901685150247,0.0356488688933379,0.0504768207679662,0.102268913748448,0.113408408768108,0.0405564475684106,0.163169188781083,0.187275118083236,0.144175453431755,0.1902777481774,0.130920204861843,0.19123444489247,0.0317002383393054,0.0283684564232365,0.0714638081175337,0.115944594341549,0.0111175810592907,0.0295042597240714,0.129649562706951,0.0586531405137733,0.133261685614726,0.0556202615950116,0.139920299358764,0.145388375208631,0.148896814668918,0.0470139102863209,0.203530636063923,0.181377802621105,0.113699284191013,0.0620286190970786,0.0668173563679902,0.181381171801605,0.211430812100219,0.0361654592718063,0.0540647854699067,0.113950726311711,0.111185174631327,0.145708347658406,0.0855074065642724,0.12799039599278,0.191512232686738,0.124102956961508,0.0570691951233183,0.126671775849591,0.0458177058135157,0.0961337079279157,0.0284959728213732,0.132373542849705,0.0835969556593334,0.133937734186805,0.0936157337958247,0.0513469762564783,0.116548334823574,0.0539238722967961,0.0611784863035593,0.166820108223137,0.0382264030977853,0.119551176776064,0.232255463718615,0.0462148283490624,0.0927481264936626,0.0389777850525172,0.0528364291593318,0.0474478579260084,0.118354919449135,0.122164569575693,0.0839563493783219,0.104453887052645,0.0497163511339559,0.0515464760025405,0.208766502447584,0.207974351724545,0.0438877071322142,0.124435244833221,0.0295671018821357,0.164043763620464,0.0317437753968556
"X_Pentaschistis_airoides",0.0135203555766713,0.0241881316635884,0.109783677904811,0.0477149892457649,0.128930666895435,0.0840707910673003,0.0817921542274954,0.148613459139937,0.0211792909214883,0.0732902681824003,0.125717481149052,0,0.103502264059988,0.0535350814489886,0.0368170988972172,0.0980479917378476,0.090522384205487,0.0418593081505972,0.034431290901009,0.16880485615816,0.105418260376054,0.0577126562901833,0.020945201421088,0.0405896787386387,0.117605295659464,0.0454047652891236,0.0445515196882283,0.144728988606525,0.238702507558239,0.161796691191352,0.093546163404674,0.174654458695415,0.209537114266344,0.029651383029805,0.0410210656721721,0.112562035572117,0.124511940439441,0.0189494193579788,0.0377931062924886,0.0842418146359063,0.0278840418826957,0.166783783893067,0.0449100140312233,0.106470835344157,0.119324661486855,0.177931350326213,0.0804202054374184,0.199008054895061,0.165927410036871,0.191905611200492,0.0600361410806399,0.0583743528373246,0.164005836976243,0.181375068944872,0.0365975083293738,0.0531488529928481,0.127534955216936,0.142470657456531,0.121106773018064,0.0535774543581528,0.0980628899449712,0.244946136123855,0.124052206091365,0.0609367465562494,0.215936755918431,0.0441212343995983,0.0682314304713359,0.0318755109549347,0.130229653802743,0.113368891410866,0.149423406971689,0.0553097921432674,0.0354394192548708,0.065918031281424,0.0652305069143665,0.0935911251885307,0.103972617439962,0.032802176334695,0.0704881265975692,0.174713847285151,0.0197347887048813,0.107952297779061,0.0606737459359608,0.0290938046296322,0.0330184907511205,0.065806074481891,0.050406799466062,0.12813507436844,0.137550118472782,0.0299696409066598,0.0563666229950861,0.133112239560265,0.13801564996378,0.0158642291796189,0.0955165699985841,0.0304165248390765,0.143928975060223,0.0312743898047752
"X_Pinus_pinaster",0.0181314529784792,0.0527486711784474,0.0469591761331747,0.059216808005558,0.0945843465196742,0.0688776211753598,0.0955414818938911,0.0870906159681149,0.0693907265427692,0.0625172970664019,0.0808333674356647,0.103502264059988,0,0.0886497744056972,0.0349174132721537,0.0499561805214022,0.128393651421667,0.0449430585111924,0.0870258449167351,0.178959341341018,0.109789337477868,0.0730476025032195,0.0378573308841013,0.0504198182459088,0.135366533256539,0.0967838353206376,0.0359967987194452,0.131574166388109,0.154904977811702,0.144130742466049,0.156607292930782,0.0863349504018621,0.177698537173256,0.0297875804293428,0.0517151837272618,0.134016567825328,0.116174415990107,0.03161486463559,0.032257517819685,0.10110930386157,0.0505405298800118,0.208028113994206,0.0427907943796424,0.154058482285323,0.176313845563059,0.158783986198957,0.033403318745992,0.154844569700627,0.114397583426779,0.134039494427185,0.046076217989812,0.0592604736454707,0.0824648390057571,0.19281585646029,0.0664552916489539,0.0512354984923438,0.128614261379957,0.129788246212402,0.14322005284432,0.083049323983772,0.205219790714083,0.180123112102537,0.166555664249951,0.0243032127356216,0.101026885242121,0.0368019157121206,0.179791946309029,0.0297624471454177,0.144658141786336,0.0871194452101645,0.104286415093454,0.110608764229303,0.0402244579199336,0.0930472585952642,0.0317164324958852,0.0745974322022091,0.151241103193786,0.0420782807957353,0.0935728610996049,0.151569535910958,0.0682964569393203,0.11809563748834,0.038978335354652,0.0659448814222777,0.0384208131892111,0.18423587443981,0.0985314862683963,0.088792939830394,0.13077401194228,0.0313087332445287,0.0942955383143399,0.163973623048138,0.157457586824926,0.0764017893103173,0.0453808328297834,0.0334948450770095,0.184476465891658,0.0583571263442813
"X_Pinus_sp",0.00992724682517329,0.0123586394346704,0.146748722315412,0.0150814319076233,0.0734565023431966,0.0522015342489507,0.0924518837869786,0.122716999302046,0.0275485581514722,0.0626342031671,0.136919566781575,0.0535350814489886,0.0886497744056972,0,0.0637288329865042,0.0285652096845979,0.0644069179070018,0.0400357972414616,0.0801679739177792,0.122096926573795,0.0233173217860362,0.0270154569179664,0.0267728582682501,0.0336874926298685,0.157218253644369,0.0611653597901607,0.0319664283010423,0.194753993189234,0.233306218998452,0.185237851607702,0.215124784768406,0.136870231507629,0.0967106174357651,0.0222365259614972,0.0241117944272791,0.0808027370595,0.0504801669302097,0.0101864723172564,0.0331146117127805,0.0717643904650888,0.0176820356081877,0.155756813293302,0.031727755648035,0.196266382288599,0.0791886996964052,0.0429044016410077,0.0376328253809826,0.240995340845015,0.136017998064335,0.0555568805985966,0.0588440670726492,0.0637138668870614,0.213262373728004,0.104103203999265,0.0444690697879685,0.0313234286758793,0.124562690135029,0.152886174710319,0.177293387765055,0.0268754971222594,0.166398424445039,0.171634075184019,0.104410742977359,0.0290850231290059,0.0346489364666643,0.0340870513497063,0.155343262151135,0.0228167096735806,0.0662387723557245,0.0856020971103682,0.0452314424805445,0.0822710013394806,0.0144013927329836,0.126831566647018,0.0389089934655566,0.0894494148065192,0.209242841555285,0.0278103430401557,0.0544250781512299,0.132669860388798,0.0205037678723494,0.101610946018144,0.0413671039599927,0.0931927996854021,0.0177633794881068,0.0735063634755921,0.0443681107081161,0.027138140910459,0.109667333380763,0.0488997167451548,0.0614102092211758,0.0575939080621202,0.120560008107805,0.0253943178034141,0.12061824099762,0.0161615832831379,0.245237307677557,0.0258383630375305
"X_Solanum_nigrum",0.00719200878618853,0.00870213748956681,0.0602652973257636,0.0107580110876958,0.0366644373780958,0.0291132523317883,0.0477197880141506,0.0904569679053842,0.0151009039757227,0.0455809443602567,0.0626021739496452,0.0368170988972172,0.0349174132721537,0.0637288329865042,0,0.0173142719050879,0.0467832556852883,0.0179637158232966,0.0195925517112664,0.0600289704609687,0.0326680894603057,0.018906082108017,0.0117837917172537,0.0238960612275726,0.0498983769600399,0.0481399064335077,0.0181976634659095,0.0810571063795909,0.0972686142611547,0.0729004217932514,0.0940129616953338,0.0615623697023944,0.084128424466437,0.0125067481743178,0.0177571217201501,0.0300468523913394,0.0414935536248808,0.00972324637480064,0.00905404037309381,0.0592182711030673,0.0207330584790125,0.0456665537045998,0.0255434860729427,0.0816251850860106,0.0505178837990484,0.0484252430018971,0.0204055909604194,0.097994661165588,0.0892875575336044,0.0345279631569217,0.0255665224118261,0.02747543110468,0.0831302497898319,0.0805081697390186,0.0141514381119865,0.0188087036064435,0.0429282805401928,0.0595804870809058,0.0739749974765532,0.0303711517633301,0.0694166583148991,0.0861777304759302,0.0333199789413166,0.0251945548479303,0.0322660945273261,0.0233390249300505,0.0476656885201726,0.00638706878632841,0.0388288932964393,0.0346869147181347,0.0438218728689813,0.0385370892005,0.0227198773364063,0.0499135622200568,0.023052076696142,0.0348147499870662,0.0769935927788458,0.0174754240789389,0.0460103184777542,0.0936245500437312,0.0217418027746498,0.0509588471058334,0.0241165693427599,0.0266805615319828,0.023776497619617,0.0535197990729442,0.047920449705258,0.023434403817714,0.0445095577148211,0.022519109648002,0.0295693989340854,0.0587589913905951,0.0871137808949276,0.0094105187668731,0.0568015129177794,0.0116220172960888,0.0829451261814568,0.0216837913106012
"X_Sonchus_oleraceus",0.0341332103129997,0.0282844354148969,0.0313867022692636,0.0307463991541378,0.0468169601939482,0.0491686915382608,0.0227290453484964,0.0603595787015022,0.0141168887030353,0.0214464833996575,0.0400097129976507,0.0980479917378476,0.0499561805214022,0.0285652096845979,0.0173142719050879,0,0.0377723432049785,0.0230106861310141,0.0235357693230672,0.0601221612525615,0.0679235769278344,0.0309669506211045,0.020340346340752,0.0321338340315069,0.0501714490718708,0.0233564116833901,0.0334643920441826,0.0776128519924438,0.051711354632078,0.0415126817840219,0.0356170642128099,0.0518476000150856,0.0646136868839064,0.0152188665878631,0.0210826167141276,0.0376977304494213,0.0498441061625817,0.0122560939646955,0.0253337519057191,0.0335726079513081,0.0165683351003687,0.0746837215899934,0.0308379497443651,0.0312950478102086,0.0785430962462788,0.0729376447809794,0.036044141446355,0.0610860615395596,0.073949303519088,0.0675212685028394,0.0581300148897879,0.0366314714406962,0.054241834526816,0.111550152824625,0.0218105802397045,0.0801957227839073,0.0383527001555857,0.0470370041498695,0.0482864019394981,0.0362679379444956,0.0416680761670018,0.091080504669036,0.0479155108159781,0.0139332328032299,0.101078076796571,0.0556859656453825,0.0229566445645196,0.0214062712870115,0.0393064247024229,0.0279519702420672,0.0588459503307873,0.050176229748873,0.012889699892075,0.0158210304847065,0.0279879065842803,0.0478844311433751,0.0400653246057933,0.0479787293290299,0.0429917414007235,0.0767969768484736,0.02003485691197,0.0337771300117783,0.0317530063697482,0.0269460280997573,0.0393967208432447,0.0604474987179461,0.0276906474531819,0.0435435784661784,0.0520263789222759,0.0234042746313215,0.0274473003164291,0.0869529851402572,0.0593655703306358,0.0249318730700043,0.0418178599002376,0.0246643730974176,0.0422525200569532,0.0585277655149746
"X_Ursinia_anthemoides",0.015124232999275,0.0357640578538104,0.109003572234212,0.0406907174388591,0.0721903126269986,0.0384572738716249,0.0937474067799811,0.177590187134581,0.0523398941501324,0.0646836975050871,0.131721006296088,0.090522384205487,0.128393651421667,0.0644069179070018,0.0467832556852883,0.0377723432049785,0,0.0385743664710654,0.059439412481749,0.125992338488828,0.0977289455983439,0.0536068642695832,0.0395747120763024,0.0582360231984964,0.110751499689015,0.0991851184094608,0.0298710732510118,0.0905744002131057,0.151496668714649,0.0854702097344336,0.156951550668599,0.12685548713166,0.196866023486081,0.0256521333188985,0.0505639906084124,0.0437382772059023,0.103222473977806,0.0264189656872339,0.0340628145794363,0.103002822588847,0.0511555150878248,0.173730256910325,0.0475065075593891,0.0600926252463275,0.143108205790386,0.156712634931249,0.0577796135817052,0.120343340280384,0.122471820365018,0.0985240171057221,0.0362041705611624,0.0518366745521605,0.131795894432493,0.1495056519521,0.0343633826349797,0.0450088103440152,0.0840114741731655,0.0734636235788651,0.104241817667851,0.0873140590911068,0.132475789038607,0.188700940527751,0.125319739794264,0.0501171092292686,0.0636352614592611,0.0402806252562484,0.0803894620008586,0.0266158174166632,0.127719460142803,0.0510941137649045,0.0689741793351945,0.115563231753971,0.0425129411544343,0.0664551421390182,0.0387972012779643,0.0754671253732389,0.105776248419438,0.0301273209282207,0.0862174589669434,0.197925767501236,0.0614382736974693,0.0734111268913562,0.0341415790958267,0.0269326659578096,0.035123010827504,0.147930050559048,0.139535912157206,0.0668567166053082,0.102894155523521,0.0420322464890349,0.0636095857988176,0.156270700556328,0.166876348375836,0.053934207914843,0.147046070476153,0.0345106386873165,0.128038726731076,0.0447617970060959
"X_Wahlenbergia_capensis",0.00429387183063419,0.00517456270025492,0.0366934881790197,0.0134989936893372,0.0354755695725297,0.0187982633762744,0.0302867144668195,0.0658526030480157,0.0121951655822555,0.0302307369194048,0.0399086195761965,0.0418593081505972,0.0449430585111924,0.0400357972414616,0.0179637158232966,0.0230106861310141,0.0385743664710654,0,0.031090741338389,0.0510352913065939,0.0277315400515795,0.0174694281352045,0.0124040485355986,0.0139622845612237,0.0563547744923139,0.0296876609844828,0.0161978187202931,0.0676628362213048,0.0877685533531138,0.0646044220783179,0.0801819330442154,0.0605493800226604,0.040814109384183,0.0113023618519609,0.016543188958632,0.0312715722624768,0.0322104993989915,0.0070896280357089,0.0104655670360526,0.026336368943705,0.00965500981720565,0.0647824241811734,0.018316611545911,0.0716042496644136,0.0416584424792031,0.0413686244813088,0.0161828381495106,0.0906494734891985,0.069425957805265,0.0427386967282949,0.0213387618079971,0.0333309746373735,0.0602695001033361,0.0597343492934369,0.00749239056052475,0.0230420315082639,0.029279215492535,0.059445029929063,0.0567992117544522,0.0272436871897414,0.0676666184870335,0.0585558008589932,0.0427821530545375,0.0148187255408722,0.0474101913936896,0.0161048593476378,0.0510422916978259,0.0133633804922256,0.0344164149999541,0.0232529552579583,0.0384331477548646,0.0320341571464282,0.0151848172883321,0.0321989093609205,0.0178985668680912,0.033865953492025,0.0686514208280126,0.0115436789478073,0.030310272645662,0.058557103359132,0.0184275006042122,0.0409150464957364,0.0225028977844543,0.0215782830147274,0.0148584040877476,0.0470276863247909,0.0291102659200731,0.0321800189984762,0.0516110355058095,0.0177464763129991,0.0310200894511801,0.0608815671764448,0.0603725597583805,0.0126798310245306,0.0434997490286938,0.00994461678764833,0.0828412814732586,0.0161423906008194
"Acacia_huegelii",0.00910030467623147,0.0169431420845614,0.0302753054388377,0.0257385821117316,0.0696709367649631,0.0315999369371612,0.0311752093152469,0.0619259458739547,0.0322018068035675,0.0203941788504542,0.044195107570681,0.034431290901009,0.0870258449167351,0.0801679739177792,0.0195925517112664,0.0235357693230673,0.059439412481749,0.031090741338389,0,0.124674751659303,0.041703642066234,0.0427508544301124,0.0212100765639375,0.0434919779530281,0.113985494413251,0.0627203469024324,0.0441603506207725,0.123970571899732,0.157011114596479,0.119972480123248,0.139134729990751,0.0903464674538418,0.0890927118148562,0.0187333651152354,0.034575295227271,0.108263718303006,0.0639248989228026,0.0169561665680275,0.0209253726142536,0.0437318163787048,0.0631381298042445,0.150240404686256,0.0265824672242746,0.159824228615913,0.126779436404802,0.0665645515503717,0.0363714409100547,0.154628434160933,0.0915363166013045,0.0439528490601412,0.0186369413782345,0.045504083151718,0.137210478326027,0.0611333202925175,0.0314323531390669,0.0253366365840592,0.0668751444222165,0.0998662422950067,0.137468381389518,0.0556163773051465,0.139957823577583,0.0986195700234637,0.132525143376575,0.0184236646183898,0.0724314889232794,0.0326286707652346,0.1648205439861,0.0398333664637393,0.0969517474258131,0.0865401361727838,0.0606537922392018,0.0561927156285315,0.0599979470087178,0.0452979012556431,0.0198467683657818,0.0534857554956585,0.155787325350491,0.0303375088591159,0.0617704806360635,0.0769237547741396,0.040325396316969,0.0752212208224668,0.0300884233182276,0.0884020562783365,0.0159995524778221,0.120399564546617,0.0672509146679647,0.0354597513866067,0.11567354260487,0.0358968639625057,0.0337389539367244,0.0899890877479348,0.0786028433314294,0.049169092632386,0.0999280799846318,0.0189151427879256,0.167574058274316,0.0321462857012675
"Acacia_pulchella",0.00909323737851288,0.0509767325458287,0.120277092227579,0.0414683418154004,0.0930378669653773,0.0652988350522694,0.137808193334769,0.196930726296305,0.0812448711806025,0.122119083769504,0.151969208462563,0.16880485615816,0.178959341341018,0.122096926573795,0.0600289704609687,0.0601221612525615,0.125992338488828,0.0510352913065939,0.124674751659303,0,0.111399208642558,0.0490845508175141,0.0321429896786257,0.065533554586094,0.198604229844994,0.0762087861729906,0.0650679409470327,0.205117506281622,0.28907569951304,0.199866285337233,0.228223038556273,0.20751693435249,0.233726090843228,0.0325606139413735,0.0478848903691198,0.113021244021293,0.149867027032249,0.0173767738402944,0.043519722221776,0.141797770016098,0.0593953023884335,0.27970455517926,0.0414662057759219,0.208649443486389,0.17351090119566,0.182723936482007,0.0576344459406134,0.277271070063291,0.19460394235617,0.187910805487596,0.0588463669903842,0.116233052754859,0.226248624389422,0.194095249789332,0.0528647948052603,0.0715154111972802,0.143195443009094,0.183600738164599,0.179727790751935,0.0829675099162788,0.204217412909064,0.264396315544599,0.182587602415074,0.0831010775904362,0.0722193139904973,0.0530162316452215,0.166523735010405,0.0550351381865868,0.14731970960417,0.134515098744333,0.0914249851340077,0.129298918292975,0.0444957390260661,0.100515271030336,0.0637660234019737,0.125223696089871,0.195266994144867,0.0331706696257032,0.114239007276276,0.224372674485249,0.0367819806208632,0.140793208836208,0.0581052866295905,0.102011304232818,0.0309222047939527,0.163960753793758,0.0840755046714153,0.065208517805636,0.199794233534358,0.0598287389207493,0.10191670168162,0.143923583924199,0.196148181994201,0.0343986122249407,0.187131158260623,0.036705998814833,0.272086306319727,0.0613432050054734
