"","X_Briza_maxima","X_Briza_minima","X_Bromus_diandrus","X_Carpobrotus_edulis","X_Ehrharta_calycina","X_Ehrharta_longiflora","X_Gladiolus_caryophyllaceus","X_Hypochaeris_glabra","X_Lolium_sp","X_Lotus_sp","X_Pelargonium_capitatum","X_Pentaschistis_airoides","X_Pinus_pinaster","X_Pinus_sp","X_Solanum_nigrum","X_Sonchus_oleraceus","X_Ursinia_anthemoides","X_Wahlenbergia_capensis","Acacia_huegelii","Acacia_pulchella","Adenanthos_cygnorum","Alexgeorgia_nitens","Allocasuarina_fraseriana","Amphipogon_turbinatus","Astartea_scoparia","Austrostipa_compressa","Austrostipa_sp","Banksia_attenuata","Banksia_ilicifolia","Banksia_menziesii","Beaufortia_elegans","Burchardia_congesta","Caladenia_flava","Caladenia_sp","Calytrix_fraserii","Cassytha_racemosa","Cassytha_sp_","Conostephium_pendulum","Conostephium_sp","Conostylis_sp","Corynotheca_micrantha","Dampiera_linearis","Daviesia_sp","Desmocladus_flexuosus","Dianella_divaricata","Dianella_revoluta","Diuris_corymbosa","Eucalyptus_rudis","Euchilopsis_linearis","Gompholobium_tomentosum","Gonocarpus_pithyoides","Haemodorum_sp_","Hibbertia_hypericoides","Hibbertia_subvaginata","Hovea_pungens","Hovea_trisperma","Hybanthus_calycinus","Hypocalymma_angustifolium","Hypolaena_exsulca","Isolepis_marginata","Jacksonia_furcellata","Lagenophora_huegelii","Lechenaultia_floribunda","Lepidosperma_longitudinale","Lepidosperma_sp","Lepidosperma_tenue","Leucopogon_sp","Lomandra_haemaphrodita","Lomandra_preissii","Lomandra_sp","Lyginia_barbata","Melaleuca_preissiana","Microlena_stipoides","Microtis_alba","Microtis_sp","Patersonia_occidentalis","Pericalymma_ellipticum","Phyllanthus_calycina","Platysace_compressa","Podotheca_gnaphalioides","Pterostylis_nana","Pterostylis_sp","Pterostylis_vittata","Rutaceae_sp","Scaevola_sp","Sedge_A","Schoenus_pedicellatus","Siloxerus_humifusus","Stipa_sp","Stylidium_repens","Tetratheca_sp","Thysanotus_manglesianus","Trachymene_pilosa","Trichocline_spathulata","Restionaceae","Unknown_native_shrub","Xanthorrhoea_preissii","Xanthosia_sp"
"X_Briza_maxima",0,0.00646325568824874,0.0290775340069623,0.0419059587756745,0.0211834629812757,0.0253017577439899,0.0277113508301709,0.0892485801146097,0.0225125404589414,0.0114464265818883,0.0293094544402728,0.0136620090175962,0.00539223572336308,0.0138382331655038,0.0397891236122366,0.0547200397814722,0.00860579172479125,0.0204756481691472,0.00684077018305296,0.015274667011245,0.0157989526089756,0.00460880728762922,0.0102713946240503,0.0191134354722487,0.0162709311881192,0.0417323707953902,0.0105445669263638,0.020480416095222,0.0433961196765209,0.0279804198234029,0.0288904910444765,0.057712228601136,0.0497714034211416,0.00985031328253836,0.0267446385520253,0.0238140190100637,0.0107231426535721,0.0127653606729361,0.02208807627149,0.0427249651252403,0.0192250945741775,0.0147852647964951,0.0155614981114378,0.0191965769493344,0.0274523170201304,0.0451456407565727,0.029434447748879,0.0307368609515864,0.0357973289079107,0.00817148925800884,0.00991686693033063,0.01123823316447,0.0784734721449278,0.0387671385783759,0.0335735357735177,0.01836830380733,0.0147036761377617,0.0251072184303035,0.0292671826204382,0.0343404181418181,0.0260086475918701,0.0553497683299449,0.0134001966116266,0.017085108510081,0.0414057574572555,0.00587901372576192,0.020801576193929,0.0203181805164878,0.0379433925838029,0.018670568052128,0.0401663044026041,0.0156436425080737,0.0126991913145532,0.011031786631169,0.0165207299348423,0.0590980294656213,0.00863093636526703,0.00466998495583662,0.014983683932658,0.0410303247108098,0.0468055621743336,0.0741506239202888,0.0224127539926169,0.0446106217277128,0.0152555947666393,0.0436219766466401,0.00720980340166827,0.0156848017389295,0.0175831162204253,0.0398209887504451,0.0337896385028187,0.0306145204323292,0.0749666268088948,0.00772603368145352,0.00698071256811574,0.0183132892528549,0.0358286534092473,0.0116804605479546
"X_Briza_minima",0.00646325568824874,0,0.015473350103318,0.0140983475333988,0.0108757813629388,0.0180235670701097,0.0157963802196837,0.0500959797437812,0.0182068531878332,0.00600206531687098,0.0143765111036549,0.00911617316659136,0.00392837197529699,0.00983830584861602,0.0467580125053442,0.0403936473081929,0.0060039436795684,0.00852952397629299,0.00448688493549136,0.0128283953653246,0.0101850905780608,0.00404959885375708,0.00465400296622673,0.0152441838568505,0.0103910231274896,0.0391430572493333,0.00637754097742774,0.0188297336228187,0.0200647704374411,0.019502156711531,0.0131592714450038,0.0179097997805709,0.0434914307550503,0.0167133124757397,0.0106032229621431,0.0108428869345224,0.00356430574983884,0.00583768333880406,0.0278998125457453,0.0310663578232573,0.0104030526157364,0.0116185147345269,0.00433377328378364,0.0119572065957787,0.017725785511341,0.0311772810781859,0.015284715164886,0.0231612902034688,0.0222498010833923,0.0167664681082868,0.00894030317835102,0.00390474553164889,0.0354228084092823,0.0418922227914508,0.0166249895318034,0.00458629936684876,0.00784712334648744,0.011950164468353,0.0120918812630728,0.0349242464820936,0.0335252759933022,0.0428709140623536,0.0134764428232844,0.00759613945621819,0.020136714211036,0.00625808572169982,0.0145731109524859,0.00544211335501679,0.0303020527299132,0.00837544098576071,0.0279416690821891,0.00647690688401436,0.00772148508050315,0.00915585779848655,0.00461461114310042,0.0267002868653529,0.00500155685231495,0.00571406723861595,0.00944012908816915,0.0194627942614713,0.0318553373620991,0.0338638586745595,0.0189910129646723,0.0213544699049869,0.0109318720351083,0.0335910481966997,0.0105842656386755,0.00854040045479085,0.0213445655987839,0.0242809928981699,0.0122994344149088,0.03901955493765,0.0497035578104629,0.00870843600802416,0.00531631951626118,0.0184494178916891,0.0284131267190779,0.0065169938358321
"X_Bromus_diandrus",0.0290775340069623,0.015473350103318,0,0.0357766297968185,0.0327322356654552,0.0271845271165613,0.0369650270602429,0.132015812397836,0.0406134578452085,0.0319179946222127,0.048543507684407,0.0490258145116915,0.0379671046938383,0.0321391553790507,0.123802704465677,0.126262348048691,0.0266558903546569,0.0428219302061145,0.0404788049994982,0.0909647547546896,0.0423748728854189,0.0118340974385434,0.0107077492443027,0.0322509442384792,0.080078246929978,0.118404624113997,0.0334521654710159,0.106915165506267,0.127450655620638,0.107120078809797,0.106353993169395,0.102093811275851,0.108600382391488,0.018464832396487,0.0583252263819001,0.119890945724811,0.0118294760335109,0.0323703832824985,0.107896728860993,0.13212359924153,0.0798377856502527,0.128746416476389,0.0213001921132357,0.113160971333639,0.150998571387111,0.0929289253697749,0.0272662507816614,0.10862090370551,0.0919427011253064,0.035036263271416,0.0258935320728098,0.0147219450424578,0.121045635653493,0.115892222178503,0.0682451141401396,0.0354798324423931,0.0356045255376496,0.0985643330672553,0.0864288174527869,0.0667871313039895,0.08452558129713,0.140448107684037,0.058740343289322,0.0378381767387212,0.0556383703301498,0.022138148456922,0.086697768518073,0.0311939163918098,0.127906729156207,0.0375654292714298,0.0894372776715337,0.0234339981166641,0.022952312282137,0.0304684788426593,0.0153154873588431,0.109888947218208,0.109697694672438,0.0256247463045296,0.041707771257485,0.118009795190316,0.0833420809843268,0.0577855094622973,0.0460176803429623,0.112074991353768,0.0261098716237538,0.104462335587088,0.0325763161472514,0.0297015113882855,0.0443519084754881,0.0507355248470266,0.0471169320755481,0.0931094088951764,0.136399458073739,0.0188864594142747,0.0195831922604555,0.0348719760080145,0.121036362317632,0.0223999104272176
"X_Carpobrotus_edulis",0.0419059587756745,0.0140983475333988,0.0357766297968185,0,0.0643745136769651,0.0447259527598475,0.0520307383940258,0.147190141008582,0.046979824452051,0.0230822666702631,0.0491720688235761,0.0307422063335949,0.0183970934564738,0.0210296465746501,0.0599848283138435,0.0620929466786092,0.018684882930842,0.0311194626359261,0.0247469204111821,0.0436246623085668,0.0385141457214792,0.0109444507275861,0.0154097481741599,0.0369954838351327,0.0777467508774396,0.0651130450698732,0.0355900931459281,0.0858183194074726,0.0807904556511757,0.0809294283194827,0.0448073924276997,0.0857685673761235,0.0675201565919033,0.0213370513738715,0.0449361142920164,0.089260344923434,0.0201596574598762,0.0368046676569615,0.1061039740736,0.0570407585984671,0.0640776226180743,0.0897941756504528,0.0452321301194995,0.0952610734360744,0.0554169473819138,0.073724358345017,0.0445199755346563,0.0670154101062323,0.0575985593358309,0.04798113861883,0.0375749623696342,0.0289380739759763,0.095294131429875,0.033270151083228,0.0659689858219485,0.0400572542902902,0.0226553938828194,0.0602835295081659,0.095724858167007,0.04594460213695,0.112965001891905,0.0728636774809785,0.0242329979163126,0.0247389613157573,0.115088108882902,0.020856510231862,0.129816481437427,0.0385606023623464,0.108715051592673,0.0300416207475318,0.0391232207451055,0.033537741991844,0.041358900561167,0.0329135675581955,0.0308469353545304,0.097247302362089,0.0480809761420798,0.013431022689214,0.0309095356360894,0.0325637749272098,0.0618538814073734,0.152046364239403,0.0491862014129801,0.108988173538859,0.0455067772268841,0.0771936708370263,0.0134407498036465,0.0369264938381548,0.0678986767090271,0.0786740215062198,0.114514870073107,0.0885597889130078,0.0990756879502697,0.0276689598528946,0.00825337331139092,0.0394599414272794,0.0299285482361821,0.0197175628948965
"X_Ehrharta_calycina",0.0211834629812757,0.0108757813629388,0.0327322356654552,0.0643745136769651,0,0.0366827265877247,0.0724858031830395,0.107568755939212,0.046428530353781,0.0370491712561853,0.0543257848199503,0.0182779888888961,0.0392527744907844,0.0247177621907703,0.0663616909973361,0.076310204738829,0.0198481199384463,0.0265026726384723,0.0301047164500187,0.0703421416630106,0.0312313745295269,0.00979607446140692,0.0166547239206997,0.0261611724824134,0.0861918369673197,0.061212180238879,0.0288582703703041,0.0757022351258134,0.0944520047306637,0.0931769311634124,0.0664411542691786,0.073460782302069,0.0614304724140398,0.0185677133327378,0.0391662025338528,0.0884121669678767,0.010420297053731,0.0239640098540052,0.0610753376229734,0.0620766534478509,0.0580927177130664,0.100384025047978,0.0267277110847155,0.0956401369213086,0.0730045324843356,0.0877884566508478,0.0354480117368179,0.0592565906410775,0.0680184777681896,0.0611253125448161,0.0302466818636552,0.0276324179197226,0.0810786379507147,0.0758739325455264,0.0586451306975958,0.0298601125206265,0.0175220849964991,0.0595036935288359,0.0748327206550416,0.0434887269075597,0.112537854630956,0.0450420436377059,0.040558445189533,0.0203889220681867,0.0884214998847581,0.0242143582011562,0.0922057102999212,0.0145704961012274,0.104604609295515,0.0279111358836699,0.0539132253814465,0.0105029387485888,0.0333834157251313,0.0462460495261807,0.0170842946039842,0.0915382012592904,0.0728837278261592,0.0323840116134974,0.0241242975612973,0.0369873753757033,0.057676676142623,0.121220796343178,0.0391079256792516,0.0997160628689456,0.0432301479595472,0.0896681022759481,0.0265411979749584,0.0409042770422118,0.0727251040982053,0.0357176792953736,0.0824055728888843,0.0884962915335447,0.075933379116762,0.041450115705161,0.0155102586336292,0.0280257664363138,0.0695083575367175,0.024171958386635
"X_Ehrharta_longiflora",0.0253017577439899,0.0180235670701097,0.0271845271165613,0.0447259527598475,0.0366827265877247,0,0.0573346729645946,0.11258563031115,0.0438543567593057,0.0119954512060125,0.0240612621649527,0.0286462996083988,0.0277782110299943,0.0138611959368245,0.10713637772616,0.0744576507216336,0.0162819738527658,0.0322414355639716,0.0270112953298797,0.0554354179993589,0.0187921748445601,0.00862756713053883,0.0109178397771561,0.029081702361767,0.0559537270543182,0.10760767765635,0.0161811788128872,0.0574371756931225,0.0560864432246654,0.0574920923488992,0.0575767045220388,0.069400836892551,0.0832641676197002,0.0279210730547115,0.0496748529093454,0.0862832138663186,0.0133929870389324,0.0199914371984796,0.057383594191664,0.0921138610620711,0.0354570315584649,0.0648763297667127,0.0222339961312619,0.0576828735729251,0.0800786615058895,0.0860176791204264,0.0329232064291084,0.0564422989529054,0.0522731792814462,0.0384361910672223,0.0360581834328598,0.0199961595489914,0.0864949658260483,0.0728205391538327,0.0364795591059622,0.0259452635114864,0.0127065644847874,0.0491660137423339,0.0777816165607802,0.0773563891130657,0.107038315358705,0.112338193378517,0.0333035156509893,0.0139159966654218,0.0650876823652368,0.0229897633607469,0.089685211589693,0.0211831037320491,0.0977665362085782,0.0204538944833038,0.0757111805171752,0.0176983532397595,0.0251937572709006,0.0232591928192431,0.0140400213202457,0.0765610887287142,0.0694723305203348,0.016191106095856,0.029207183797374,0.0544310212859576,0.0603691561303066,0.108615206206497,0.0192726757585608,0.0395664374450341,0.034807393186005,0.112969664037287,0.0229511795278286,0.0189900233129191,0.0324910170598672,0.0926691622410069,0.062262733806525,0.116571633867879,0.115053054632204,0.0300474702902086,0.0125552315001717,0.0484630148426472,0.0649893774455361,0.0164561504187808
"X_Gladiolus_caryophyllaceus",0.0277113508301709,0.0157963802196837,0.0369650270602429,0.0520307383940258,0.0724858031830395,0.0573346729645946,0,0.118202717911575,0.0490837903286676,0.0265602612982314,0.0333973355368158,0.0193330875578614,0.0254602193786643,0.0295938395707887,0.0770659851571866,0.0690759152866114,0.0174323647693367,0.0417004455053171,0.0341273917824495,0.0746402593918389,0.0422522252395628,0.009952133880055,0.0132471720057637,0.0291466807594071,0.114515379294431,0.0884315171823967,0.033678111897286,0.0800504810748538,0.101505527335756,0.118030871493431,0.0799015417741824,0.0594812125852403,0.0702436044608629,0.0268737783404904,0.0512299027056603,0.126760422137778,0.0156323504283663,0.0180214963694706,0.0618799481396362,0.0849843961956982,0.0566001793346318,0.115914100807528,0.0191926039032862,0.124757837962204,0.111163998289069,0.102814834070216,0.0304711201409,0.0661176265084789,0.0728215776962644,0.0446420519071897,0.0389074149913325,0.0203021922093636,0.071859356292958,0.0770407276261182,0.0844082690293323,0.0356016798542444,0.0132954351977141,0.0736936188526166,0.125857283109022,0.054392539416037,0.148418915124537,0.0650445576142804,0.0393212717201404,0.017900665133097,0.0965145507345665,0.0318012650334948,0.101177815873735,0.0222655325151886,0.142017451816064,0.021619543618651,0.0678807235734929,0.0183024024447779,0.0459535901336914,0.0394383461123746,0.0284379861957003,0.0741256885674822,0.0840653823360212,0.0211857909515481,0.0208825717977764,0.0569310664500596,0.0761418276137434,0.105676833354674,0.0313568534602249,0.0731938536190888,0.039912341585725,0.116034285046881,0.0202331876063284,0.0337776482048131,0.0703485870505425,0.091813217362537,0.0455605964694702,0.126720295016706,0.124693078189577,0.0268513061610515,0.014605095320289,0.0491880632356224,0.0516699216575039,0.0175106902766902
"X_Hypochaeris_glabra",0.0892485801146097,0.0500959797437812,0.132015812397836,0.147190141008582,0.107568755939212,0.11258563031115,0.118202717911575,0,0.0911844255308205,0.057828780604996,0.0992843035639487,0.0848698296906126,0.0744997160070502,0.0579191200548999,0.320081484296864,0.231168266970523,0.0480830030828085,0.0636300751291115,0.0512756838163051,0.109284204465321,0.0877451300542726,0.0277651945277395,0.0372159290714002,0.0877472292955636,0.0883372739550624,0.27656184011907,0.0544753276558155,0.12602765692514,0.114285223160541,0.0886829017317631,0.0699208155613701,0.201667463248972,0.225312432894295,0.0699091616748351,0.0875284260743978,0.12986706313033,0.0340485465143874,0.0629617004078846,0.191558593560938,0.247794163115497,0.117528263162024,0.114918531567904,0.0752755004440369,0.0930323534121567,0.229778883209431,0.166328217958377,0.0865720893144846,0.135032245916106,0.147552780830227,0.0939643992469673,0.0818260331725424,0.0527005461166239,0.206819068481364,0.23460627630188,0.141267952831164,0.0914439129018844,0.0703636344289068,0.121164983877961,0.12134059914124,0.208125272191129,0.168313576830627,0.295081567166794,0.0995176604260082,0.0726535323926689,0.146763783949764,0.0456332583217904,0.189705905777737,0.0771055444615889,0.265410922205653,0.0578207810211162,0.166780100142229,0.0664408527483828,0.0605243009367334,0.0737073828308864,0.0461899557884151,0.205203140665412,0.0771224077184692,0.056875095033767,0.0994211961849246,0.198689777904444,0.17241973472461,0.27541233524765,0.0928814525105573,0.245430100437011,0.0843563762192372,0.207511555178427,0.0620436576865272,0.0685573870906859,0.144577629673933,0.190910371345712,0.180165221676886,0.229039482720474,0.271196558022261,0.0497058688647434,0.0275775486792175,0.0989349821792177,0.134126140336852,0.046115561833189
"X_Lolium_sp",0.0225125404589414,0.0182068531878332,0.0406134578452085,0.046979824452051,0.046428530353781,0.0438543567593057,0.0490837903286676,0.0911844255308205,0,0.0206719794569918,0.0391132802197736,0.0227486786461919,0.0224127845282579,0.0303776023350464,0.0543183779778634,0.0626728624625096,0.0172719573476875,0.0275638982700656,0.0216856057800087,0.0256820073736593,0.036072368391362,0.00808249246650856,0.0156973956063038,0.0468913283229308,0.0320159357573976,0.0697151845977998,0.0165125909148628,0.0733985028236175,0.0805843797503178,0.0742319651268202,0.0589824450138595,0.0760717728461954,0.0609375936949379,0.0282444084963188,0.0450515206401955,0.0568630383938543,0.0145342594873546,0.0194328958212479,0.0521756968316908,0.0573050506748764,0.0555414785754216,0.0479153624230033,0.0261360781586315,0.0854947704733293,0.0638895976252967,0.0548303126991355,0.0286066364409319,0.0774465295985098,0.04038506449539,0.0237281002463608,0.0266281056302362,0.0148204736991387,0.0969536890550572,0.0442457367650977,0.021243945034844,0.0226900269028579,0.0148030153894363,0.0213763742998751,0.0428771947540309,0.0387834485762598,0.0796515467223032,0.0841200260932007,0.0388817172339986,0.0237779197520603,0.0477561310613003,0.0142921110457159,0.0875933340280283,0.022890884525074,0.0995934118608925,0.0246920474697123,0.0530093786570726,0.0124409007920127,0.0213559699221434,0.0329883072282345,0.013084420382504,0.0543247930577568,0.0517187699000687,0.010395206283809,0.0188884129441361,0.0456166490139162,0.0353566001310141,0.0979102479343229,0.0386506778132856,0.0352349027422019,0.0402899993018472,0.0678884823426035,0.0228191240885475,0.0338423389915891,0.0502742254180832,0.0634170857309749,0.0603043220057068,0.0712141051490675,0.086696576513404,0.0292266742650505,0.0135710843218929,0.0418806650162263,0.0648002270154921,0.0268053624536479
"X_Lotus_sp",0.0114464265818883,0.00600206531687098,0.0319179946222127,0.0230822666702631,0.0370491712561853,0.0119954512060125,0.0265602612982314,0.057828780604996,0.0206719794569918,0,0.0233034770654254,0.022149428001458,0.0257889827961156,0.0148574054622488,0.0600517503622377,0.0421312734339307,0.0110950027414727,0.011097726676504,0.0146430495872477,0.035977673931524,0.0203616887884735,0.00638583618209469,0.00709803252024312,0.0163924198640889,0.0419501856190785,0.0614795980347332,0.0139867254781204,0.046884318624921,0.0521400078856723,0.0484595836216203,0.039755268416459,0.0367380068431214,0.0417250331273579,0.00820848872378265,0.0256699756759712,0.0504556737921848,0.00538803388367559,0.0131823949165132,0.0348213641604322,0.0543546253772452,0.0401959896223071,0.0599674121795581,0.0133972808492678,0.054009732425688,0.0697582426221603,0.0471498944381201,0.0138920780461996,0.0349784626937167,0.0377702688177413,0.0230560293482267,0.0136064774327368,0.0112417553297895,0.0490814401830894,0.0482056123167922,0.0404766021783122,0.0172463994342655,0.0142451400944401,0.0409364231492173,0.0383588466690348,0.0323543341755183,0.0619607585898101,0.0506763766954513,0.0309854439723837,0.0198663901166497,0.027022577366263,0.0137617355258538,0.049666596709723,0.0131145376598887,0.0771677450083884,0.016497891247666,0.0272554997344679,0.0100616765451788,0.0159242513858132,0.0217440562126601,0.00895173290263019,0.052850010200631,0.0449742689608154,0.0165985324125639,0.020465971246705,0.0485985044891973,0.0407231619173348,0.0536070038854472,0.0159932881607825,0.0661679998179669,0.0207261816343357,0.0511796671014131,0.0128236380110106,0.0173077404004655,0.0374129994707321,0.0245750851544624,0.0383288351200705,0.0369022970512634,0.0549354648420981,0.016443688714293,0.0100237016231889,0.0113960506627042,0.0416097312642621,0.0117590920303353
"X_Pelargonium_capitatum",0.0293094544402728,0.0143765111036549,0.048543507684407,0.0491720688235761,0.0543257848199502,0.0240612621649526,0.0333973355368158,0.0992843035639487,0.0391132802197736,0.0233034770654254,0,0.0368761458852405,0.0271096871910251,0.0262776126519809,0.0958836572133381,0.10509805937415,0.0234117443914307,0.0257581432933508,0.0240998432398994,0.0501736604040418,0.0491056044670522,0.013267139670959,0.0089636136923909,0.0310549962887128,0.030229552815241,0.0931539291972544,0.0208281830283572,0.0645849925107261,0.0778630913211167,0.0478857677310659,0.0543724208034493,0.0800527098976213,0.0916327302353536,0.0216258205633849,0.0404190699655495,0.0679725137544817,0.00882540301731441,0.0243460510660055,0.0883775371117239,0.112160063825017,0.057062863027029,0.079924238474934,0.0237236852441022,0.0648078751241564,0.0992362043118689,0.0614224601650307,0.0371711561953063,0.0657590322063103,0.0593414481418734,0.045993161975476,0.0221154081617656,0.0146936576713596,0.0943259902560342,0.114555039426732,0.0533635716163798,0.0284257394953366,0.0288762553085437,0.0638217171321569,0.029874824520597,0.050154388210407,0.0632285892032166,0.104934385453772,0.0451202712713455,0.0275452507965372,0.0385161652454405,0.0199994334762091,0.0548872195869069,0.0310560101462419,0.111740397649211,0.0354571108446319,0.067458999777107,0.0218304869038687,0.0235543970061852,0.0212929311101386,0.016154346941362,0.0729234134225466,0.062953010922681,0.0229528652951361,0.0363984487000505,0.0842091622956383,0.0770348566068862,0.0937374715221867,0.0409661611009034,0.0714625191385906,0.0247697292329879,0.062241785168486,0.0309947848923226,0.0331900388053521,0.0456414470933404,0.0440686248214217,0.0532338009174487,0.0784917653923784,0.108416038351587,0.0154929678048376,0.0129685105991074,0.0317650145603353,0.0868807517695787,0.0175083052411169
"X_Pentaschistis_airoides",0.0136620090175962,0.00911617316659136,0.0490258145116915,0.0307422063335949,0.0182779888888961,0.0286462996083988,0.0193330875578614,0.0848698296906126,0.0227486786461919,0.022149428001458,0.0368761458852405,0,0.0332793999349425,0.0459501670223006,0.0675479553419186,0.104186054654074,0.0289915816285325,0.0267592890677317,0.0256317372564937,0.0787548129265837,0.0278395276852536,0.00456209893959292,0.010836485801428,0.0222764209665687,0.0875923077629933,0.0541543972011411,0.0244489394594372,0.107471308516168,0.134618319130593,0.128908125748947,0.115274750743021,0.132572351321449,0.0873465905255866,0.00787123378001896,0.0629861384226301,0.0874615834359939,0.0153408889029937,0.0181247227151881,0.0460141384991937,0.0799720075012888,0.0303209110913474,0.0816062318579296,0.0164988704312568,0.10859881592338,0.0548904388990316,0.0383730620746049,0.0148456504965504,0.130669788133815,0.0910751043133678,0.0308039156315083,0.0255691631397223,0.0154550514170046,0.12986361596856,0.0712969947555574,0.0315161996452808,0.0283993936409669,0.0305905024079866,0.0721100413615651,0.095691684184129,0.0221378631913429,0.0719731969087064,0.117292094954701,0.0297131948727954,0.0127466246383486,0.0491559054524609,0.0157787738949409,0.0814887919551661,0.0176882633509816,0.0513840542901886,0.0314549680564141,0.0720683334178853,0.0129807064521298,0.0278733001728715,0.0125299775804934,0.0118510919286395,0.0867551796933361,0.0916549747658576,0.0113508949393556,0.0256027095945486,0.0856496913474931,0.0283878422546337,0.03958933143739,0.0397575042043787,0.0577688836980615,0.0136954727398535,0.0382682784987278,0.0415011743551397,0.0265735849679486,0.0396743704113531,0.0365697934057286,0.0428561159451593,0.0517727236422943,0.0894210703090509,0.0398749734201823,0.0107511618156096,0.0314078603293539,0.119806964492547,0.00987628380776934
"X_Pinus_pinaster",0.00539223572336308,0.00392837197529699,0.0379671046938383,0.0183970934564738,0.0392527744907844,0.0277782110299943,0.0254602193786643,0.0744997160070502,0.0224127845282579,0.0257889827961156,0.0271096871910251,0.0332793999349425,0,0.0233781331413587,0.0983231375188643,0.0402018384773756,0.0188224469123494,0.0245596560552434,0.0423395112636964,0.0778655496192143,0.0117642082461716,0.0091832551559346,0.0188427073410437,0.0195748059279202,0.0904930055460913,0.111968224706694,0.015640896605965,0.134623818778624,0.137882269557058,0.131998409536379,0.130536311742027,0.107875376560288,0.0360450986758133,0.00933530464799829,0.0936141330152668,0.137831319604067,0.00778952779435531,0.0202994443011219,0.0566498297419327,0.0740624742412048,0.0806977803405441,0.150592776258752,0.0282074051531741,0.153512526838185,0.158366997367219,0.0870213672911704,0.0142352212366258,0.117836556611352,0.0498385047696605,0.0610141556402106,0.018852600634465,0.011588415438847,0.123746417748398,0.0588121948156231,0.0727051135545097,0.0249980697706129,0.0165640841394086,0.0936579395903678,0.0894575326138708,0.0638957436940151,0.16442141692096,0.0490666491495145,0.0821677128643813,0.02513156646918,0.0357609051212462,0.0328386535886044,0.130624074593072,0.0194957868501331,0.161220668895126,0.0431391851633401,0.035314178430941,0.00887482745684509,0.0310649779598119,0.0238746035619921,0.0145735209302244,0.0522654084171979,0.170852013622364,0.0513356104576906,0.0240688559201752,0.0378032990330107,0.0749917440909248,0.0432875835481625,0.0447448550458285,0.11018439591987,0.0200460915484468,0.116464536984613,0.0247708827047309,0.0270735376281289,0.0410683631804914,0.0600260020211718,0.0531473982933779,0.0984538681924157,0.0688737332978664,0.0602888403248287,0.0140816580865735,0.016448635248197,0.15340645304008,0.0163259457256373
"X_Pinus_sp",0.0138382331655038,0.00983830584861602,0.0321391553790507,0.0210296465746501,0.0247177621907703,0.0138611959368245,0.0295938395707887,0.0579191200548999,0.0303776023350464,0.0148574054622488,0.0262776126519808,0.0459501670223006,0.0233781331413587,0,0.0617133853815395,0.0714230051719443,0.017588948489398,0.0136158908960961,0.0182831982565917,0.0634669829126085,0.0154776017871216,0.00321730377681815,0.00709852111974701,0.0219980179096486,0.0687544129528853,0.0450299480087774,0.0183602168948597,0.0717626247026077,0.0874368491394582,0.0880769520288661,0.0800312473927841,0.0872139078982366,0.0660062315703445,0.0150679612702496,0.0484979805428481,0.069098731235957,0.00913466807635714,0.0156551851810854,0.042328125718126,0.0578382490072299,0.0152330994389148,0.0549721872243087,0.0192512893027686,0.0735965936396939,0.0249458600820608,0.0329025578813824,0.0125538009896739,0.0890163705799081,0.0629008436813239,0.0218623525237285,0.0209488103582239,0.0127070296186622,0.0832075881380234,0.0474623653171121,0.022602854648146,0.0238016871236415,0.0181225241828422,0.057557572706913,0.0685782467674356,0.0292727207334748,0.0635694293268335,0.0871995677998324,0.0271205606168722,0.0141385197202996,0.0239544735158942,0.0122670931213902,0.0552607401414281,0.015648627995906,0.0381147864383605,0.0237277465699511,0.0524520877959581,0.0105369786522858,0.0248344772238294,0.0220884393819704,0.00818469513377094,0.0702715603962335,0.0613077663111803,0.0093228506552929,0.0183676875889511,0.056106682153811,0.0282061240438245,0.0322458578935787,0.0261289311684121,0.0452774724743072,0.019183421483433,0.0343488857566757,0.0243748631160084,0.0212566197144423,0.0287100831109718,0.0357785829343149,0.031665192042349,0.0411935595017811,0.0498942252597271,0.0275306685443995,0.0116799250130668,0.0191540242651273,0.0807880992976748,0.00877613311060045
"X_Solanum_nigrum",0.0397891236122366,0.0467580125053442,0.123802704465677,0.0599848283138435,0.0663616909973361,0.10713637772616,0.0770659851571866,0.320081484296864,0.0543183779778634,0.0600517503622377,0.0958836572133381,0.0675479553419186,0.0983231375188643,0.0617133853815395,0,0.229091159910708,0.0451277205360426,0.0595710943371376,0.0699201718323803,0.103973812776314,0.0630448771714548,0.0222272208152873,0.0324598419920569,0.0513846665026742,0.12582105540906,0.264824419303187,0.0303981231081583,0.169371562156008,0.160239179802158,0.156811788180966,0.117952532216204,0.134606869808434,0.230731717023116,0.0707485101161566,0.114515168318982,0.142534848685527,0.0246078607288475,0.0366617408513994,0.169149693800483,0.222862747457359,0.11934657292378,0.201062536405647,0.030364882478009,0.166122279779904,0.26015425280224,0.22962164202859,0.0712874097010218,0.143501789341888,0.118119268327614,0.08293735200193,0.0470614899620953,0.0206844415435791,0.23445277653968,0.247231960862745,0.164593362199127,0.0391490941628311,0.065732433441899,0.110995852256304,0.0919196423157227,0.206487036212381,0.236716079154121,0.232504826862486,0.123393474389326,0.0652587379444735,0.132789473708742,0.0444418054761485,0.125583091088895,0.0354596296527658,0.274134034367039,0.0557813067676267,0.166383911123248,0.0424064375016956,0.0529317700931137,0.0462179752968505,0.0335238724611683,0.170398266695524,0.17847537671459,0.062936766028082,0.0792443763732286,0.1853730167472,0.208043500281293,0.160747628945138,0.105388652036239,0.163399599106961,0.0477315426441841,0.237826944310059,0.0628877371740234,0.0526367419883332,0.10638458998051,0.142449344485072,0.0617891271848326,0.261426527554195,0.320172946186338,0.0408542736765146,0.025346558633268,0.0908200658789225,0.194077829181667,0.0330170593270302
"X_Sonchus_oleraceus",0.0547200397814722,0.0403936473081929,0.126262348048691,0.0620929466786092,0.076310204738829,0.0744576507216336,0.0690759152866114,0.231168266970523,0.0626728624625096,0.0421312734339307,0.10509805937415,0.104186054654074,0.0402018384773755,0.0714230051719443,0.229091159910708,0,0.0439777411477358,0.0481625320491404,0.0541534563165201,0.126137437180144,0.0626341919644848,0.0179913886570313,0.023417913122702,0.0546811940622376,0.151061632160947,0.169823292032152,0.0639680458735646,0.198049175667576,0.234535115988644,0.215402959325807,0.193031147315378,0.251473528078087,0.21304747638128,0.0564474442375337,0.104465616181621,0.216913591670144,0.0270048203542267,0.063621344178776,0.176648778321931,0.207011070726756,0.0764265731867755,0.152494686216952,0.0427986303871085,0.187296641102468,0.0999593824446675,0.120905474736391,0.0552874609316363,0.260085706336567,0.209188685127141,0.0799989229540194,0.056521460494583,0.045014566955112,0.245382047234952,0.222850396417384,0.0768629708408466,0.079117417815397,0.0632123295033709,0.166708397278723,0.16986793112108,0.140368835005312,0.179941518986606,0.27170225427959,0.0417887077848901,0.0450016686525895,0.11215349263492,0.0308624314035314,0.142949641567647,0.0425365014324203,0.0786672646156143,0.0708497395860916,0.176568446811464,0.0403649873537435,0.0621758232281337,0.0302644533673876,0.0297384416081697,0.215831243535846,0.126785294444398,0.0257525429338647,0.0561028787610384,0.17574965290453,0.130084609209619,0.154390713244535,0.120862022311211,0.237333942193925,0.0260755215481803,0.136425527818464,0.0585279501251468,0.0447085531945759,0.0830802271492913,0.122629550061749,0.116665328148191,0.150574456574097,0.234333995939516,0.0485953280381806,0.0209507043924259,0.0784042475745623,0.218232360525314,0.0250124222556375
"X_Ursinia_anthemoides",0.00860579172479125,0.0060039436795684,0.0266558903546569,0.018684882930842,0.0198481199384463,0.0162819738527658,0.0174323647693367,0.0480830030828085,0.0172719573476875,0.0110950027414727,0.0234117443914307,0.0289915816285325,0.0188224469123494,0.017588948489398,0.0451277205360426,0.0439777411477358,0,0.0223935756362274,0.0186472214125294,0.0518900634527935,0.0129533896456205,0.00241859308164494,0.00553597087225052,0.013277778020623,0.0523017307833703,0.03708543738375,0.0208232174216157,0.0637753583505338,0.0724437290754549,0.0700393342717862,0.0645873445586573,0.0610977362925343,0.0414587258363386,0.00606969367576764,0.0346498476217418,0.0623311326437276,0.00615522261744527,0.0138173791659442,0.0466110036456076,0.0359473978790373,0.0293331155056242,0.0627283805194317,0.0126775519388261,0.0698254439960738,0.0499316433027299,0.0356449871212157,0.010632640231275,0.0682676604474278,0.0462380825757795,0.0155476642319676,0.0116750147542019,0.00709216447704037,0.0652982995552458,0.0324806976116722,0.0245294048373049,0.0123252483442739,0.0117998977917581,0.0441825561348017,0.0548663702974361,0.0200059950619547,0.0502368392401821,0.0592260799596272,0.0214072543622258,0.00803260281979661,0.0314622167389984,0.00890919958658661,0.0516560081855561,0.0115855322690084,0.0458967242749422,0.014881791782679,0.035954573180556,0.00945083025429606,0.017228784724017,0.0120632378482998,0.00918721661735001,0.0473863970744642,0.0612136919779461,0.00859736205083113,0.0133322411498172,0.0368112937747359,0.0225489666367832,0.0266706745044962,0.0180088129938963,0.0395139911922442,0.0130231562885364,0.0368890496832875,0.0167578281556844,0.0132682343875578,0.0255160002836592,0.0259717103511848,0.020336152557423,0.04818052914442,0.0459197631500808,0.0183706706511167,0.008400275916211,0.0136302824675589,0.0650102291464385,0.0104550906655079
"X_Wahlenbergia_capensis",0.0204756481691472,0.00852952397629299,0.0428219302061145,0.0311194626359261,0.0265026726384723,0.0322414355639716,0.0417004455053171,0.0636300751291115,0.0275638982700656,0.011097726676504,0.0257581432933508,0.0267592890677317,0.0245596560552434,0.0136158908960961,0.0595710943371376,0.0481625320491404,0.0223935756362274,0,0.0304126628526595,0.0658437771250872,0.0264144267969642,0.00579109366906882,0.0114240736159107,0.0305475964760687,0.0432581822412837,0.0722702116344253,0.0270866221390304,0.0813307416471981,0.0998179699939997,0.0758242810686796,0.0856901326245031,0.102011444312162,0.0415194953729977,0.015288745421179,0.0539807562507115,0.0979572641283118,0.0113119128230934,0.0222482005791959,0.057997399039961,0.0479800845019158,0.0588562912010655,0.0883105682594635,0.0163558890955229,0.100020918129238,0.101234874344401,0.0591799420340781,0.0250958317245038,0.0809139461431295,0.045819086589333,0.025717861383116,0.0212318328650085,0.0124500125134561,0.0885598661056204,0.0403000384945268,0.0362437288987638,0.0238180771378174,0.0134557877486607,0.0462699899758531,0.0741110497049741,0.0481727409008149,0.0921514252316837,0.0569595119374552,0.0315864675979479,0.0122555249621882,0.0524526732875046,0.0156091286277419,0.115014224398121,0.0266695241231372,0.113121949976442,0.0257302588931333,0.0359865385499331,0.0178019474481816,0.0157459921774085,0.0243921544644362,0.0142861384178151,0.0530924721636566,0.0929615840086851,0.0151940506369773,0.0194010513124857,0.0395280521643159,0.0346421420006299,0.0834943962153227,0.0166579569627015,0.0600007223081368,0.0392632605924929,0.0843916103263241,0.0156677639549524,0.0196434258530441,0.0670915239092834,0.0622650539293428,0.0433466661336373,0.091401071855152,0.080663297031526,0.0199280136820214,0.00534268230178399,0.0374663452153118,0.0682190334373995,0.0252068083718585
"Acacia_huegelii",0.00684077018305296,0.00448688493549136,0.0404788049994982,0.0247469204111821,0.0301047164500187,0.0270112953298797,0.0341273917824495,0.0512756838163051,0.0216856057800087,0.0146430495872477,0.0240998432398994,0.0256317372564937,0.0423395112636964,0.0182831982565917,0.0699201718323803,0.0541534563165201,0.0186472214125294,0.0304126628526595,0,0.0612931159234892,0.0129456775793631,0.00615918473986424,0.0138853256754183,0.0199480223399313,0.0659380137873824,0.0552670995392067,0.0241698484952461,0.0891287015039141,0.0997061102730657,0.0906568698726355,0.0898427063092455,0.0698711649993445,0.0424970520983285,0.0114866239370835,0.0666482084151195,0.0974302946040638,0.00987110616622302,0.0198209225659198,0.0640736677502966,0.0413081182052672,0.0584731551503781,0.107831108755848,0.0191068659011519,0.102704635271089,0.0967970698888915,0.0579665448886089,0.0122024060508824,0.094166268862435,0.0516919206767353,0.0318906794090927,0.0202111729666531,0.01288766903601,0.0834139543789093,0.035670227002781,0.0370899345598247,0.0185610922204672,0.0144477217731905,0.0535635006599812,0.067403139032411,0.0460407655580094,0.101973262168476,0.0270332451855673,0.0518503131591242,0.0215219723387228,0.0505622402750947,0.012898930240071,0.0928293214576024,0.0170134297477854,0.104723065075611,0.0331137908775246,0.0436108067428396,0.00785085745012331,0.0246322743285876,0.0169087735656325,0.0114780373895368,0.0439050209073408,0.108000088758541,0.0163098093000604,0.0167805342727245,0.0384269610096891,0.0367577010316238,0.0453988064691684,0.0356814106761968,0.058879548045842,0.0265367813219724,0.074069064654216,0.014055259652831,0.0228830769272541,0.0360475355414272,0.0621352578172811,0.0342823223096897,0.0729728549138861,0.054271884798509,0.0234256376671752,0.00501622932008295,0.0226729998557097,0.0969544973849408,0.0175190739132801
"Acacia_pulchella",0.015274667011245,0.0128283953653246,0.0909647547546896,0.0436246623085668,0.0703421416630106,0.0554354179993589,0.0746402593918389,0.109284204465321,0.0256820073736593,0.035977673931524,0.0501736604040418,0.0787548129265837,0.0778655496192143,0.0634669829126085,0.103973812776314,0.126137437180144,0.0518900634527935,0.0658437771250872,0.0612931159234892,0,0.0374312831720003,0.00974705618175568,0.0234848195382798,0.0347968538840273,0.0883573917287308,0.0739179831694308,0.0399077036951723,0.165882474067189,0.199542818219628,0.151748369268138,0.167163902928409,0.193328674218408,0.104532406186939,0.0154470597088731,0.111262248543305,0.15638619743906,0.0216065936732981,0.0509194345193674,0.193438297281826,0.0785528835662091,0.101328219775084,0.183127251264244,0.0499082192334753,0.17006331434355,0.147579034587287,0.0874754000291974,0.038798310991332,0.184613533076278,0.0958314294685256,0.0873739134536084,0.0406809710235909,0.024029633213395,0.203162264155052,0.12138757970994,0.0728920974259786,0.0305566895969111,0.0445317262352102,0.0883727926494152,0.0876230336737,0.050618841606342,0.142703982557054,0.124836483065572,0.0669347884395811,0.0249548896267426,0.0845791460485587,0.0240293564047934,0.210921247140352,0.0374396218183791,0.140555316270036,0.0681230740032559,0.0872702087303137,0.0227058792357448,0.0416643793403417,0.0593732268004635,0.0304258475136266,0.100740429531603,0.192435954949506,0.0369702263694172,0.0206314980054021,0.0666298610985154,0.0654216671940964,0.120593843354678,0.0884088868170934,0.126172515419682,0.0637000378872531,0.103283137236071,0.060918065972356,0.0444279460223447,0.0764743077930409,0.0836871119991408,0.0895901916955243,0.0828052955215801,0.10801737670446,0.0681664496369796,0.0156505945847759,0.0470191302484155,0.20365695646108,0.0397092648690252
