"","X_Briza_maxima","X_Briza_minima","X_Bromus_diandrus","X_Carpobrotus_edulis","X_Ehrharta_calycina","X_Ehrharta_longiflora","X_Gladiolus_caryophyllaceus","X_Hypochaeris_glabra","X_Lolium_sp","X_Lotus_sp","X_Pelargonium_capitatum","X_Pentaschistis_airoides","X_Pinus_pinaster","X_Pinus_sp","X_Solanum_nigrum","X_Sonchus_oleraceus","X_Ursinia_anthemoides","X_Wahlenbergia_capensis","Acacia_huegelii","Acacia_pulchella","Adenanthos_cygnorum","Alexgeorgia_nitens","Allocasuarina_fraseriana","Amphipogon_turbinatus","Astartea_scoparia","Austrostipa_compressa","Austrostipa_sp","Banksia_attenuata","Banksia_ilicifolia","Banksia_menziesii","Beaufortia_elegans","Burchardia_congesta","Caladenia_flava","Caladenia_sp","Calytrix_fraserii","Cassytha_racemosa","Cassytha_sp_","Conostephium_pendulum","Conostephium_sp","Conostylis_sp","Corynotheca_micrantha","Dampiera_linearis","Daviesia_sp","Desmocladus_flexuosus","Dianella_divaricata","Dianella_revoluta","Diuris_corymbosa","Eucalyptus_rudis","Euchilopsis_linearis","Gompholobium_tomentosum","Gonocarpus_pithyoides","Haemodorum_sp_","Hibbertia_hypericoides","Hibbertia_subvaginata","Hovea_pungens","Hovea_trisperma","Hybanthus_calycinus","Hypocalymma_angustifolium","Hypolaena_exsulca","Isolepis_marginata","Jacksonia_furcellata","Lagenophora_huegelii","Lechenaultia_floribunda","Lepidosperma_longitudinale","Lepidosperma_sp","Lepidosperma_tenue","Leucopogon_sp","Lomandra_haemaphrodita","Lomandra_preissii","Lomandra_sp","Lyginia_barbata","Melaleuca_preissiana","Microlena_stipoides","Microtis_alba","Microtis_sp","Patersonia_occidentalis","Pericalymma_ellipticum","Phyllanthus_calycina","Platysace_compressa","Podotheca_gnaphalioides","Pterostylis_nana","Pterostylis_sp","Pterostylis_vittata","Rutaceae_sp","Scaevola_sp","Sedge_A","Schoenus_pedicellatus","Siloxerus_humifusus","Stipa_sp","Stylidium_repens","Tetratheca_sp","Thysanotus_manglesianus","Trachymene_pilosa","Trichocline_spathulata","Restionaceae","Unknown_native_shrub","Xanthorrhoea_preissii","Xanthosia_sp"
"X_Briza_maxima",0,0.0371579438016122,0.129854100932226,0.14936668710258,0.0734701969116865,0.133908840539906,0.0810227535491071,0.131643289085152,0.106795806447206,0.11490452719861,0.152383571021276,0.156464510045838,0.135973884934849,0.153892957222072,0.166779628209516,0.122433654895388,0.0591565971965951,0.0662206677049393,0.142523661974005,0.101580327126125,0.0548418436323684,0.10792266144956,0.0800514309390533,0.0628730996459809,0.0884257339932698,0.123087799596575,0.0503613436308779,0.108250547535174,0.125310600204512,0.113112961764143,0.11222987578501,0.142510861494102,0.142470448276655,0.0655575938707649,0.161379968986044,0.108042845769157,0.142387937897525,0.0502437328850673,0.111155526337282,0.148198727706218,0.125783141012827,0.10024924616976,0.109027588320283,0.109853550152201,0.122784313444359,0.0937852371465582,0.0939762819613239,0.127408580799214,0.111269828084787,0.0951915824136378,0.0911138376816366,0.115589490326404,0.138898052227421,0.1118642480067,0.123431280340524,0.0566510674812928,0.102203230087073,0.0853001734491101,0.0893827603184455,0.0987238568775247,0.105320596008517,0.138923189558197,0.125186530593522,0.0856636395832448,0.082568637227112,0.116739060059312,0.114548093434025,0.148209044135721,0.118252022543623,0.128195195729942,0.151775093106561,0.0542282210103109,0.0772400209352462,0.129452583989468,0.099160395155546,0.12948271949634,0.118562944774185,0.0796725947200674,0.102669787329099,0.140437221469205,0.121281948472204,0.054526733933676,0.10842720526359,0.0699535595484682,0.0667213469067018,0.120377290901577,0.095776399561719,0.0774360333169901,0.101924821127109,0.0792987851730505,0.0929732245031211,0.120347891143165,0.121488812529635,0.111834436903343,0.1126410072352,0.082698968031969,0.124245153327134,0.0743628397765983
"X_Briza_minima",0.0371579438016122,0,0.0445105359360949,0.0658741399621952,0.0339658217654148,0.0649149530495419,0.0269612299375924,0.0748404824226706,0.0599907631269959,0.0501919653489983,0.0766037972352937,0.0737849495629956,0.0463147277426991,0.0648275294832511,0.0809534782083348,0.0588338839885468,0.0272263381927196,0.0260256377161186,0.0561259336537977,0.0425372889210736,0.0237605403350676,0.0683019771546392,0.0348784726823863,0.0286670077173757,0.0413330213805324,0.0875350995741346,0.0188295517835456,0.0469578691428495,0.055308454507538,0.0481322777688888,0.0484802165746505,0.0570664143860042,0.076746254083483,0.0342483008808336,0.0600577971338959,0.0676134294835639,0.0722882159443686,0.0199069799669954,0.0330933382852627,0.0853565939469218,0.0743282782743125,0.0538957906161231,0.0311062890705297,0.0492768950384765,0.0832203986299702,0.0599560560775053,0.043822335937445,0.0552296463971702,0.0476574075256374,0.0304292039163634,0.0543533155559977,0.041432997368908,0.0636184472979294,0.0598261261734231,0.0766110846746978,0.023902379290588,0.0346997942042662,0.0369925868828721,0.0398814191518031,0.056195381055405,0.0599184583819246,0.0658350819087985,0.0787233434489729,0.0341883094874088,0.0409857292727787,0.0552498464335311,0.0583786201086436,0.0599069843725523,0.0552708240824626,0.045844202306385,0.0842406914563845,0.0192980291801124,0.0247308746754932,0.056175008864417,0.0522805386061571,0.049635266205224,0.0566702235490585,0.0329712043307022,0.0475759882125475,0.0861812198519303,0.065306084536748,0.0201691585563583,0.0585437857407381,0.0230312396241957,0.0264886185357657,0.0876233751156558,0.0510094235760276,0.0308909209141899,0.0353729860123568,0.0288144435928198,0.0363009619965408,0.0793443589895616,0.0760993373195133,0.0345750100296874,0.0532623489577699,0.0430036980565792,0.0549503021352375,0.031394476856356
"X_Bromus_diandrus",0.129854100932226,0.0445105359360949,0,0.217009024275571,0.0996811419682828,0.198251466826271,0.101665134281371,0.168237940529206,0.121746505448391,0.149740630112585,0.221626938382219,0.21037282104668,0.196933206385234,0.226217204467705,0.212220304064042,0.171172804127021,0.0847764637089551,0.0870840264799707,0.167995268070023,0.154337295386883,0.0679093176046467,0.138963365350157,0.105607010415664,0.0971747403930228,0.149611770063272,0.172316707258051,0.0755475475450529,0.189212844626423,0.229198989191557,0.200440075562297,0.200003044855297,0.218169695711623,0.177602985717692,0.0803662155352613,0.218578515758404,0.195939941184013,0.209166097259093,0.0734152092789741,0.15394144514874,0.18354008774795,0.218142325401389,0.179610192235494,0.118131222666463,0.200873485067046,0.193994408618301,0.122103076125824,0.138648798160865,0.230797625118096,0.172888095396611,0.123749864748677,0.135711745273765,0.142850391571113,0.227975074806739,0.150647859180062,0.173916782017546,0.0695100161994049,0.138059000080532,0.14372962201079,0.152047989574363,0.127013461461176,0.18458336264444,0.18470839736481,0.210536392755822,0.127971856633653,0.0967590463598473,0.13264436925003,0.21279096741437,0.179796056715532,0.187559621085213,0.183921258181821,0.191128083884902,0.0684201573876399,0.0860716727723542,0.160728046381749,0.130099701570822,0.194535044652803,0.22034149192227,0.0834115559469814,0.127308879875019,0.183176719278695,0.146381560792162,0.0800847221434802,0.158967166993943,0.100486868169108,0.0723344766340355,0.166549016514875,0.130794776245108,0.113508503514209,0.139426321951353,0.0993943582226668,0.106753150750597,0.167955094787679,0.156569622640946,0.120385000733186,0.190239120473838,0.105815809073719,0.228360141488013,0.083345712185537
"X_Carpobrotus_edulis",0.14936668710258,0.0658741399621952,0.217009024275571,0,0.123941459310827,0.182843637900874,0.125471102346601,0.179462036546553,0.177349554407716,0.200068081473682,0.232790691096405,0.247028879414666,0.230305295500452,0.208119456245764,0.223709384460211,0.218078796149916,0.106416152521414,0.103619123643695,0.206310131585656,0.167972525166976,0.0906955636103644,0.192723810095274,0.141163797405766,0.12249103370484,0.155377372994511,0.215769352355827,0.0933133747015658,0.157776408772381,0.194014320305794,0.169589843261354,0.175484323337052,0.194807461583127,0.184010395324644,0.117489862105484,0.244527410299018,0.220835267527173,0.211237125745912,0.0839696431658122,0.185380149299368,0.217317025143349,0.271094188359955,0.194395801271624,0.146142653413903,0.179512114861012,0.251053975065068,0.156532636872305,0.175582125306387,0.191977484509515,0.166348054800961,0.154394942005957,0.18075657298461,0.180290085282769,0.182069929391865,0.156740943994817,0.226258286228799,0.0874400956699311,0.170894390330285,0.142128305404164,0.150252926403842,0.173443426353344,0.216264476228442,0.161106558861226,0.261844152524103,0.161243098724908,0.124438650871619,0.183031989642608,0.227965748963926,0.218597328359797,0.221270420891123,0.198093650911128,0.201222724790282,0.0885028795819836,0.10617018210145,0.203713869934438,0.175310094737331,0.1976852338683,0.205820849491426,0.107809521133851,0.157630178431537,0.21212223027877,0.192538901066772,0.0916424235463191,0.214278245243888,0.119969489594752,0.0957937264826349,0.222721080830575,0.158540096166322,0.147481980514027,0.163515720137124,0.128864265829346,0.144995669290658,0.220628130993058,0.177363853713096,0.151319697325394,0.231259472781638,0.144256603123446,0.196978672978587,0.10929454747925
"X_Ehrharta_calycina",0.0734701969116865,0.0339658217654148,0.0996811419682828,0.123941459310827,0,0.106958504673024,0.0636138041531313,0.0993355233648032,0.0983002985468013,0.0943787080318463,0.127094590822121,0.125807227838853,0.11044059018841,0.124847211951835,0.134635490082469,0.099714359889887,0.0461730448058275,0.0532268553682803,0.118620657303193,0.0881008614237362,0.0434867921091912,0.0914338803487775,0.0618035867457976,0.0502688940415468,0.0769281416714769,0.096955765716936,0.0390191569034538,0.094556278620015,0.111780588517335,0.0994311160634836,0.10109735862518,0.121289719309702,0.107340969292109,0.0553346536604906,0.135314365619653,0.0956919491141634,0.112188396045323,0.0422064921711347,0.0853275004288147,0.111751002764987,0.098974229309231,0.0872651549565499,0.0833711060077779,0.0995274399556533,0.0950946036126473,0.0728136387518004,0.0801517715410172,0.112843792176779,0.0973722275016582,0.0707798213299408,0.0824802379504064,0.0856919262669233,0.123756405018644,0.0877090632636572,0.10017387324411,0.04983599888679,0.080560123628331,0.0754988327895242,0.0787197653190056,0.0880698692372507,0.0906113661137793,0.111953322166002,0.0962051924330963,0.0660595510996486,0.071161896812961,0.09957934894174,0.101904743261477,0.121111783113329,0.0974703846270005,0.102343271797483,0.115857717997685,0.0423355671326082,0.0623280806726608,0.111677175093054,0.0895993013735755,0.107141833965567,0.110042956519596,0.0653442337260399,0.0860050420398688,0.109199893622209,0.0973033004047748,0.0424242228357997,0.0928724986882006,0.053966333125812,0.0529462315198582,0.0931704404987162,0.0753253885660662,0.065542256371603,0.0799977504016318,0.0688366935892064,0.0739336696931039,0.0925721734128159,0.0918603580864173,0.0880047687682734,0.0871369820022344,0.0737359773208477,0.1111194188713,0.0611203799548062
"X_Ehrharta_longiflora",0.133908840539906,0.0649149530495419,0.198251466826271,0.182843637900874,0.106958504673024,0,0.12688188119773,0.128540582068117,0.18126115974422,0.205763417311954,0.206749181463114,0.229122338520529,0.216005812875979,0.179007847609492,0.179757443378848,0.211029841102118,0.109026274467801,0.1078382059743,0.194370765200512,0.153776976106576,0.0802981300250976,0.169401314219791,0.129567206648921,0.118476051739073,0.122021658331232,0.166027358225801,0.0945301916794987,0.121060069431583,0.144330345347657,0.130000955503227,0.13013402038402,0.158958813002481,0.142800254582689,0.11236594085626,0.227265667461886,0.177987536376637,0.178705339152594,0.0850506132162912,0.187190936429244,0.168528373592986,0.232804285322231,0.160972684493515,0.138718953406914,0.136711896361766,0.205258788013065,0.123459697409994,0.178649856502444,0.141276769413457,0.140557585982339,0.153826441531957,0.184470348696524,0.178399249076067,0.133109071430107,0.114003529251876,0.198192586997726,0.0929350428519379,0.171413619211939,0.109330298245675,0.121538884944539,0.172299431516261,0.176435020136991,0.125578073741644,0.229034391785097,0.155419027844253,0.119219819007685,0.152989589352801,0.193276088447078,0.205449056695876,0.213435784871513,0.185892684285415,0.148809778319313,0.086803355246124,0.100371831967585,0.20918982697859,0.185529069764616,0.174459967898646,0.162839060707903,0.106972480223268,0.154881471048504,0.171792833785308,0.173935004198383,0.0955012628329322,0.215592603357673,0.12256714874741,0.0869954885293906,0.164189564348256,0.146601341695773,0.153751232775929,0.162448688819161,0.130584914049909,0.147249156212827,0.176299142657993,0.125590188017477,0.146998553338891,0.229783367162749,0.153479145224788,0.144997773069822,0.101922044461453
"X_Gladiolus_caryophyllaceus",0.0810227535491071,0.0269612299375924,0.101665134281371,0.125471102346601,0.0636138041531313,0.12688188119773,0,0.115562720419894,0.0701859169640488,0.0708945061955302,0.127311808085585,0.114079996025758,0.109202362571953,0.136622241495119,0.12517457026456,0.0839821115273421,0.0371184092929307,0.0362170343060051,0.08737167348998,0.0933979314625799,0.0372173423833107,0.0936576550353277,0.0507911979896643,0.0383660564769501,0.102532898888768,0.129481065491223,0.0332839758113008,0.122388241500981,0.152939283946536,0.130885856917376,0.134309981603335,0.134025414807408,0.11520734742992,0.0369285065140686,0.129567226467084,0.139686332751437,0.125254846138963,0.0320950243280906,0.0610674589150099,0.122648728498845,0.143311627792419,0.12251758426944,0.0556778966558121,0.135821838521067,0.137414595318043,0.0885619324962079,0.0549159210673865,0.152346120082854,0.105879627252046,0.0459833068448224,0.0656820662211726,0.0572642938706149,0.146941079045055,0.0988632068592689,0.115139864495426,0.0300225381745235,0.0519769577875606,0.0969554367510409,0.102037972065563,0.07698501320985,0.130988321337211,0.120175492683277,0.135371506761312,0.0507333942268828,0.0557585112406667,0.0853154105321534,0.13966720197163,0.0880998241725786,0.108959546738613,0.100482027789848,0.130439005650263,0.0301352950495185,0.0409839992722827,0.0768625399153475,0.0659886613913094,0.110465037300316,0.149616210491524,0.0449832714555069,0.0651642565868273,0.126304117173567,0.0889577210625032,0.0319338219731912,0.0790686851528269,0.0344681893676762,0.0381002510043526,0.131820307072287,0.0753874188058321,0.0452725958852063,0.0695617733883424,0.0409008601419258,0.0457366602736347,0.120191688981927,0.113935503613649,0.0578621264889186,0.0843786949699485,0.0495564128521476,0.153576094417467,0.0426422859816102
"X_Hypochaeris_glabra",0.131643289085152,0.0748404824226707,0.168237940529206,0.179462036546553,0.0993355233648032,0.128540582068117,0.115562720419894,0,0.211274900375384,0.213458019205055,0.191420138236148,0.216943553986502,0.194688900907434,0.160700396347617,0.158910393149923,0.214397521473216,0.104642665913101,0.104634104756233,0.199740812719956,0.16351093177535,0.0753598222218516,0.179002416397858,0.114044491536219,0.108441911323692,0.125541266157122,0.11206599324245,0.088245122348268,0.122282620763101,0.152602077540752,0.136108451262971,0.134965546624968,0.159354914212873,0.102256478961355,0.128124339380764,0.199302869827702,0.171098505151441,0.155554379306996,0.0817936362202041,0.158118820427678,0.114789389347314,0.200536017133035,0.157559270128643,0.127634956293376,0.140315868706612,0.154999722293447,0.0906327571484667,0.187376400583462,0.147601728196073,0.146555177262274,0.142307195686431,0.204035045326783,0.162137970599902,0.14941619950995,0.0776405814378631,0.174441474159236,0.0978127797496513,0.161652021329519,0.113352466972837,0.12663053472982,0.184155767369345,0.163472143793053,0.115974913967963,0.184414448556858,0.145095833314221,0.129513402496784,0.16066639764967,0.188415024703031,0.198141030811556,0.187967579246956,0.170170965416565,0.0874827725935031,0.0792982306369931,0.0950176921208861,0.218825400390446,0.20669130580196,0.165529331332386,0.168142200982467,0.102795893430862,0.156642906088876,0.115670836885268,0.165218014441574,0.0862526704070339,0.220648711074702,0.118085279711917,0.0925152867331634,0.115507371693756,0.140784882872749,0.1502553262455,0.143850020027692,0.139808152592164,0.15340086730809,0.131403193072919,0.0757312199475852,0.133785283476178,0.215883486360016,0.171268446042517,0.151842464844343,0.103553157789085
"X_Lolium_sp",0.106795806447206,0.0599907631269959,0.121746505448391,0.177349554407716,0.0983002985468013,0.18126115974422,0.0701859169640488,0.211274900375384,0,0.153999730076779,0.221942872313598,0.200048078503522,0.143359994027912,0.179862975308698,0.223626666296754,0.164880026141564,0.0686589549271162,0.0632301185076995,0.160259137080086,0.123757335676719,0.0708738719204212,0.197924208808782,0.0917081389175783,0.0631027987665081,0.125259902610616,0.259714553899044,0.0506353381126108,0.132402905341574,0.16180889375531,0.143008418350855,0.141531393629102,0.161363878999833,0.213084170458023,0.085622138210649,0.183563615520724,0.200664655013481,0.199696388021561,0.0554031567031505,0.0942170179767069,0.239419268736196,0.215147244445819,0.162537035504785,0.0951459759772129,0.147282359255718,0.24716141268355,0.170580575340726,0.113108539119989,0.160588237424062,0.128690853496732,0.0814371936300907,0.151580762148963,0.0993220725476286,0.175557268811714,0.167220344743803,0.229231936121296,0.0681016533303376,0.0919744378868309,0.111046589534997,0.118962455237478,0.171823973622898,0.18515506514713,0.174354456685844,0.240456097978438,0.0872712303324649,0.116336900620772,0.163455955337795,0.174905191751114,0.164355418317533,0.165400149753404,0.12520961567297,0.240013712144558,0.0507262455173788,0.0688599891670267,0.14158375803503,0.142597163245664,0.140250107690913,0.168646168021283,0.0881086572669356,0.127063500813085,0.249454186554451,0.183364893349937,0.0503298116144927,0.160787213773172,0.0664779418679066,0.0793018299632901,0.2610806875099,0.148444545983699,0.0821145402197048,0.105802394037888,0.0788293720934628,0.0874443563780641,0.227843204216988,0.216505859689897,0.0934772137431242,0.138629217746294,0.118608812762359,0.162734280625158,0.0834802530670473
"X_Lotus_sp",0.11490452719861,0.0501919653489983,0.149740630112585,0.200068081473682,0.0943787080318463,0.205763417311954,0.0708945061955302,0.213458019205055,0.153999730076779,0,0.225826924440197,0.210490048025974,0.160602573899446,0.212138943147136,0.226065652088853,0.170488922014153,0.0728326541282131,0.0607158112559033,0.153117566055353,0.13656496741353,0.0686859460732926,0.182747575680301,0.0922147715596248,0.0624874074344188,0.136869132816447,0.244576430761425,0.0544705583402599,0.168296177823262,0.202790088760613,0.179075386428958,0.180793416647493,0.194311529286519,0.216173455773343,0.0810755514697918,0.173323260038294,0.200624796113328,0.214803371325523,0.0566751959259829,0.101999045008494,0.23689978558578,0.216957077541282,0.173750956642456,0.0924498463668373,0.17830960151202,0.23223182828216,0.162410399761845,0.117174204463335,0.204457311001631,0.159931784407797,0.0778595735904122,0.132196681745851,0.102416904031459,0.217271229952385,0.177252955833327,0.20715678150857,0.0559276775703024,0.0866159557162737,0.129153247227655,0.137723230411984,0.154289549557713,0.18867990074676,0.196238720916805,0.228212162235357,0.105879387338887,0.113351284918139,0.14931003855136,0.194435422744748,0.153643651867652,0.171596321385115,0.154513071255678,0.238869821904095,0.0503097304949578,0.068217351604508,0.1482296932237,0.136383068364349,0.158664833821796,0.201669590060685,0.073195497371083,0.117979276460505,0.237362256654437,0.177929195799694,0.0547346880980775,0.166290565337031,0.0676968304090195,0.0740067729705904,0.237861070730597,0.144588621161697,0.0823168994326648,0.105027974232108,0.0784947088098477,0.0837259837361712,0.213518884250921,0.216749096389577,0.0971176351579227,0.153350925547281,0.11411304750423,0.201811605476275,0.0767021298991054
"X_Pelargonium_capitatum",0.152383571021276,0.0766037972352937,0.221626938382219,0.232790691096405,0.127094590822121,0.206749181463114,0.127311808085585,0.191420138236148,0.221942872313598,0.225826924440197,0,0.269578388749507,0.232549769649756,0.240272873376483,0.23622581186976,0.238688631065013,0.115206053324406,0.109882699057798,0.216492487144837,0.186930120993266,0.0900785335241274,0.209032911888134,0.136838548992861,0.124653431374262,0.164034550347509,0.229693043232045,0.0970103667760725,0.182932472512613,0.223229225634532,0.196968147331744,0.197930114321808,0.220262316070073,0.201690794795317,0.135141922837186,0.248466679510331,0.230194070132609,0.234688612687983,0.0914246265789607,0.180928942802295,0.223645475799562,0.271129659556005,0.209939435335641,0.148369352534737,0.200694792486057,0.253058455536395,0.163729756521165,0.183605980961929,0.222182464832424,0.187812950273764,0.154652188915354,0.217168506448301,0.177690014560367,0.222067671223961,0.164233068629368,0.243618554909615,0.102428301299152,0.174480139557893,0.150046593891404,0.166808664688509,0.207119415929825,0.22377509620905,0.187737882300605,0.274025322524656,0.161434047544284,0.141313075277663,0.185227476732016,0.244577039668088,0.225867907964885,0.226663777239651,0.215639789028128,0.220155805608741,0.0876991959117916,0.109310686225256,0.234915570402476,0.205662603271571,0.206822514907008,0.230792326482129,0.11596430380165,0.170686572149397,0.230192864513808,0.201371757919041,0.0954911679303067,0.235445883884565,0.125186678347271,0.0974079918733319,0.229233182014435,0.177704138749271,0.164262727641202,0.168780952593786,0.145029008924589,0.154717957399362,0.224495157342795,0.190690570572629,0.148638801317219,0.249587672660636,0.17880730533985,0.223494980005083,0.112334117001461
"X_Pentaschistis_airoides",0.156464510045838,0.0737849495629956,0.21037282104668,0.247028879414666,0.125807227838853,0.229122338520529,0.114079996025758,0.216943553986502,0.200048078503522,0.210490048025974,0.269578388749507,0,0.222520811811862,0.252674162775403,0.246560071232237,0.221318092958185,0.107171294535243,0.0973635927979552,0.207326196602226,0.182604541246565,0.0859846209825445,0.222539255383352,0.129252405560297,0.113972132448939,0.171328717812377,0.246587458749688,0.0882547596777557,0.197888493635133,0.240533531558225,0.212006397139867,0.21396651616511,0.230387751677821,0.22427217169697,0.110462527512052,0.239837133857599,0.241004137823649,0.252363994162531,0.0812198591446029,0.157650831252076,0.243177984988469,0.267652390535377,0.208381664767795,0.127790036365022,0.214171308107422,0.257776954090567,0.168512835671034,0.177144109484246,0.242506182128668,0.19917073597646,0.13647726334865,0.204516771061857,0.163005845077865,0.245267323235479,0.187109631859808,0.240857707864101,0.0924867814793282,0.160055939245592,0.158592876925616,0.170975618748315,0.190651076313273,0.231132647455011,0.214314392961975,0.260693681714806,0.150189794268751,0.138296340716311,0.183057377424725,0.241001315978595,0.208030284213836,0.225759495209675,0.211341748828394,0.249488934048182,0.0803018552969041,0.0936962935820921,0.199235893378329,0.199816057838775,0.209220672781766,0.242290330708122,0.110407251433525,0.15907857247818,0.250264865149021,0.202017148954356,0.0852183499757834,0.235346426712842,0.112742697313064,0.0862033308059966,0.245605089873744,0.174844004828565,0.138398532301203,0.150575410732816,0.128647059127336,0.133916918884233,0.232824999910065,0.215919027808309,0.144518293921845,0.234446658393326,0.157622556189218,0.241134901812503,0.103338933477132
"X_Pinus_pinaster",0.135973884934849,0.0463147277426991,0.196933206385234,0.230305295500452,0.11044059018841,0.216005812875979,0.109202362571953,0.194688900907434,0.143359994027912,0.160602573899446,0.232549769649756,0.222520811811862,0,0.240108655624673,0.245171074636724,0.173345221888869,0.0813330361921706,0.0907209192759403,0.207830146264924,0.160057612183632,0.0750921239043802,0.150375796358062,0.115688349370127,0.0919792084949431,0.156221941041652,0.188778726418457,0.0768478666751006,0.196957239367302,0.235588950962515,0.208415740342089,0.205014624430247,0.225708566251356,0.206422319491562,0.0889307868673462,0.250541709185335,0.203984304748104,0.210336974367796,0.071994805879528,0.15455955894807,0.209607337085496,0.216711112609167,0.18427789976542,0.146815114286202,0.209128925292931,0.200506177613177,0.135626273714439,0.135524053926571,0.237442987091535,0.177211212310328,0.128105216541156,0.134016145266861,0.148634839162804,0.238462528305274,0.16538101641456,0.189601737470062,0.0737448527194561,0.139180348638091,0.147991532489812,0.159268672687291,0.136822685445656,0.194810500582799,0.212062123387521,0.209704876869101,0.119764891430843,0.117085633250252,0.165933192769606,0.215159584073281,0.199228346539258,0.190488992285037,0.194291385956992,0.215936885774497,0.0726749843818192,0.111763529106686,0.170938267751192,0.127602369442153,0.201452611249243,0.225409297297114,0.101174349562913,0.138731838359796,0.205887817291106,0.163744997650978,0.0763114165760303,0.150962520574408,0.0925084555591699,0.0889215793088377,0.188326217926519,0.134881033470374,0.114177528208912,0.147387115054509,0.104519530392269,0.116377849742828,0.180489401484185,0.178089373833842,0.153088119776708,0.166670216591297,0.108333878198425,0.235640365292422,0.101806909930769
"X_Pinus_sp",0.153892957222072,0.0648275294832511,0.226217204467705,0.208119456245764,0.124847211951835,0.179007847609492,0.136622241495119,0.160700396347617,0.179862975308698,0.212138943147136,0.240272873376483,0.252674162775403,0.240108655624673,0,0.219166531620935,0.222196276869772,0.114382032459317,0.115920198502938,0.209779689314504,0.175838951905774,0.091710911232241,0.185006536569315,0.145160697459478,0.126782756233337,0.149765219295718,0.201652379137338,0.101315946972994,0.156713577713431,0.190382589172374,0.167674436206242,0.166945893581909,0.196893534036109,0.179031223421392,0.118309545536994,0.262006659845742,0.212965595773169,0.205942943522918,0.0914391965435172,0.207587298005601,0.202715727886871,0.263312608827165,0.19088082717531,0.15902903222235,0.175446397088394,0.246257505942316,0.14829962548272,0.189606788167375,0.186027251743485,0.160503735675141,0.168200077224412,0.186155467771482,0.195010375485232,0.175709695393456,0.137593392974489,0.229818469905972,0.094825958732415,0.181564273710666,0.134905432628985,0.146146810406089,0.184275188392578,0.207409800388178,0.158753116143274,0.267248704468057,0.169721335939335,0.129540589050191,0.174691692341741,0.223670478318419,0.222353130803785,0.236173185290673,0.213380886323156,0.189471691423974,0.0938121994834187,0.111548397373576,0.226745657575312,0.185058227937946,0.20404561279365,0.200478684424349,0.114978558456951,0.167387946902691,0.209741050554061,0.187453638602085,0.101047696288,0.21951108231067,0.130682774909217,0.102035174120745,0.206859523134326,0.160453876708835,0.158319308259146,0.178069077852244,0.140367977639753,0.151259776987524,0.213357734841202,0.162239606207819,0.16552436724893,0.244738235492841,0.153648861289998,0.193392544693945,0.111788443579714
"X_Solanum_nigrum",0.166779628209516,0.0809534782083348,0.212220304064042,0.223709384460211,0.134635490082469,0.179757443378848,0.12517457026456,0.158910393149923,0.223626666296754,0.226065652088853,0.23622581186976,0.246560071232237,0.245171074636724,0.219166531620935,0,0.229299317045843,0.112231747911286,0.106671355227351,0.219429317701559,0.195707027472145,0.0926446715103085,0.218895021987324,0.132352713212452,0.121120268461367,0.188068651325339,0.226807513919503,0.0962644991341463,0.192399428594117,0.24777377746374,0.21323215352555,0.217770729363485,0.218850294640253,0.171929035933628,0.129874510850617,0.274153932450692,0.273693760496301,0.208754296184395,0.0874132826781725,0.181485386828257,0.202327189497523,0.29813209596888,0.238627804048976,0.142990851229706,0.229199943761904,0.279649812018085,0.159172724677546,0.196464005213207,0.240958859289999,0.185001033085588,0.152027476638208,0.218114904287254,0.177453458617874,0.218285949541402,0.13927340567817,0.248049167051737,0.103499012166301,0.175115176865769,0.168054403482781,0.186087938444538,0.20322873850097,0.252825993460532,0.163759823224389,0.288019919942692,0.157602124184813,0.14671995990944,0.196867252442248,0.27423073239728,0.228683886559643,0.249718636817838,0.210227316913682,0.183098950451273,0.0860940419312767,0.107576375191845,0.235045238751862,0.218699527160076,0.213234122512038,0.26377205448071,0.11713144914801,0.181988840899714,0.205130787344836,0.202357916935423,0.0937432311525176,0.23187932591253,0.126607436191855,0.107938000268008,0.237529762750521,0.167229940557406,0.15462076613431,0.176519493466455,0.145347273103212,0.161595940380226,0.22653792196694,0.16321390579657,0.156306399871425,0.241762779029161,0.177812511284467,0.250740568739437,0.113455749805103
"X_Sonchus_oleraceus",0.122433654895388,0.0588338839885468,0.171172804127021,0.218078796149916,0.099714359889887,0.211029841102118,0.0839821115273421,0.214397521473216,0.164880026141564,0.170488922014153,0.238688631065013,0.221318092958185,0.173345221888869,0.222196276869772,0.229299317045843,0,0.0803832538732648,0.0768227159803988,0.165961890405443,0.147329517002324,0.0690043536283392,0.190029618720571,0.0974254482313205,0.0776814349311485,0.149413495598145,0.243139544461658,0.0683009991115919,0.178387396850948,0.218020701470298,0.19288934682277,0.192554054099314,0.208470388898255,0.213930033106473,0.0835567496490667,0.202192346113351,0.216136059319958,0.228671665908891,0.0635892579617679,0.120843014419577,0.23597120743749,0.226849063777173,0.184164271491583,0.0960151246990684,0.194513939012471,0.239760400727469,0.165882926332125,0.132936985045631,0.220259969299025,0.173863563706745,0.0985240844565394,0.1520441499304,0.101924340872401,0.228270723635399,0.181556320325034,0.220167313060948,0.0692167162197502,0.115630137583455,0.137819680245131,0.151695116509868,0.170739765803916,0.199113970754866,0.200881496346895,0.240459427655585,0.114075375893488,0.113023838124133,0.158113693767227,0.206960210512736,0.16871173222346,0.18273509247512,0.169499677094726,0.241273008959031,0.058861933319876,0.0745263608958936,0.162122961162721,0.168628232583633,0.177196824457792,0.219145601094435,0.0848627922275711,0.133521600854681,0.24133178796486,0.17916819871437,0.0639584641922468,0.169560748734747,0.0799662749262119,0.0759438543555525,0.241373252856621,0.154725367162667,0.100205628087818,0.123989962454293,0.0889480594642948,0.103751529977597,0.219888945374546,0.215447451287609,0.103507943032596,0.181639273231386,0.12917817566681,0.218341977612645,0.086846887384182
"X_Ursinia_anthemoides",0.0591565971965951,0.0272263381927196,0.0847764637089551,0.106416152521414,0.0461730448058275,0.109026274467801,0.0371184092929307,0.104642665913101,0.0686589549271162,0.0728326541282131,0.115206053324406,0.107171294535243,0.0813330361921706,0.114382032459317,0.112231747911286,0.0803832538732648,0,0.0322584244783492,0.0696238115773956,0.0710064337912447,0.0337743489617224,0.0837543959744454,0.0480350002648035,0.0383142301665786,0.0711988141123409,0.107112949078145,0.0311151565616739,0.0927297672401408,0.109793595074462,0.0974922702084692,0.0966605756894529,0.103384564970959,0.105842251011556,0.0411016782839105,0.0898487013147589,0.0971032730740455,0.112513491408406,0.0299498820543457,0.0605004173160696,0.110730444565838,0.103541713606499,0.0861903993299776,0.049637189977894,0.0955705902656205,0.105483792665304,0.075077690399558,0.0575006691791833,0.111907781939923,0.0840341831738409,0.044184320147978,0.0697909041474802,0.0525087025664626,0.116340662138023,0.0900982769936241,0.093893160268669,0.0307164973266654,0.0496529774543712,0.0687848328651892,0.0721184906438859,0.0692584023722199,0.0904763951277593,0.100465852702509,0.104440210041051,0.0464364049388173,0.0515038427632157,0.068356905778476,0.100154824644146,0.0684837281260042,0.0793269973622225,0.0844652860918138,0.117059265521339,0.0276557932775457,0.031819404909348,0.0669580449650738,0.0653337230203984,0.0871895647322334,0.105128395611154,0.0381159445755539,0.0575621433458636,0.11079884944144,0.0806958563598305,0.0311988162680306,0.0803958314397181,0.0385602630584308,0.0349538179142298,0.108222071706071,0.0714244131555276,0.0487795626813873,0.0549583029275846,0.037373881616014,0.0434932805281978,0.0974018712023629,0.103273607747762,0.0488265872476886,0.0790893085487431,0.0531462656973393,0.108822570272291,0.0361220019444183
"X_Wahlenbergia_capensis",0.0662206677049393,0.0260256377161186,0.0870840264799707,0.103619123643695,0.0532268553682803,0.1078382059743,0.0362170343060051,0.104634104756233,0.0632301185076995,0.0607158112559033,0.109882699057798,0.0973635927979552,0.0907209192759403,0.115920198502938,0.106671355227351,0.0768227159803988,0.0322584244783492,0,0.0711044613754353,0.0728342450008308,0.034539214804169,0.0866963535044912,0.0463688754802564,0.0311808905474061,0.0810567551747636,0.116103735328306,0.0292776832991465,0.0996618881632871,0.121979131501439,0.104609445535332,0.107964438005131,0.106878583672012,0.106953585648269,0.0382234692295053,0.101757123622244,0.114948338297899,0.111522256058873,0.0294453523857987,0.048583826463928,0.110745473911675,0.120706187573711,0.0981760021024472,0.0447029006989781,0.10822802823276,0.120421767237934,0.079361479927431,0.0506898796900154,0.12221744714515,0.0873048396670942,0.0369463378796934,0.0600523734523021,0.0506846337156043,0.121076097403204,0.0909260236395113,0.100389511734054,0.0254936624895182,0.0398019878366944,0.0768720271607881,0.0816289513307954,0.070003919772194,0.105032516141129,0.101144534668218,0.119116603737654,0.0409819364943902,0.0471041440871386,0.0724637339875451,0.111521632033122,0.0704956358619419,0.0878048382222598,0.0874968329690019,0.11676094501339,0.0247230539303912,0.0300497207361018,0.0618887426729265,0.0630085497122353,0.0922598957922283,0.120352708650672,0.0370483980586543,0.0606803606598718,0.115757386957927,0.0823159891045409,0.0294215807402491,0.0743622235000666,0.0294506246453128,0.029838674864941,0.11775810293132,0.0655576861714783,0.0346176331129953,0.058295375836683,0.0371045074937763,0.044852869590307,0.104557395268794,0.104916203776205,0.0449439376628114,0.0684765612732226,0.0442803206294561,0.122417037365078,0.0374365251042307
"Acacia_huegelii",0.142523661974005,0.0561259336537977,0.167995268070023,0.206310131585656,0.118620657303193,0.194370765200512,0.08737167348998,0.199740812719956,0.160259137080086,0.153117566055353,0.216492487144837,0.207326196602226,0.207830146264924,0.209779689314504,0.219429317701559,0.165961890405443,0.0696238115773956,0.0711044613754353,0,0.163162016157195,0.0758186038425441,0.187700894593761,0.105458303740005,0.073684594718483,0.17212990989879,0.243565079461566,0.0611574052416562,0.193696777778785,0.245905974842327,0.211181356514123,0.212677284919247,0.210827643706732,0.203485949533646,0.0930623820841883,0.238279285035217,0.254198525827845,0.200802312052468,0.0615834342401485,0.113273065179607,0.229739867704015,0.255156993940346,0.218305342820079,0.127528539104493,0.222876050506575,0.263139819531269,0.167030869778329,0.117312357659963,0.241535858082802,0.1648648306744,0.100648032210784,0.145161245637861,0.117352833805962,0.228494080288286,0.16137274527471,0.22539538636481,0.0763451477269325,0.11940333756607,0.159531787598562,0.169259276997746,0.157066727256797,0.235422374066798,0.189660507282507,0.259582250305051,0.0972248837900717,0.128601244649867,0.190201668284003,0.24492461183244,0.205068859178095,0.199454965155599,0.170881117767866,0.222272685165156,0.0596216976578925,0.0977744610062186,0.165020961235668,0.146915200826198,0.184994421542122,0.24923960683542,0.11020684642449,0.141079696937625,0.231879841522247,0.186618651585458,0.0634490232361233,0.148090430026103,0.0747454542161343,0.0843243420068671,0.25404633490163,0.14189583717752,0.0966932996080704,0.134735652639047,0.0910404950820844,0.109668580807983,0.227122807035824,0.198775503921886,0.12986731805652,0.14521607762532,0.119428459957981,0.248721791968578,0.102649960862771
"Acacia_pulchella",0.101580327126125,0.0425372889210736,0.154337295386883,0.167972525166976,0.0881008614237362,0.153776976106576,0.0933979314625799,0.16351093177535,0.123757335676719,0.13656496741353,0.186930120993266,0.182604541246565,0.160057612183632,0.175838951905774,0.195707027472145,0.147329517002324,0.0710064337912447,0.0728342450008308,0.163162016157195,0,0.0690146870834459,0.134701235967365,0.102629516820166,0.0773904688520928,0.103231664553327,0.175388855895842,0.0622594215263856,0.115470603792422,0.133995690499483,0.122284736163429,0.121603308738578,0.15165441995969,0.175269342469416,0.0693641196967666,0.187824955951471,0.140861961338732,0.164783232248028,0.0595212055456141,0.137016381659524,0.188195160560235,0.170423014690063,0.124745705748123,0.12299682027779,0.122146559844911,0.174964007037237,0.126352709022185,0.112976303766698,0.135084452448196,0.120951004598587,0.109628802408144,0.108172436532128,0.130104024582364,0.147593305144261,0.134730197483785,0.166536865038244,0.0630408188928736,0.123556107327223,0.096121971895132,0.101036163979199,0.11912592071844,0.13849585324541,0.156048484440732,0.179495592625984,0.105157825320577,0.0967011874822392,0.13655753254605,0.138696494508025,0.168819361167164,0.150773504391907,0.147157794420226,0.182379479631781,0.0637713089596803,0.086792307646906,0.150362136309056,0.113476005398223,0.143277132340832,0.133037722625966,0.0865075739821271,0.116537456310592,0.186418452224782,0.150287365928597,0.0640532641203009,0.134645203957258,0.0805944563761457,0.0742181234165417,0.173191318666356,0.116065498286789,0.0974098995132642,0.118023602589614,0.0935437422604775,0.104462252501963,0.166368337509485,0.16136112600938,0.123288948217034,0.143366614345336,0.0933927201762896,0.133993993502601,0.0814694696092752
"Adenanthos_cygnorum",0.0548418436323684,0.0237605403350676,0.0679093176046467,0.0906955636103644,0.0434867921091912,0.0802981300250976,0.0372173423833107,0.0753598222218516,0.0708738719204212,0.0686859460732926,0.0900785335241274,0.0859846209825445,0.0750921239043802,0.091710911232241,0.0926446715103085,0.0690043536283392,0.0337743489617224,0.034539214804169,0.0758186038425441,0.0690146870834459,0,0.0778381941611997,0.0422738883106139,0.0311414645709533,0.0675450507918932,0.0854897562105029,0.0259950552599308,0.0779404388314056,0.0955674488185751,0.0829272459610341,0.0866545590881454,0.0889809103391587,0.0785485076983927,0.039441080129301,0.0919911001964963,0.0926671295341145,0.0863860345861338,0.0274749536599919,0.0507668884235233,0.0833858232902207,0.093546435026133,0.0797526256148599,0.0526709581889373,0.0849841719740421,0.0895593918049391,0.0602517782771746,0.059603333192971,0.0944776561441584,0.0753053614687784,0.0445674975368447,0.0672814833587721,0.0524754918553501,0.0960748986600361,0.0680043904118261,0.0836022173103764,0.0332304336838566,0.0510842884772548,0.0634364011857945,0.0667197047516571,0.0686620186249391,0.0832588544876179,0.0767217157633002,0.0902359330658839,0.0423246514176277,0.0506320149183609,0.0708093537586555,0.0900881393093746,0.0772698044945161,0.0739253745702796,0.0695406653023418,0.0867283057492726,0.0261632507845352,0.0364483122826711,0.0703975683430216,0.0632152480512184,0.0748465449749294,0.0961522080077855,0.0399640687582818,0.0595735234087992,0.0864111462681038,0.0709029232337791,0.0272381402602509,0.0725486182154378,0.0352697380219907,0.035906835290245,0.0871232149465458,0.0588409264211766,0.0446431319651542,0.054088906261841,0.0428507875662944,0.0457795565343965,0.080024629843325,0.0750069307461554,0.0546398734808124,0.0619670062549867,0.0537606084544593,0.0954493110120698,0.0411997714899479
