"","X_Briza_maxima","X_Briza_minima","X_Bromus_diandrus","X_Carpobrotus_edulis","X_Ehrharta_calycina","X_Ehrharta_longiflora","X_Gladiolus_caryophyllaceus","X_Hypochaeris_glabra","X_Lolium_sp","X_Lotus_sp","X_Pelargonium_capitatum","X_Pentaschistis_airoides","X_Pinus_pinaster","X_Pinus_sp","X_Solanum_nigrum","X_Sonchus_oleraceus","X_Ursinia_anthemoides","X_Wahlenbergia_capensis","Acacia_huegelii","Acacia_pulchella","Adenanthos_cygnorum","Alexgeorgia_nitens","Allocasuarina_fraseriana","Amphipogon_turbinatus","Astartea_scoparia","Austrostipa_compressa","Austrostipa_sp","Banksia_attenuata","Banksia_ilicifolia","Banksia_menziesii","Beaufortia_elegans","Burchardia_congesta","Caladenia_flava","Caladenia_sp","Calytrix_fraserii","Cassytha_racemosa","Cassytha_sp_","Conostephium_pendulum","Conostephium_sp","Conostylis_sp","Corynotheca_micrantha","Dampiera_linearis","Daviesia_sp","Desmocladus_flexuosus","Dianella_divaricata","Dianella_revoluta","Diuris_corymbosa","Eucalyptus_rudis","Euchilopsis_linearis","Gompholobium_tomentosum","Gonocarpus_pithyoides","Haemodorum_sp_","Hibbertia_hypericoides","Hibbertia_subvaginata","Hovea_pungens","Hovea_trisperma","Hybanthus_calycinus","Hypocalymma_angustifolium","Hypolaena_exsulca","Isolepis_marginata","Jacksonia_furcellata","Lagenophora_huegelii","Lechenaultia_floribunda","Lepidosperma_longitudinale","Lepidosperma_sp","Lepidosperma_tenue","Leucopogon_sp","Lomandra_haemaphrodita","Lomandra_preissii","Lomandra_sp","Lyginia_barbata","Melaleuca_preissiana","Microlena_stipoides","Microtis_alba","Microtis_sp","Patersonia_occidentalis","Pericalymma_ellipticum","Phyllanthus_calycina","Platysace_compressa","Podotheca_gnaphalioides","Pterostylis_nana","Pterostylis_sp","Pterostylis_vittata","Rutaceae_sp","Scaevola_sp","Sedge_A","Schoenus_pedicellatus","Siloxerus_humifusus","Stipa_sp","Stylidium_repens","Tetratheca_sp","Thysanotus_manglesianus","Trachymene_pilosa","Trichocline_spathulata","Restionaceae","Unknown_native_shrub","Xanthorrhoea_preissii","Xanthosia_sp"
"X_Briza_maxima",1,0.00302470158905015,0.00850050891047932,0.0156421397786978,0.0034065377136926,0.024827437602879,0.022270855309312,0.0420022175803745,0.00786636890443232,0.0115600216428659,0.0169384497540774,0.0315887903806041,0.00361487126668459,0.0204723481866242,0.0019135923258979,0.00465007583602,0.0109283046966153,0.00582667081806462,-0.00182074287815249,0.00393462530225626,0.0512198409757422,0.018429685192506,-0.000131018325855092,0.0258569863381841,0.060221443048582,0.0271836223944066,-0.000906612564408466,0.0428771109662665,0.00742909958305436,0.00896206428090836,0.0246447060195831,0.0172058534064465,0.0585044238687123,0.0116630646856138,0.0163240620348447,0.0323444895356173,0.00963272186367153,0.00951933265169013,0.00255494895866404,0.0278065630452785,-0.000372017090474727,0.0228472198291019,-0.00224459618334249,0.0144081859190067,-0.00805806420041058,0.0467194169322382,0.0109851268789532,0.00788434049137439,-0.000753371512496049,0.0459296211331819,0.00472462888326484,0.00207497639751693,0.0144943042525789,-0.00167574444331626,0.0207924721495235,0.00349858263133826,0.00999480971608365,0.0288186906039483,0.0224985668220922,0.0198723781647006,-0.000786241775959197,0.0320823139935323,0.0124845871419099,0.0083783715960553,0.0187658698974779,-0.00242397002704405,0.000637242984559541,-0.00100242135503434,0.011080578423335,0.00686815873786679,0.0123279272662721,0.0419218545897163,0.00967613702889531,0.00353420060852811,0.0063548512448976,0.00104425839548246,0.0211534607539364,0.00143355209852213,0.0390778291797523,0.0426178659579807,0.0185200294987531,0.0288519360943324,0.0218517769594654,0.00609782560712312,-0.00288880160667963,0.0724316606734157,0.0511866316418112,0.0131754985696649,0.00880426335702744,0.00794194727818784,0.00163601462099182,0.0634414867072037,0.0385844772721467,0.000378413135321632,0.0261965389376683,0.0170191446330554,-0.00570108239344257,-0.000783007639367983
"X_Briza_minima",0.00302470158905015,1,0.0132214442360123,0.0415229777664288,0.0742633237416599,-0.00170352914096256,0.0681842197595454,0.0128618670282073,0.00968407967419072,0.0145181306557623,0.0168167766097558,0.00158891676553669,0.135965967734121,-0.00465658956904817,0.0114765803343106,0.0539859787558937,0.0851638315619512,0.00523650571774119,0.0290463109216925,0.1466052118425,0.022623716102728,0.00848413580491291,0.0112796806539407,0.0284467096449548,0.032331229998708,0.0290110550596232,0.0384913514532582,0.000423888281439719,0.0847736808369097,0.0129165367272991,0.0261562805383313,0.058302339043192,0.0227076167871149,0.00617189261776135,0.0466490320478254,0.0227593787249236,0.00231182814783288,0.0120491275452392,0.0177557321386138,0.0131774882734791,0.00744467154521878,0.204542903273589,0.0429262440265415,0.0120376107231317,0.138896943552621,0.0249003500364583,0.0117679014296661,0.00651818388477394,0.0675533202307787,0.1229729372662,0.027390229615,0.0475687549016746,0.00735884802034411,0.180141494768596,0.0275309796934199,0.045217313602817,0.0255783199570192,0.0281734217277523,0.0270175839593354,0.0134692064465575,0.113887327299488,0.0167673188984734,0.129226865210906,0.00590443715942465,0.012967836028247,0.0393088783427703,0.0363386514680318,0.0173715273388862,0.0812808579832977,0.00795977468267014,0.00833803850901452,0.0221778501376351,0.00649865768174114,0.0387983777285843,0.0156721619614309,0.0417255615037231,0.0379501337406716,0.0381753225295794,0.0206516540732907,0.0370371427177966,0.0248026436316584,0.0297135345540625,0.00846033554967269,0.0231624745787824,0.0357513318642307,0.0408952318429945,0.0201531706764187,0.0431734368705651,0.0657584460968275,0.019043360033062,0.027198223255899,0.0257712138397653,0.0290826483615283,0.0184680063965456,0.0378109750444716,0.0207205168475961,0.0785425974104425,0.0664235713926087
"X_Bromus_diandrus",0.00850050891047932,0.0132214442360123,1,0.0610916804732079,0.231021495204144,0.145079347301772,0.243349490187853,0.46514217465273,0.0371444672367965,0.172949869891309,0.416799015190182,0.293747617518624,0.0822145291763042,0.385287428368495,0.170468972847472,0.0707336506109085,0.0407513526209921,0.0974013241678127,0.0877743899458024,0.0154376625419433,0.160845430715773,0.0502640772243024,0.0619202488462284,0.0591429001474171,-0.0175713525568315,0.238210574318351,0.0560689923994824,0.475440298140294,0.570415895888895,0.429422836314135,0.0330282372251125,0.436326248576507,0.438752524394126,0.0402346714561453,0.0522627011532884,-0.0110715595857326,0.260706287322244,0.0285217037454543,0.0816154974903305,0.312389636094743,0.035188550257922,0.10892844646029,0.0695175431262598,0.392812669227701,0.056268854641975,0.298763091324973,0.134106257599611,0.604107861423858,0.0749473840656754,-0.00899585798532821,0.149145568095769,0.122554847793049,0.53916903490998,0.0180039025716998,0.029633861159463,0.0758261096671311,0.357526535378167,0.0045726793782599,0.0763939756553791,0.170836056003897,0.278557843341734,0.548314694049787,0.174996311604742,0.0843468135392048,0.180425671434274,0.0654537945678687,0.277294830365755,0.0105024413516936,0.0174415078949188,0.167212235796944,0.244366922280549,0.0122617537807124,0.0287739177113478,0.305755203613129,0.129227225963576,0.221276694387901,-0.0190581273868834,0.029640285385033,0.114081661669626,0.498460290130844,0.0968653783360036,0.224138034907371,0.101422587736221,0.163395413621688,0.064875590722978,0.228236801449904,0.305570123298774,0.0956320734572513,0.15464569831543,0.122960728890795,0.0924857138854341,0.306812131382413,0.454194910612023,0.0482576719373457,0.30625928425231,0.0551921233728064,0.528510038654254,0.0512457950817967
"X_Carpobrotus_edulis",0.0156421397786978,0.0415229777664288,0.0610916804732079,1,0.153779902399013,0.0455935863496925,0.104085486014959,0.0576033480737548,0.00696273965834682,0.0138238008769911,0.0649550025637795,0.123518591607622,0.140869891813265,0.0178563305971795,0.0167844366576308,0.0536899504266166,0.103609722748259,0.0278812766000113,0.0519600081317189,0.0888892205842616,0.0379586209102982,0.0433343842740127,0.0245120822173905,0.044822670778574,0.0141644260075133,0.0244317565691465,0.0335778419443618,0.0959698545211454,0.187617233460905,0.134662821940939,0.0391427235229076,0.0861683022529985,0.0645109726224379,0.0109832615986842,0.0540208566155886,0.0249283454238625,0.0747248845403712,0.00757428512013886,0.0430817118162835,0.0238027968954176,0.0283104753254223,0.215717453198962,0.0498309937369082,0.0560291751628938,0.135656219368849,0.0649225586256606,0.0425516304724551,0.109037443231278,0.0418264079031212,0.0174274039587607,0.00705623295689762,0.044926052406008,0.0884693365337764,0.169553625715954,0.00048550907338544,0.0248738833667981,0.0411904327479683,0.0180943760460638,0.0363184442762633,0.0217849427904902,0.168460328216309,0.103056871609194,0.20244419714051,0.0216475238369009,0.173066777024052,0.0577528843627507,0.094107398798185,0.0236945901429854,0.123736143109004,0.017627052636642,0.124667870374046,0.021628937739624,0.0241224792985108,0.0778533620387107,0.0274631252301667,0.10691509735117,0.0245634586294166,0.0447623492277406,0.0231442428339175,0.0554649291570129,0.0104122106269035,0.0321777421851884,0.0315739849494084,0.0321003873295083,0.0666974716236932,0.0228844865545801,0.0180203451358706,0.141853748411634,0.0686924562655538,0.0117235459533846,0.0329179712826381,0.0483654068146603,0.0464337258299649,0.0231142565175685,0.0613057887846649,0.0103982879352922,0.186618276098999,0.0687055958910218
"X_Ehrharta_calycina",0.0034065377136926,0.0742633237416599,0.231021495204144,0.153779902399013,1,0.0421369455647178,0.18740156512504,0.166616948989073,0.032965458734134,0.0599040399218422,0.183956410595032,0.265218368768442,0.2543725503524,0.169148897621012,0.0636046973048953,0.125455526140139,0.185783204189432,0.0577613836468246,0.201238453745011,0.132835992144736,-0.0121807098236845,0.121873731935113,0.0775104182509774,0.109200609336314,0.0505090062727509,0.0617877354849092,0.1501567374114,0.285773323218521,0.491399267457139,0.342571098229034,-0.00801556121403862,0.355427960508308,0.103968607635376,0.0280313430989134,0.122227929098321,0.0604937004520163,0.244934441258165,0.0230339469713424,0.0996897195400261,0.0099612212344049,0.14789151597565,0.345148370934879,0.123408520618687,0.327547067997246,0.323823661291186,0.0146723272620471,0.107885145788221,0.404179203141229,0.17987292101337,0.11142387760576,0.0867888637486525,0.108485155765212,0.248293390696108,0.335899853792512,0.0503904041935951,0.133896441112745,0.258221888995992,-0.00411137026948159,0.0802224280687201,0.0248190427062686,0.436648803983684,0.328620082803522,0.368831927949536,0.075710219268813,0.369260476165601,0.140852229862099,0.349925402596895,0.0854362399063594,0.29190136613936,0.144685964488886,0.327763125545773,0.00365484087507892,0.136118499743196,0.168515108393345,0.0453259574797888,0.226709808437896,0.044559133390722,0.122157729489918,0.0376000271398944,0.0581916190287003,0.0497934067208547,0.25443551698719,0.0104916194376174,0.139857793179092,0.131553958598125,0.0347172739621703,-0.00970579851887226,0.282538231595735,0.180223142035315,0.0372577300681999,0.10889401758282,0.0165021807818053,0.0590866221851535,0.141202277726613,0.185679406782634,0.0780065546209543,0.449767311257679,0.153441121701974
"X_Ehrharta_longiflora",0.024827437602879,-0.00170352914096256,0.145079347301772,0.0455935863496925,0.0421369455647178,1,0.113327367479897,0.197410508207286,0.0700580994839505,0.115709050257987,0.140582393475615,0.226434665583175,0.0671582890125656,0.137982474365396,0.065847184420579,0.101427422988041,0.00457512799077629,0.0476383499075088,0.0592592573551097,-0.0138368615973005,0.121954073163674,0.0503572159914208,0.0215790152222044,0.0232803032226771,0.063178359169024,0.0934235571410012,0.0152724109631294,0.187536040812027,0.228812400273814,0.18929260680019,0.0704188652240029,0.180468039660927,0.20374552265698,0.0212842997792131,0.0226115429977566,0.0235226094446496,0.139127003199895,0.010223086345104,0.0278667402459695,0.144440882028001,0.0166019788887041,0.0917052486507355,0.0260702129723069,0.167487996454228,0.00941544870448525,0.211195679870079,0.0652199129281476,0.221156384167307,-0.00106925079347869,0.0239730483829019,0.0507913453275863,0.0597584908892953,0.201299921072585,-0.0313491695438824,0.0242644237555387,0.0254534442350939,0.116589138368611,0.0136181868543305,0.0395801209640326,0.0643614478813927,0.142995177335752,0.227029083165443,0.0473483341878146,0.0862372579696522,0.234452988877388,0.0275417879570745,0.0974827887590745,0.00513932394617845,0.00671482453192892,0.151665729616064,0.110349100586458,0.0928216807387757,0.0244347849275687,0.106501894974037,0.0657675190358868,0.0934242274889998,0.0131722718414493,-0.000939677469889654,0.099231284221545,0.184740425961634,0.028851753717374,0.142861270271039,0.0936474783800272,0.0660686185951195,0.00548863426411062,0.122928785247187,0.095324624154822,0.0894894825153701,0.112718869366645,0.058780507941041,0.0841170656891477,0.111185373868042,0.181625808402736,0.0216531200902881,0.144804048676126,0.0258991085183656,0.191004433126695,-0.00150360056421031
"X_Gladiolus_caryophyllaceus",0.022270855309312,0.0681842197595454,0.243349490187853,0.104085486014959,0.18740156512504,0.113327367479897,1,0.360857562012276,0.059776424729472,0.182428233672599,0.242742752723774,0.191854035389207,0.213299891370859,0.212351413268175,0.116429465945254,0.0421777942737535,0.135298587362651,0.0773391531213836,0.0736894303280484,0.144470053452583,0.129212334319513,0.0435618756531658,0.0336130449537849,0.0306901963484753,0.0109636350600697,0.178471513947211,0.0515684920056355,0.302489728698334,0.369201997799576,0.307476580952155,0.0376377259491537,0.307417246606639,0.339062641460454,0.0463271916676127,0.0731629891281496,0.00470068912907372,0.0805829778645755,0.0262361030508193,0.058295474130918,0.230744659237518,0.031794379638915,0.292525606977274,0.0674964521296921,0.273745920797304,0.166630601465743,0.216792804255752,0.0994913604212655,0.357076275972741,0.0406869052478126,0.0320284646865545,0.0778961415412919,0.102373515444445,0.314782211180922,0.246558109360477,0.0186193875275828,0.0563246079353954,0.17781769538108,0.00369644072590008,0.0245387852474544,0.126902635362455,0.257194578997997,0.371380202482874,0.259285694067056,0.142568400931609,0.207411882807206,0.07780264854975,0.17421390050792,0.0127328736281096,0.0512485259591985,0.131311605077208,0.161742202800509,0.0166240168049994,0.0386236467481751,0.165847828232759,0.108181695720916,0.159026621689888,0.00235949452343768,0.0635154024569947,0.156667940205252,0.350158128988548,0.0605717390137444,0.234677258430464,0.081694410873374,0.101049808755059,0.0876901759727958,0.134109252444174,0.194406379169483,0.20358424179827,0.200855486730581,0.0940819078765784,0.136433294028595,0.221321596791052,0.335456801253451,0.0349044338715649,0.230251303374277,0.0441563654186682,0.310291628752078,0.100392398739681
"X_Hypochaeris_glabra",0.0420022175803745,0.0128618670282073,0.46514217465273,0.0576033480737548,0.166616948989073,0.197410508207286,0.360857562012276,1,0.127939947080272,0.331605692641162,0.481881734021016,0.269476375855337,0.0876414159842562,0.32563213582574,0.21589766311673,0.136576224681596,0.0339100174039146,0.129627959255873,0.0574560433883942,0.0121605402987607,0.289342934113266,0.0905407185771,0.0519914294711785,0.0292271663409742,0.07310582651269,0.395703866159604,0.0812862423661248,0.465384610808625,0.556145630736098,0.428688201670619,-0.00689859963385716,0.567420688931874,0.715272999226084,0.0903144679041315,0.049683326019611,0.110266179856221,0.203906746049633,0.0607405539025846,0.0880051800619039,0.494519589797578,0.0261271000457662,0.106750732721872,0.0683020880500123,0.362035360252339,0.0374290251902,0.506578957937562,0.171789494331691,0.584084458325176,0.00759710198558547,0.0764777488654033,0.136249517219654,0.264877945009783,0.528144625890502,0.155153686847776,0.0893542585594526,0.162099750078063,0.286421271184609,0.0162732699083988,0.0270635121000606,0.297414820770002,0.257012328798721,0.6888569606729,0.101757778595189,0.254484800752927,0.308589751022799,0.0517238010934237,0.144947598545772,0.0336317602109015,0.0267929476942885,0.272909671197654,0.283772610554994,0.116628180717253,0.0316136769079062,0.15351569027717,0.207885102627382,0.220190217669341,0.0421969531714836,0.0395235601311978,0.356395097287627,0.748139024136783,0.177767976328469,0.37347674562817,0.138102129652489,0.0682411596598699,0.0452728705763556,0.5224625700549,0.553029243327739,0.151493996636814,0.178512935826237,0.178641764529501,0.18373617805005,0.536891576304066,0.691331073066784,0.053590057398515,0.456200546024677,0.09556149500132,0.417588519021584,0.0749381040278059
"X_Lolium_sp",0.00786636890443232,0.00968407967419072,0.0371444672367965,0.00696273965834682,0.0329654587341341,0.0700580994839504,0.059776424729472,0.127939947080272,1,0.0781503028078551,0.0919917715074181,0.0307814524500831,0.0215848873468668,0.0529010894718301,0.0344790466353769,0.0407224791027651,0.0154210996786607,0.0256564867307944,0.0133321439990966,0.0595738618132644,0.142606255703412,0.00298304975366822,0.00912528565525854,0.0389904021040017,0.161128511208782,0.0793470946816565,0.00905163315888354,0.0844252641869617,0.101279192465611,0.076279440431381,0.101051673825588,0.0855352996098179,0.169791691029206,0.0120968139944422,0.0108806543540698,0.0725966060015008,0.101439696105603,0.0164207972180287,0.00912008643077587,0.149558425871553,0.00934411340615625,0.0277406249483362,0.0183110583646183,0.0639667344222058,0.0367025066916203,0.173023939482265,0.037495951661872,0.0836111030628096,0.030418881472567,0.0105377035448501,0.0340962184613544,0.0181872566134546,0.109081044486679,0.045356809433657,0.0646187885651366,0.0536125603657009,0.0410692666632785,0.0867925550139254,0.120444590097156,0.0866486993251328,0.0360627894849522,0.167347621244635,0.0102627890019961,0.0640781412711123,0.0168608488029049,0.0205780938769516,0.00199837159569823,0.0108204975548614,0.0011576580319912,0.100836753803525,0.0179468046082202,0.150057581065903,0.00948889018639368,0.01514045571522,0.0476695370965972,0.0410103492383661,0.085674654091751,0.018605128540854,0.108538008622496,0.154034513319876,0.0262835055436554,0.0702881936865034,0.0301841857001806,0.0157687603319889,0.0153091036543588,0.192201489627665,0.0809276242661569,0.0303061323527894,0.0422687374946929,0.035592009204797,0.0483495367486664,0.179992600063104,0.178814543256861,0.0111458941557676,0.105155509890405,0.0197968123894241,0.0497583748365024,0.0194547552904957
"X_Lotus_sp",0.0115600216428659,0.0145181306557623,0.172949869891309,0.0138238008769911,0.0599040399218422,0.115709050257987,0.182428233672599,0.331605692641162,0.0781503028078551,1,0.220810126600976,0.138318100012828,0.102463828334188,0.148219048415741,0.107882931130626,0.0525169522230269,-0.00629274941593225,0.0755535552830869,0.0174964275210551,0.0210258925620816,0.0993028257162468,0.0386874866397198,0.0198001467888451,0.0465086637011596,0.0828538380847231,0.107106079094337,0.00979077681200253,0.310150449518554,0.378885669455661,0.312375833416559,0.0171583145383673,0.228762255730378,0.37169343646434,0.0149979270706763,0.0394822567977692,0.0155757990961051,0.120978413752513,0.0193897399932988,0.0329944647251587,0.230777290043329,0.0108526772992196,0.0605076487758257,0.0491318267739886,0.266917016167544,0.00940105427267928,0.184840635907439,0.0810644342150679,0.363943650050909,0.0241710596708266,0.079575141768131,0.0694606404806058,0.074906895319496,0.313010969264809,0.031825596500744,0.0391870563089141,0.0419600044314713,0.127885988125496,0.029222787263976,0.0143748534150937,0.0621886362336179,0.212118907981042,0.398279042860897,0.021809982864904,0.155461495056434,0.124922194051853,0.0458393709580622,0.122608201787964,0.0187982524305582,0.0163196561425225,0.157959192191261,0.137608753957446,0.0545168026002199,0.0390727503122497,0.117169890070954,0.088708368328303,0.152932724217189,0.0198399092993613,0.0219381282157443,0.183322825082957,0.311953627776809,0.0466726963229535,0.230093150701501,0.053589590144395,0.0438152723930386,0.0208697881233182,0.131253026837379,0.180858517827553,0.0531420040202859,0.0645046115854631,0.0415797244754213,0.139654801775082,0.137313103422125,0.297425103338962,0.0184210844230757,0.254453735429402,0.0455529867294979,0.294337289752733,0.0220450680765988
"X_Pelargonium_capitatum",0.0169384497540774,0.0168167766097558,0.416799015190182,0.0649550025637795,0.183956410595032,0.140582393475615,0.242742752723774,0.481881734021016,0.0919917715074181,0.220810126600976,1,0.255850795964374,0.0682088119493842,0.374812416472415,0.165881744380061,0.106715797836483,0.0565039207810196,0.0943789970129658,0.0520236759383692,0.0293232907078688,0.208248661009084,0.0752280327302914,0.0592535943518969,0.05740007351177,-0.0107609463125125,0.279415333249106,0.071563792155115,0.459812973626548,0.530907152987917,0.410802722479902,0.0465614418560777,0.384243937138558,0.488429721775787,0.0647818970228449,0.0469288330715935,0.0110437858301744,0.167522827446823,0.0154557413539029,0.0862047007078246,0.336087148824637,0.0229559222508619,0.116719454974174,0.0511925673446082,0.384548990678895,0.0265314667324193,0.349659700905602,0.132377574629794,0.574670967922452,0.0460891646849043,-0.00455193794710801,0.1449706582545,0.189027514696648,0.520579888947125,0.0489206945759863,0.0404772457813352,0.124754977459447,0.338286750534369,-0.000686241147630563,0.0351631050776251,0.213478117402495,0.265162348421473,0.5235868892709,0.127194052710488,0.17717883460261,0.275052267948949,0.0657507577586826,0.225237606621215,0.0127869065867956,0.0311086985490145,0.228812601961465,0.25694524553024,0.124043607906385,0.014702688281262,0.284178670306059,0.141726769560121,0.1890954319386,-0.00568479171194233,0.0382600582871545,0.267383437975119,0.514817597090633,0.101101193155836,0.227414829169747,0.0949857033500834,0.155838133328129,0.057317371293972,0.284976750359312,0.315665253834067,0.159019360120243,0.125023504719235,0.118281246079001,0.0929615953206828,0.392868146787171,0.475173732498261,0.0383220616807068,0.333236002598854,0.0655471267374533,0.492494957296655,0.0465892071962047
"X_Pentaschistis_airoides",0.0315887903806041,0.00158891676553669,0.293747617518624,0.123518591607622,0.265218368768442,0.226434665583175,0.191854035389207,0.269476375855337,0.0307814524500831,0.138318100012828,0.255850795964374,1,0.0290279338979448,0.0925618168185045,0.074176783335275,0.235754483707648,0.0880419596474075,0.109228168508402,0.0545593159532682,0.107105504324741,0.22507523119413,0.131972592607314,0.044257067370788,0.0556975852456708,0.0627089835163086,0.0296386973665107,0.0877850195831869,0.32004314408285,0.55415330923066,0.37510723781542,0.0896458248465849,0.419606865091878,0.467181140169729,0.0584066172469311,0.071237206078833,0.0287524679704003,0.322018637090485,0.028651817494904,0.084187397616609,0.175042672478766,0.058135325834958,0.115383303526246,0.0719623629149588,0.210480002171664,0.128347867601744,0.421645801216137,0.191222648473884,0.483208714377526,0.084759483114691,0.0322218510594424,0.0831209322855188,0.153864637268262,0.336369586896435,0.105640372594849,0.0198679034057729,0.0957538220531642,0.344050616490944,0.0678592234381848,0.0770744589207332,0.103231431682733,0.194942197022632,0.542600086849071,0.177051543180032,0.131118487438627,0.598655192348804,0.0778048613038587,0.150325783141362,0.0281213419128464,0.125220754355418,0.302050946993529,0.418529586229769,0.0371632629418411,0.0522033277020836,0.13964509117629,0.135521996573476,0.20075910229932,0.0798360365557156,0.0271241708673428,0.08844208638921,0.37291474468776,0.00888055658538157,0.221078025140416,0.169615947481903,0.0579252864092481,0.0811965331165077,0.0824491202420016,0.0791020927555559,0.257846869098646,0.200319054611073,0.0477979705535617,0.0741771447562807,0.154079729923373,0.28422772143601,0.029531052472795,0.189923790092934,0.0334233330442543,0.307282550360828,0.0252046633095762
"X_Pinus_pinaster",0.00361487126668459,0.135965967734121,0.0822145291763042,0.140869891813265,0.2543725503524,0.0671582890125656,0.213299891370859,0.0876414159842562,0.0215848873468668,0.102463828334188,0.0682088119493842,0.0290279338979448,1,0.167679236806178,0.0724371752443374,0.0677114799082143,0.343650691753221,0.0805091833935031,0.233866109106648,0.378980417957473,0.00773650718888042,0.172928122016882,0.0871315039998625,0.0962089083450716,0.0261626758233592,0.0460768703641663,0.0927724514545962,0.282984968246387,0.374772899114412,0.352756212239397,0.0305420969449142,0.144578544510481,0.0347682192979802,0.010244309413001,0.12546286531353,0.0492801628467512,0.141579308333952,0.0423592017942865,0.0618447393250628,0.021967415902763,0.132777357093599,0.539545642157098,0.12750381474325,0.337347492631886,0.444499632343102,0.0118059439058355,0.0168885410158588,0.389252626546611,0.19663750811322,0.243224346247445,0.058704430476547,0.132362245005601,0.141907687900285,0.472544409153966,0.0220636598109177,0.0811592050830926,0.18537116657588,0.0634996100653124,0.0565121104752132,0.0127146222679758,0.449792945078497,0.187195377124358,0.461153698372065,0.0382828587619499,0.108071662359046,0.0942339906658299,0.448652999717686,0.0666968787272642,0.377212417880609,0.0559858128055034,0.187166099451521,0.0246536822576208,0.0898672374789988,0.188628649390061,0.00844122362929157,0.173876544292381,0.0619996585765226,0.100418396442402,0.0178001138233861,0.00429672275322902,0.0718561711329191,0.243934022543319,0.00474774774408751,0.168824878965705,0.110475585659359,0.0177522111490031,0.00212865673274056,0.185481257896669,0.255826189700094,0.0556649620768308,0.197385817552686,0.0133423363990979,0.0105244517290054,0.197854616484033,0.0496713175724333,0.054075063076634,0.452344183014663,0.164764992684293
"X_Pinus_sp",0.0204723481866242,-0.00465658956904817,0.385287428368495,0.0178563305971795,0.169148897621012,0.137982474365396,0.212351413268175,0.32563213582574,0.0529010894718301,0.148219048415741,0.374812416472415,0.0925618168185045,0.167679236806178,1,0.159431790923978,0.0331108618616124,0.0080538689942927,0.0987904965698863,0.207279143733524,-0.0120599616230149,0.0703829509163781,0.0636000206849577,0.0642339824700409,0.0712380469451954,0.0332398212306017,0.136845038360576,0.0662107317749057,0.520240538143621,0.595713436372525,0.46778727411968,0.0250490635590537,0.36253246458383,0.244131043977327,0.0266477212438346,0.0491259825757985,-0.0085153156956456,0.0910969654511466,0.00424342476081424,0.0866609967027389,0.165844376125928,0.0354567489089776,0.323820742358923,0.04919903694912,0.491553874117691,0.149272679284814,0.139445335306739,0.101062589982334,0.616602204535871,-0.0180010345059467,0.0265746031901881,0.141250505116417,0.148628143363017,0.550458170400592,-0.0177623484684988,0.0147279564731915,0.0530521695673561,0.35536657680414,0.00769125695571988,0.0038852689722877,0.0521945699009944,0.389232463487353,0.455403129896668,0.218441278556868,0.0899228173887268,0.0927825283567493,0.0690207078637853,0.387523016388889,0.0484405083203543,0.113927664843482,0.241702754967353,0.0851929353497588,0.0618411673818774,0.036552640321463,0.310311253846133,0.11057990372148,0.214915976648926,-0.00515093891624995,-0.000699790127206938,0.108347447033683,0.321289500366255,0.0275894003301837,0.229428014906458,0.0933055114161324,0.22980918511013,0.0226600874617117,0.0812954137849752,0.115698275967804,0.0424405778199206,0.263864667810958,0.125868814457132,0.12406012969691,0.090718369041253,0.309521249418518,0.0577971571212776,0.31120057817197,0.0283142320550951,0.601037173873828,0.0284367976985378
"X_Solanum_nigrum",0.0019135923258979,0.0114765803343106,0.170468972847472,0.0167844366576308,0.0636046973048953,0.065847184420579,0.116429465945254,0.21589766311673,0.0344790466353769,0.107882931130626,0.165881744380061,0.074176783335275,0.0724371752443374,0.159431790923978,1,0.0487818372237498,0.0255993327230515,0.0461634251627588,0.0503812196112232,0.00333393811040354,0.071018334739875,0.03076474895976,0.0317581417690236,0.0239596534072195,-0.00436677692163081,0.106213034790311,0.0260420846085754,0.200935680010583,0.231574590390841,0.188270823876601,0.0184940174977138,0.185868369349573,0.201113941301736,0.0209180992535945,0.0261206189254637,-0.00684288257072569,0.0652021108878303,0.0197538103172397,0.0322121329926557,0.136992941771899,0.0127533980821979,0.0750377087510841,0.0286777243160843,0.178088760448588,0.0487935448371674,0.128445510075283,0.0516644162276405,0.242112359465241,0.0454751161219727,-0.00501210773151991,0.0596802448734812,0.0571040740121028,0.220851704088313,0.0162367672195649,0.00962027099042696,0.0450500468369228,0.138953885989249,0.00129292396292922,0.0559277906399192,0.0706738628647376,0.148380578790058,0.221739469215807,0.0605548647388761,0.0772745306645642,0.0777199500573082,0.0421962644099159,0.117154258110977,0.00510424105509134,0.0128617655196565,0.0884147562035167,0.0812113212748801,0.015069971118961,0.0258611114299569,0.124474560932281,0.0648331846516593,0.0903018451813554,-0.00666806779854654,0.0227985763494974,0.0857774325050033,0.213617229589028,0.0382950987112053,0.132653011705611,0.0446892398321476,0.0755032556663622,0.0459743568726423,0.0850534438913776,0.122681893053769,0.046350334007811,0.091639319572025,0.0591610800355876,0.0797316512888541,0.123092385894624,0.200056209682586,0.02740128092247,0.138086268619551,0.0261857143567306,0.220450247364574,0.0352774473778535
"X_Sonchus_oleraceus",0.00465007583602,0.0539859787558937,0.0707336506109085,0.0536899504266166,0.125455526140139,0.101427422988041,0.0421777942737535,0.136576224681596,0.0407224791027651,0.0525169522230269,0.106715797836483,0.235754483707648,0.0677114799082143,0.0331108618616124,0.0487818372237498,1,0.0455150968283834,0.054363372621984,0.0569626918714709,0.0597239393692852,0.0688354638864503,0.0493720761068693,0.0447254567350346,0.0351504535124929,0.0204658907195743,0.0369664627757864,0.0785074939524009,0.115310487849849,0.132391260642548,0.0979268058346654,0.0615537609651116,0.138693386728851,0.142548169341376,0.0291965629740193,0.00917630925024112,0.0582209465769717,0.132084228942255,0.0254794802543026,0.0698016614593066,0.0760743592800149,0.0292578402103135,0.0837175971525198,0.0738568457475009,0.0529771928658393,0.128809529492023,0.163606121314664,0.0973138867410566,0.169781396021611,0.0968223457156164,0.0106947927803936,0.133594782637185,0.0920186954246504,0.141634804041991,0.166537581463999,0.0351971770014408,0.215736221515266,0.0798839800809128,0.00730409195328488,0.0793698556055493,0.0825010705865529,0.0932188010557335,0.211152405222158,0.0295163248577864,0.0359551195019312,0.244992025891968,0.152470752648096,0.0365501805663561,0.0410754003454676,0.022666184226201,0.0807479250834742,0.130850295621836,0.0469745382550635,0.0245768930422649,0.0273643222181684,0.0703205653127875,0.12450009443122,0.0386204278985702,0.129157961751054,0.0481045029079136,0.174556618231683,0.0409106673176093,0.0403730291193278,0.0729942879288241,0.0788073349455895,0.0957688602794134,0.0681073819785143,0.0446185175733985,0.0852116263960248,0.072705082355617,0.0477516042676102,0.0738460049803077,0.131812008123607,0.133097326457301,0.0540506580284041,0.117015378577341,0.0413959568504722,0.103141785510959,0.138341613855735
"X_Ursinia_anthemoides",0.0109283046966153,0.0851638315619512,0.0407513526209921,0.103609722748259,0.185783204189432,0.00457512799077629,0.135298587362651,0.0339100174039146,0.0154210996786607,-0.00629274941593225,0.0565039207810196,0.0880419596474075,0.343650691753221,0.0080538689942927,0.0255993327230515,0.0455150968283834,1,0.0204625127378373,0.15223051580326,0.337731749940863,0.00763170738048991,0.142822364154387,0.0861489372616203,0.134016519679692,0.101977143544078,0.011090582416305,0.0944736575825374,0.0624766625196388,0.252266241553572,0.0892884827298998,0.237423923695616,0.1220060466766,0.00830208968021119,0.0223261654832132,0.127164608645438,0.0157160909633833,0.183990140479884,0.0420590607402775,0.0559499221987112,-0.0113569991756136,0.128344514144533,0.470395212515201,0.106606347552083,0.0842328079241179,0.395394349619247,0.0260161688909674,0.0414275244104247,0.0495851805300258,0.281949059976443,0.219735123399259,0.0147571940953424,0.0687169459480506,0.0479391496033747,0.429920965850711,0.0139686360231801,0.049045535963347,0.0802534393739968,0.100508254656077,0.137366657771147,0.0135461902832348,0.395003475440864,0.112915844297263,0.31157701930179,0.0138357804714345,0.133293659928887,0.0908441345550672,0.216328630918272,0.0675176262156732,0.325679095714387,0.0216857372982239,0.174643636743729,0.123806698688882,0.102511496894742,0.099137840826039,0.00360399113790536,0.119745006174339,0.255406152533559,0.0765916550995355,0.0133216891565619,-0.00394004685162201,0.0671712269704751,0.0652562115744593,0.00571068120682113,0.0511738779856479,0.0842413194840086,0.0264857906501029,0.00011243985569995,0.151805941385615,0.213544440404964,0.0435669991318614,0.144894582508133,0.0264261847746275,0.00738685530667725,0.132525832434245,0.10412919800396,0.0304084442980322,0.223800751001986,0.116729620933123
"X_Wahlenbergia_capensis",0.00582667081806462,0.00523650571774119,0.0974013241678127,0.0278812766000113,0.0577613836468246,0.0476383499075088,0.0773391531213836,0.129627959255873,0.0256564867307944,0.0755535552830869,0.0943789970129658,0.109228168508402,0.0805091833935031,0.0987904965698862,0.0461634251627588,0.054363372621984,0.0204625127378373,1,0.0672500319759839,-0.0024722139131303,0.0640891599242058,0.0253525181162057,0.0155376652590945,0.013189207063602,0.0481823050460115,0.059195828143268,0.0280848086304352,0.145078012970483,0.185338461422956,0.161714916032784,0.0704437615928028,0.142025275640353,0.0995738769168066,0.0248234043032188,0.0240912786992022,0.0103982967778617,0.0598958384898546,0.0111849617478996,0.0272919124276937,0.0662173487006448,0.0106639849766489,0.0992055257012704,0.0265405297559246,0.146976039381112,0.0493071941819138,0.104859607791283,0.0473397744425938,0.189195107507205,0.0214167717054834,-0.00227855585175208,0.0331885097753243,0.0803296669193086,0.156664864641768,0.0261735023540116,0.00172272517192863,0.0506939637514328,0.0902568932860493,0.0312186941496843,0.0444267515443477,0.066388188884019,0.143317715924326,0.144579814438396,0.0611777552033519,0.0458079084730178,0.123184115706595,0.0285905236380165,0.111352946787773,0.0155075217928964,0.0363992719830113,0.076652872283105,0.072012099765422,0.0510526091758534,0.0312699806168841,0.0696392085922352,0.042282937411223,0.0775939675176843,0.0307458839692592,0.0115911178347357,0.0378322621985848,0.11642661187152,0.0207555834640921,0.102622110289734,0.0342855990618806,0.0588442278683997,0.0245686944574538,0.0864022701733409,0.0733852792644925,0.0549877728788805,0.0952423724640406,0.0462369038395673,0.0741790137091221,0.112779293662483,0.115708315633165,0.0231101233701565,0.109047533343077,0.0205248468318071,0.183312791687494,0.0179554888654906
"Acacia_huegelii",-0.00182074287815249,0.0290463109216925,0.0877743899458024,0.0519600081317189,0.20123845374501,0.0592592573551097,0.0736894303280484,0.0574560433883942,0.0133321439990966,0.0174964275210551,0.0520236759383692,0.0545593159532682,0.233866109106648,0.207279143733524,0.0503812196112232,0.0569626918714709,0.15223051580326,0.0672500319759839,1,0.0577792678354797,-0.0104422702041374,0.102612025298529,0.0564143829136705,0.0947133581594594,0.00464173440660171,0.0160126296071938,0.128450154451778,0.329451557047174,0.459538264587471,0.349655927617576,0.00294450323121606,0.233204843440769,0.0159337331921279,0.0232020248471261,0.0857928848927425,0.0142642552844263,0.120499400566973,0.0211772160649494,0.0525897663052608,-0.000181321307186161,0.17988816552928,0.43506165387276,0.0752478906758853,0.437945084269854,0.343234416286226,0.0185074425481129,0.0485214056374083,0.438726325930107,0.0736254212048654,0.0199217644067621,0.0304873250718877,0.131041457519187,0.366925103707794,0.136639148569981,0.0104620799258141,0.0555991880892757,0.175105910735329,0.000689534077862965,0.0465875861285289,0.00524795004778269,0.353166813203426,0.191538862404297,0.376707259751119,0.0192642732222325,0.198549292495547,0.0981406283992802,0.443023875335921,0.11665574867103,0.228879877706993,0.228791758778741,0.142193574172266,-0.000112730078691368,0.153960582665485,0.131104604627492,0.0456714314021064,0.16240392536858,0.00735821672633433,0.0497013855711283,0.0444505846078566,0.00892691169816071,0.0361925655364957,0.195714190117501,0.0504159535443419,0.246627742867488,0.0431824225654269,0.00236753203947265,-0.0028791745940013,0.0640747078235218,0.307076953205598,0.0873552250011165,0.0890121747182732,-0.00383140542643346,0.0214094245258501,0.133815958115179,0.22785112292081,0.0281872482468431,0.486608679359896,0.0894879715440691
"Acacia_pulchella",0.00393462530225626,0.1466052118425,0.0154376625419433,0.0888892205842616,0.132835992144736,-0.0138368615973005,0.144470053452583,0.0121605402987607,0.0595738618132644,0.0210258925620816,0.0293232907078688,0.107105504324741,0.378980417957473,-0.0120599616230149,0.00333393811040354,0.0597239393692852,0.337731749940863,-0.0024722139131303,0.0577792678354797,1,0.00212628601129977,0.0805571724530376,0.0413001953700479,0.127213622675518,0.397179224985863,0.0177301226424533,0.0919207355268583,-0.0193840864181933,0.16168140829765,0.00988572267981194,0.537892995461066,0.092960234573827,-0.00750317559283939,0.0134003606564046,0.0860685425581256,0.296441904609022,0.138505551061732,0.0368119550083437,0.0348879921887584,0.000235487438000817,0.086428063262331,0.475621520363521,0.073640088694315,0.0260098482350315,0.349038487995662,-0.018548067641415,0.0263718492186369,0.0171120803964994,0.484818344999664,0.431289666717307,0.032438998029896,0.107385601981161,-0.00268295666139046,0.516174584338491,0.0836390498442704,0.057379221957999,0.0479938740036043,0.430542234515989,0.43953014397078,0.0348154818599112,0.274555467717444,0.0436032415279321,0.286146657578742,0.0049111705296405,0.0810874687324529,0.0722455270292388,0.0706906838945198,0.0698985798766964,0.349226393938091,0.0107292761721114,0.0902111571780495,0.159976786658307,0.0381052448945795,0.0782711990690504,0.0149664510520611,0.0777183668703224,0.537917429195169,0.083057931617122,0.0270086678338738,0.0391096639221845,0.0672492274316669,0.0499131389183248,0.0809753833639243,0.0228687920003763,0.0706295354435209,0.199823057792496,0.0104150873827629,0.13892915869843,0.290427355754621,0.056598350661938,0.129017152312587,0.0562364624022453,0.0365358803670484,0.0501541108032385,0.0660458220403302,0.0310716406027222,0.151910324971594,0.144439822175025
