"","X_Acacia_longifolia","X_Arctotheca_sp_","X_Avena_fatua","X_Briza_maxima","X_Briza_minor","X_Bromus_diandrus","X_Carpobrotus_edulis","X_Conyza_bonariensis","X_Ehrharta_calycina","X_Ehrhata_longiflora","X_Euphorbia_sp_","X_Fumaria_capreolata","X_Gladiolus_caryophyllaceus","X_Hypochaeris_glabra","X_Lolium_rigidum","X_Lotus_suaveolens","X_Pelargonium_capitatum","X_Pentaschistis_airoides","X_Petrorhagia_dubia","X_Poa_annua","X_Romulea_rosea","X_Solanum_nigricans","X_Sonchus_asper","X_Sonchus_oleraceus","X_Trifolium_sp_","X_Ursinia_anthemoides","X_Vulpia_myuros","X_Wahlenbergia_capensis","X_Watsonia_sp_","Acacia_cyclops","Acacia_saligna","Agrostis_avenacea","Angianthus_sp_","Aster_sp_","Baumea_articulata","Centella_cordifolia","Cotula_coronopifolia","Epilobium_billardierianum","Eucalyptus_rudis","Exocarpus_sparteus","Isolepis_cernua","Jacksonia_furcellata","Juncus_sp_","Lepyrodia_muirii","Lobelia_alata","Melaleuca_teretifolia","Podolepis_lessonii","Podotheca_angustifolium","Sedge_B","Sonchus_sp_","Villarsia_capitata","Viminaria_juncea"
"X_Acacia_longifolia",0,0.149903158788486,0.14546592185423,0.116020138683304,0.206127838093637,0.142603540469301,0.19818569391917,0.235050703745248,0.180582280389844,0.219818538727204,0.188243429376311,0.210497166269703,0.185704213582095,0.180432492674793,0.120926246407932,0.211111749918675,0.207862125274115,0.130806107346794,0.102270886113111,0.10704387094752,0.160929988564118,0.187728545015241,0.221128278727535,0.218322413291294,0.201707343049547,0.222387181065142,0.132936282401679,0.217881571232307,0.182924800082787,0.121172331171669,0.127867509937248,0.225156945595365,0.251721209282279,0.0892079968472454,0.153531802292463,0.13763811290557,0.100032227593697,0.261514084709582,0.109389659813536,0.134599912748494,0.183104015600625,0.183785334607112,0.252166766952923,0.260556473800878,0.242941873162275,0.184194586012307,0.209930688657731,0.143810218649326,0.181764029060598,0.179925021100317,0.223640550146394,0.175607488908449
"X_Arctotheca_sp_",0.149903158788486,0,0.118993873450725,0.0696213065760876,0.149045338422081,0.167228579226367,0.154646072188828,0.174456845780975,0.203581771604582,0.216675057717752,0.169430978944249,0.14719803916688,0.168064056089064,0.149752416481185,0.0971835009147572,0.19848260283693,0.152756989937228,0.0693784858094786,0.116751775391457,0.0642764913834663,0.0883766509428171,0.108037958057768,0.153910242948075,0.180878064412896,0.16700305035264,0.230712669326853,0.142253345275983,0.131232466683874,0.156335603961489,0.0786198184741236,0.0992655899267091,0.16677797272241,0.161621671465362,0.0986407357975061,0.122394441189856,0.0744518703967361,0.0606787424305815,0.154071370437457,0.102371967215665,0.128195093746548,0.100962617477068,0.219709168826615,0.178147429833369,0.185866978270432,0.195037486544986,0.156436724528535,0.191724530292785,0.114164054751813,0.122953147606418,0.195404496605664,0.18015986807866,0.0874042907515029
"X_Avena_fatua",0.14546592185423,0.118993873450725,0,0.0817382915234926,0.171053490514148,0.165583661012207,0.166055334038536,0.182511781906226,0.211052899512375,0.190329584061806,0.141921690215574,0.122011178275383,0.14015029046572,0.129448684169441,0.0798019513900732,0.153081863176846,0.158813085136849,0.076886335921497,0.11365094011238,0.0701658422239947,0.0989953268905838,0.098966479533017,0.152231695090619,0.152471033176857,0.184315870362846,0.19603947544322,0.136556654215674,0.150863760147284,0.141083260189074,0.0826766174798685,0.109225183843567,0.156406030058371,0.14433739846488,0.088307814022545,0.106618967453844,0.0853281919787102,0.0676315068961916,0.155328842213744,0.111900495554892,0.128566732399084,0.0940135027737417,0.210719577324007,0.149124902387528,0.177709178708413,0.175028895999731,0.180114355810338,0.185341110638844,0.0845355734526478,0.0925739693190305,0.187523583664548,0.174607649524886,0.108678937068906
"X_Briza_maxima",0.116020138683304,0.0696213065760876,0.0817382915234926,0,0.124252242622504,0.103117239159218,0.120621764587224,0.137508804735549,0.14660370667483,0.122190170330539,0.0944395118985948,0.0852359428499819,0.0828706539213646,0.106245724023123,0.0494974107890425,0.131161785723223,0.0899324811623104,0.0450685772899238,0.0578993603787463,0.0370928440887084,0.0581591342848693,0.0606114254602701,0.0817819054993969,0.0991808759317723,0.137674063483298,0.125130633580622,0.0878208946054097,0.104299658477498,0.0830049254943415,0.0419509464547235,0.0680564306684693,0.136548832973631,0.083944313089934,0.0529783278018548,0.0626447401196226,0.0464187687267003,0.0335212033508714,0.105623393671815,0.0699583280991233,0.0861832620587173,0.0601574489156861,0.138632831306075,0.0986863595020042,0.123008438678938,0.138346068635083,0.10159254606442,0.140746444714661,0.0549894285229138,0.0663609276598197,0.113621822831713,0.140724566223864,0.0610269609285554
"X_Briza_minor",0.206127838093637,0.149045338422081,0.171053490514148,0.124252242622504,0,0.152749944717243,0.174317379310146,0.179565484405976,0.146552010017677,0.216181840262,0.177400113694342,0.182304327256706,0.18468687679778,0.164949431062302,0.106542238538358,0.194474043417881,0.220660178416659,0.125325084204788,0.138162183636805,0.104872343553928,0.153711335731337,0.169608432264075,0.2192477167908,0.200549700813709,0.166601735467972,0.229318766225723,0.138160323467074,0.193826932304644,0.190354590327836,0.124407622985375,0.131284056392811,0.177791500485688,0.233266755109322,0.107843961271225,0.153895700302791,0.128306361049091,0.0964810392927093,0.222066938400772,0.109114270205136,0.124742406235497,0.153367523886225,0.170911643393083,0.226247581074485,0.226969425009205,0.194825372786095,0.194484100972878,0.159573578802075,0.121899247532344,0.148432520322529,0.191581381855968,0.175641293047841,0.16311019594284
"X_Bromus_diandrus",0.142603540469301,0.167228579226367,0.165583661012207,0.103117239159218,0.152749944717243,0,0.172673663805384,0.192076814336096,0.188359730646517,0.196781393586461,0.17550515853017,0.151222608963013,0.182390698946434,0.132647668007349,0.107715059296133,0.148596865702306,0.197563796664178,0.0939435775391778,0.149542263980609,0.0917086977084182,0.110297530637723,0.120654679249417,0.189607164206061,0.186321816338314,0.177828102762238,0.185470755931424,0.156487194320431,0.154904363797728,0.184443822645694,0.104814402357169,0.127230257895104,0.137632906973749,0.197919090283771,0.113546765496769,0.132815778774334,0.0972930411660902,0.0846447247855121,0.180995754965066,0.114175739534853,0.137432968273127,0.121225302572842,0.19749792599093,0.182115943107676,0.219195046258205,0.214433889365998,0.187296674977158,0.177841648811788,0.10887688593203,0.114791200620569,0.203152974961966,0.18980765895611,0.109235045517638
"X_Carpobrotus_edulis",0.19818569391917,0.154646072188828,0.166055334038536,0.120621764587224,0.174317379310146,0.172673663805384,0,0.191146912201089,0.193983963882992,0.240447912128238,0.187653987880003,0.190362546117828,0.184073040072403,0.149844443334547,0.108207441882224,0.190257546379999,0.224962113948597,0.118614711608814,0.133700434624058,0.0996499710196512,0.157663087914117,0.169390473176481,0.219167852723972,0.216503331466432,0.185100787160591,0.236875725266006,0.152911581295331,0.200705284424303,0.185669738405393,0.124927799289329,0.128302655992572,0.180220286333226,0.231158815624742,0.108071416575849,0.157913547997035,0.125833290832818,0.0990956591277389,0.220308924742692,0.120262944644287,0.136180486957223,0.158367605534388,0.214032729323771,0.228017239710652,0.226126875871997,0.196344424145427,0.208622461912374,0.204068528867519,0.122168537129268,0.158875952662841,0.210109065031669,0.174471217449005,0.161584439254863
"X_Conyza_bonariensis",0.235050703745248,0.174456845780975,0.182511781906226,0.137508804735549,0.179565484405976,0.192076814336096,0.191146912201089,0,0.180969390472812,0.282101258768789,0.21829260906151,0.224136411991294,0.219067017757906,0.197241349015005,0.135699772729309,0.25240671437024,0.243178395767375,0.137949283912449,0.151218011377682,0.115859659572236,0.176292392845679,0.190051173912068,0.250736509837574,0.254747287107927,0.176208846442679,0.291874731963457,0.155935749307676,0.220133164165702,0.217953001949593,0.147153139704164,0.137610724468214,0.215745384143233,0.258778332236395,0.124481269729709,0.180662615431055,0.141389931806751,0.113803686983527,0.249744225678701,0.120206284729186,0.138823328826025,0.178033059505975,0.224404065831092,0.260461719040159,0.252577693101718,0.219001101805648,0.219912427638123,0.1764247882034,0.150382697057408,0.183495265639571,0.232827888079199,0.192737395981947,0.181339112707106
"X_Ehrharta_calycina",0.180582280389844,0.203581771604582,0.211052899512375,0.14660370667483,0.146552010017677,0.188359730646517,0.193983963882992,0.180969390472812,0,0.192087858543193,0.185439557219985,0.186183872458426,0.219390140949294,0.168200757959106,0.128301355958042,0.168550922863849,0.261505732200968,0.131298049458394,0.192022626448559,0.125768557854079,0.159645552183069,0.171828451430834,0.264023848769828,0.210676248687163,0.149805144993289,0.20276165699,0.158961397176569,0.206378592444601,0.23256784228161,0.149448541708408,0.15762832808677,0.157882345136775,0.272800919594873,0.149157299947831,0.171313467942295,0.137374481877623,0.111383477830589,0.229693049671948,0.120262958387491,0.133589716194602,0.163658891400898,0.119488877291204,0.236137575490071,0.269602705261044,0.235403041292135,0.219169702321283,0.0910871862968166,0.127822303924799,0.139499038078416,0.219375661686654,0.190245219388085,0.166344517609552
"X_Ehrhata_longiflora",0.219818538727204,0.216675057717752,0.190329584061806,0.122190170330539,0.216181840262,0.196781393586461,0.240447912128238,0.282101258768789,0.192087858543193,0,0.211930100983822,0.197178399910009,0.233373659322358,0.192184815073727,0.137142478983697,0.187554302778501,0.229988244054882,0.119094104806662,0.165701688117457,0.116942415501035,0.138529465464721,0.172410553540116,0.252463589459685,0.22027189240226,0.234030011873987,0.180737117795264,0.174354674986518,0.209092906345418,0.227186375133933,0.129307588181437,0.156976779090147,0.216906750083275,0.261812701112142,0.13294485013812,0.171339823742393,0.117970084528251,0.110599489544607,0.260688668129963,0.134662169363615,0.164313232520935,0.172785216282274,0.179080456162549,0.244848372711352,0.312225704969552,0.309239276819255,0.204604261912402,0.22443009455571,0.157950379268555,0.172551661647386,0.212111343791696,0.278327105449909,0.141124293763352
"X_Euphorbia_sp_",0.188243429376311,0.169430978944249,0.141921690215574,0.0944395118985948,0.177400113694342,0.17550515853017,0.187653987880003,0.21829260906151,0.185439557219985,0.211930100983822,0,0.195379607041997,0.206810531130144,0.174757167863444,0.121402475132215,0.215507591291062,0.173108123630077,0.0931050128671825,0.119493103962018,0.0909009243764196,0.111000271413662,0.141880522579926,0.203453727217434,0.220584556692903,0.187560831003014,0.208467213480931,0.148924312664297,0.173425090590012,0.19345587510276,0.10332961105057,0.119127847314682,0.199651046953183,0.207243264215667,0.10208455909766,0.149503594630152,0.0998776911594096,0.0885942625827133,0.211465502696977,0.108187079367093,0.131770791554648,0.150399237699538,0.197039438821438,0.224948085005853,0.251229442138872,0.249880943222058,0.160795683481966,0.198160526083938,0.125795943900479,0.175085806351223,0.185469056534891,0.222914370691452,0.117589774320431
"X_Fumaria_capreolata",0.210497166269703,0.14719803916688,0.122011178275383,0.0852359428499819,0.182304327256706,0.151222608963013,0.190362546117828,0.224136411991294,0.186183872458426,0.197178399910009,0.195379607041997,0,0.176784082078994,0.187262525986911,0.120464392660984,0.237507721070222,0.1587052938913,0.0950771667578279,0.0961393016988131,0.0798977872143156,0.112121278401538,0.13919683106039,0.177976052655675,0.201076631923114,0.192736926784641,0.211687807640067,0.133029697681746,0.176821656335169,0.174093968827529,0.0924745109788174,0.110578888838138,0.225526843105369,0.185838572080539,0.0900867701353756,0.135553531430637,0.093398012079217,0.0770404444298686,0.20745170853939,0.104290750087822,0.126341684481041,0.144329224302367,0.189240643205707,0.212708657421998,0.239822060514647,0.239330607782346,0.152447829538586,0.199529945073698,0.117334058717401,0.164659388673572,0.172086245980796,0.229934425076795,0.114888613394926
"X_Gladiolus_caryophyllaceus",0.185704213582095,0.168064056089064,0.14015029046572,0.0828706539213646,0.18468687679778,0.182390698946434,0.184073040072403,0.219067017757906,0.219390140949294,0.233373659322358,0.206810531130144,0.176784082078994,0,0.183122564494883,0.108266231713462,0.238528568691311,0.154403919154049,0.0861836157899827,0.113055342156213,0.0777975961139849,0.107711181396391,0.119213626030222,0.17245735808195,0.215909104169899,0.204432730830337,0.241005094615307,0.155862366954118,0.17038344179541,0.175812265672726,0.0979154502728426,0.116968359911317,0.220761009807565,0.185170834219769,0.0992065377713157,0.138688271814073,0.0831967865635319,0.0795068296526634,0.19623949372518,0.111799195855898,0.140028452500717,0.132704683596011,0.233009607650937,0.211050186529283,0.230121601884527,0.241413816080157,0.163763183263215,0.214765140932699,0.124977271122176,0.155483674306322,0.207458218524229,0.230143755498539,0.107345083302856
"X_Hypochaeris_glabra",0.180432492674793,0.149752416481185,0.129448684169441,0.106245724023123,0.164949431062302,0.132647668007349,0.149844443334547,0.197241349015005,0.168200757959106,0.192184815073727,0.174757167863444,0.187262525986911,0.183122564494883,0,0.118524441682141,0.121296022019599,0.183582170672868,0.115263116826753,0.0897380108909203,0.0968498564296431,0.13950056684912,0.168462424115883,0.208042416264856,0.194312705200491,0.158990883241315,0.195511690082514,0.130889400902228,0.165508313909534,0.184301979931883,0.112921716489571,0.114783236350532,0.133417221521638,0.234811699511398,0.0820467025778925,0.143789274738298,0.119523050767989,0.0913745173269268,0.225502813576513,0.103417145291092,0.125758683865295,0.165509951940269,0.173606035433865,0.225285616160599,0.226749694338249,0.197124963966054,0.151479196812586,0.183606506310481,0.140902699978866,0.169860339596188,0.165621494925029,0.168935033554474,0.149339704673286
"X_Lolium_rigidum",0.120926246407932,0.0971835009147572,0.0798019513900732,0.0494974107890425,0.106542238538358,0.107715059296133,0.108207441882224,0.135699772729309,0.128301355958042,0.137142478983697,0.121402475132215,0.120464392660984,0.108266231713462,0.118524441682141,0,0.153514594180152,0.0942795638659251,0.0544963913435841,0.0646876730786838,0.0449789159081034,0.0611112144381702,0.0795798991547219,0.0991798911986074,0.134007462426475,0.120381319191987,0.151393540109141,0.0910388611907587,0.104813531925566,0.110875522568587,0.0541870219801888,0.0679568506287161,0.134515272313921,0.107947972339294,0.0562241852373838,0.0815186420566353,0.0488332705262395,0.0474547830487295,0.118415895787927,0.0674691824193088,0.0794615793413071,0.0745690821304619,0.134737480590132,0.128869629449206,0.140429005546018,0.14224807510804,0.0979034951791884,0.128845213334073,0.0837296481233217,0.0892059617162961,0.126831319995012,0.138142770265212,0.0618443913269237
"X_Lotus_suaveolens",0.211111749918675,0.19848260283693,0.153081863176846,0.131161785723223,0.194474043417881,0.148596865702306,0.190257546379999,0.25240671437024,0.168550922863849,0.187554302778501,0.215507591291062,0.237507721070222,0.238528568691311,0.121296022019599,0.153514594180152,0,0.22564021650331,0.144736663375568,0.115127422060985,0.129960417153641,0.174114836074848,0.216989879395848,0.276920974108571,0.238229737952508,0.194350306697591,0.179843894613648,0.157150783807159,0.209767881693902,0.232365014256939,0.142633856847179,0.143832760223549,0.13327848004329,0.308054134395063,0.104522172844042,0.183163299760941,0.152310832499327,0.124702156566764,0.290137429192941,0.123306872844778,0.144982639322318,0.21675013227898,0.174283202613827,0.284138680781331,0.30521068429728,0.262225430962808,0.175336004728626,0.222488594083334,0.184353215020533,0.219402192539253,0.190484836072944,0.214316611775583,0.179051497550056
"X_Pelargonium_capitatum",0.207862125274115,0.152756989937228,0.158813085136849,0.0899324811623104,0.220660178416659,0.197563796664178,0.224962113948597,0.243178395767375,0.261505732200968,0.229988244054882,0.173108123630077,0.1587052938913,0.154403919154049,0.183582170672868,0.0942795638659251,0.22564021650331,0,0.0967568372158054,0.136628123184225,0.0839158605170208,0.119057417056864,0.122898587258081,0.174480833509558,0.194730241152749,0.247843981962084,0.233213705018134,0.170249188840071,0.203464033052792,0.158816465403737,0.0974139324509908,0.130561036879097,0.232592328073096,0.172061483723881,0.10983020034366,0.128418443207088,0.0991734273789542,0.07285464915383,0.200102555849592,0.130952403441314,0.163785755053581,0.116812409182485,0.250532625246287,0.186030268684752,0.220288289008187,0.241629450781924,0.208434555167377,0.250891356333004,0.103404147076784,0.124191327904626,0.219541591329171,0.244559102200304,0.128125724210735
"X_Pentaschistis_airoides",0.130806107346794,0.0693784858094786,0.076886335921497,0.0450685772899238,0.125325084204788,0.0939435775391778,0.118614711608814,0.137949283912449,0.131298049458394,0.119094104806662,0.0931050128671825,0.0950771667578279,0.0861836157899827,0.115263116826753,0.0544963913435841,0.144736663375568,0.0967568372158054,0,0.060475307553452,0.0437338561391632,0.0568941178302981,0.0700514163987086,0.0877083069328119,0.101641677792961,0.132121882803897,0.124750782994469,0.084067460986509,0.115393848878715,0.076367479787875,0.0480339839024956,0.0675894027430148,0.145324458485952,0.092404965323826,0.0497965738014092,0.0661025072590147,0.0638587126176392,0.034953315330542,0.119448928237783,0.0663823685471736,0.0831338674700681,0.0725225165434775,0.122933816095645,0.105818726879847,0.131904116555409,0.143016629227905,0.0954161905483573,0.128642528489106,0.0547934365604381,0.0733365321032956,0.106593550937564,0.145558923314631,0.0709261184209462
"X_Petrorhagia_dubia",0.102270886113111,0.116751775391457,0.11365094011238,0.0578993603787463,0.138162183636805,0.149542263980609,0.133700434624058,0.151218011377682,0.192022626448559,0.165701688117457,0.119493103962018,0.0961393016988131,0.113055342156213,0.0897380108909203,0.0646876730786838,0.115127422060985,0.136628123184225,0.060475307553452,0,0.0543532897802986,0.0615134828555774,0.0701524062194188,0.110245091944733,0.120519946328581,0.15229427997838,0.16337687460987,0.128733833061388,0.107383999086981,0.125240511581309,0.0607682193335548,0.0909479494854558,0.111223725654458,0.114729891693284,0.0881495456379066,0.0886949473597549,0.0601099040379198,0.0451221783862697,0.103262784575892,0.0937196470552811,0.111407847570974,0.0769251357917124,0.193972479843244,0.111577823775228,0.141302981771611,0.14067800589989,0.144342845560242,0.176470285538202,0.0748691384442952,0.0708805586131202,0.174894742966446,0.14010746305308,0.0778119475698078
"X_Poa_annua",0.10704387094752,0.0642764913834663,0.0701658422239947,0.0370928440887084,0.104872343553928,0.0917086977084182,0.0996499710196512,0.115859659572236,0.125768557854079,0.116942415501035,0.0909009243764196,0.0798977872143156,0.0777975961139849,0.0968498564296431,0.0449789159081034,0.129960417153641,0.0839158605170208,0.0437338561391632,0.0543532897802986,0,0.0523844236642507,0.0593189708278084,0.0774716655974163,0.0986143171942018,0.114579640385449,0.124726109504126,0.0771251171042288,0.093017888857028,0.0801511687223924,0.0423298795830394,0.0599481745613062,0.11985824945019,0.0695681137810562,0.051934334755251,0.0596466273213429,0.0421761217019143,0.0309543685054699,0.0917481254338504,0.0597519517853347,0.0755659477966309,0.0575532075338928,0.127919932951718,0.0954535458179101,0.109339168115051,0.114234961265264,0.0945209407689966,0.119396563658854,0.0548234895769322,0.0625246603241198,0.103041150011632,0.123711779524173,0.0527838117657457
"X_Romulea_rosea",0.160929988564118,0.0883766509428171,0.0989953268905838,0.0581591342848693,0.153711335731337,0.110297530637723,0.157663087914117,0.176292392845679,0.159645552183069,0.138529465464721,0.111000271413662,0.112121278401538,0.107711181396391,0.13950056684912,0.0611112144381702,0.174114836074848,0.119057417056864,0.0568941178302981,0.0615134828555774,0.0523844236642507,0,0.0880275557137773,0.104682506601577,0.122537261663738,0.169723741505523,0.148908299257427,0.0985318896590801,0.150823564463681,0.104968969626544,0.0638413187990049,0.0870363673732813,0.187251507725138,0.121905824237347,0.0617280319061776,0.0848798534573096,0.062970608097658,0.0426354307779678,0.144663492271551,0.0829969209243367,0.101589644129415,0.0861823265349297,0.148283418685717,0.143829370436174,0.167773875204351,0.179948688210436,0.126692877788341,0.163561334816021,0.0756624611483342,0.100128329213096,0.126683264443225,0.183412144436695,0.102059324329425
"X_Solanum_nigricans",0.187728545015241,0.108037958057768,0.098966479533017,0.0606114254602701,0.169608432264075,0.120654679249417,0.169390473176481,0.190051173912068,0.171828451430834,0.172410553540116,0.141880522579926,0.13919683106039,0.119213626030222,0.168462424115883,0.0795798991547219,0.216989879395848,0.122898587258081,0.0700514163987086,0.0701524062194188,0.0593189708278084,0.0880275557137773,0,0.121981723306283,0.156963090893481,0.180596810902732,0.185214092336826,0.111904762110633,0.156192249949461,0.114085106493936,0.0713375587463096,0.0964343278328163,0.216073575734092,0.12608890265291,0.0635725864036498,0.0952567264475319,0.0772994314505347,0.0543933697971824,0.172354564860427,0.0881022161632573,0.111865727810501,0.106379289885783,0.164541766656562,0.168675967662645,0.184358605522545,0.201124794716664,0.135978759422643,0.169133548514855,0.0933048969506208,0.114548377786994,0.140041250999695,0.208337491391091,0.0956220568139253
"X_Sonchus_asper",0.221128278727535,0.153910242948075,0.152231695090619,0.0817819054993969,0.2192477167908,0.189607164206061,0.219167852723972,0.250736509837574,0.264023848769828,0.252463589459685,0.203453727217434,0.177976052655675,0.17245735808195,0.208042416264856,0.0991798911986074,0.276920974108571,0.174480833509558,0.0877083069328119,0.110245091944733,0.0774716655974163,0.104682506601577,0.121981723306283,0,0.206525411807469,0.244751634539485,0.269032164817794,0.163292096201188,0.194624415216198,0.165368085207257,0.0917693897007355,0.127309201127118,0.26084550745968,0.164097983395642,0.108781567665055,0.130589608016724,0.100406984363232,0.065884011955938,0.2048513131905,0.125212844469379,0.162280221815374,0.124675153096313,0.265818307682165,0.205090674690898,0.230338226240266,0.254258656509635,0.192753192094413,0.25297329258167,0.1083594395928,0.144344531148483,0.22197709466736,0.253664914502379,0.121070906165137
"X_Sonchus_oleraceus",0.218322413291294,0.180878064412896,0.152471033176857,0.0991808759317723,0.200549700813709,0.186321816338314,0.216503331466432,0.254747287107927,0.210676248687163,0.22027189240226,0.220584556692903,0.201076631923114,0.215909104169899,0.194312705200491,0.134007462426475,0.238229737952508,0.194730241152749,0.101641677792961,0.120519946328581,0.0986143171942018,0.122537261663738,0.156963090893481,0.206525411807469,0,0.220664899384984,0.230662709815281,0.159270409630214,0.192900253834465,0.196898512494966,0.112092050709544,0.133560404793048,0.231729175757253,0.225343786367946,0.114301727931737,0.154035776249517,0.112861631072206,0.0942272541242229,0.23863133384939,0.119871837615945,0.146832671535153,0.161953099653988,0.211209429681497,0.229237989887605,0.271450874317413,0.277435742767378,0.179063371727835,0.218188322017201,0.149051486476966,0.177323386553271,0.204214610865029,0.260518608484021,0.132297951515034
"X_Trifolium_sp_",0.201707343049547,0.16700305035264,0.184315870362846,0.137674063483298,0.166601735467972,0.177828102762238,0.185100787160591,0.176208846442679,0.149805144993289,0.234030011873987,0.187560831003014,0.192736926784641,0.204432730830337,0.158990883241315,0.120381319191987,0.194350306697591,0.247843981962084,0.132121882803897,0.15229427997838,0.114579640385449,0.169723741505523,0.180596810902732,0.244751634539485,0.220664899384984,0,0.23595590791938,0.1526024567086,0.222187082034719,0.205932856982925,0.138975383471642,0.140524109659002,0.176471747605519,0.253104234757145,0.121131478119178,0.165239703714144,0.13749055262734,0.104778452261718,0.235780383613288,0.118926869537108,0.129206072555786,0.163760445114229,0.187627947039671,0.234386530588854,0.236277124396464,0.193504588239501,0.220188391301634,0.162719459573444,0.132557438036057,0.156044245969871,0.216328379919643,0.167443215824899,0.177063970671679
"X_Ursinia_anthemoides",0.222387181065142,0.230712669326853,0.19603947544322,0.125130633580622,0.229318766225723,0.185470755931424,0.236875725266006,0.291874731963457,0.20276165699,0.180737117795264,0.208467213480931,0.211687807640067,0.241005094615307,0.195511690082514,0.151393540109141,0.179843894613648,0.233213705018134,0.124750782994469,0.16337687460987,0.124726109504126,0.148908299257427,0.185214092336826,0.269032164817794,0.230662709815281,0.23595590791938,0,0.181500021351966,0.216105378585047,0.251566555805026,0.136195065147973,0.167661197135629,0.213802562328077,0.282483177638927,0.141428632120434,0.181172798514355,0.130870502981478,0.114602120051367,0.275112726873047,0.143442241232037,0.165529063166922,0.189646504179546,0.189999618651081,0.274839223655075,0.321925288076331,0.321954244876698,0.21250976998782,0.235492082558168,0.180590217281839,0.181909930906449,0.231417508100481,0.288397596594915,0.155406586484446
"X_Vulpia_myuros",0.132936282401679,0.142253345275983,0.136556654215674,0.0878208946054097,0.138160323467074,0.156487194320431,0.152911581295331,0.155935749307676,0.158961397176569,0.174354674986518,0.148924312664297,0.133029697681746,0.155862366954118,0.130889400902228,0.0910388611907587,0.157150783807159,0.170249188840071,0.084067460986509,0.128733833061388,0.0771251171042288,0.0985318896590801,0.111904762110633,0.163292096201188,0.159270409630214,0.1526024567086,0.181500021351966,0,0.146191464903298,0.160393773522976,0.0930872757490431,0.115757996184526,0.139490088688815,0.17356661467232,0.105760669540474,0.115253182351265,0.0866098089870527,0.0730547150346953,0.157745265678558,0.0990349593833193,0.118392037983427,0.104890601442427,0.168670262894836,0.162947742242402,0.192005653365844,0.182918371527157,0.159522192490551,0.152463855396082,0.0915005353067115,0.102520487718938,0.17648354463953,0.161637904568878,0.0989570506240397
"X_Wahlenbergia_capensis",0.217881571232307,0.131232466683874,0.150863760147284,0.104299658477498,0.193826932304644,0.154904363797728,0.200705284424303,0.220133164165702,0.206378592444601,0.209092906345418,0.173425090590012,0.176821656335169,0.17038344179541,0.165508313909534,0.104813531925566,0.209767881693902,0.203464033052792,0.115393848878715,0.107383999086981,0.093017888857028,0.150823564463681,0.156192249949461,0.194624415216198,0.192900253834465,0.222187082034719,0.216105378585047,0.146191464903298,0,0.161612578303914,0.109521829569768,0.130640159891583,0.222018190489382,0.209161859704326,0.0913322525044459,0.134640955914677,0.114642022041635,0.0894432014249361,0.222544455525716,0.117331754600871,0.142472107646275,0.148196196266066,0.19853591429976,0.21686096243562,0.232453819953083,0.226300013305236,0.19120821855161,0.215852682051682,0.112356846098174,0.149862964544312,0.185734510646246,0.218026806906399,0.148485817096833
"X_Watsonia_sp_",0.182924800082787,0.156335603961489,0.141083260189074,0.0830049254943415,0.190354590327836,0.184443822645694,0.185669738405393,0.217953001949593,0.23256784228161,0.227186375133933,0.19345587510276,0.174093968827529,0.175812265672726,0.184301979931883,0.110875522568587,0.232365014256939,0.158816465403737,0.076367479787875,0.125240511581309,0.0801511687223924,0.104968969626544,0.114085106493936,0.165368085207257,0.196898512494966,0.205932856982925,0.251566555805026,0.160393773522976,0.161612578303914,0,0.0910188316673905,0.122102095563387,0.20555727622329,0.18210692303706,0.103983485032239,0.128138642315225,0.0907819516258915,0.072001266386476,0.190292853227472,0.116687084106129,0.139250503578829,0.11398923499785,0.238820415090283,0.2035721536077,0.224380566964416,0.239228455905133,0.171051607294688,0.21759113703833,0.129804079439967,0.132296924897417,0.218676981166381,0.22259499752803,0.102598264691278
"Acacia_cyclops",0.121172331171669,0.0786198184741236,0.0826766174798685,0.0419509464547235,0.124407622985375,0.104814402357169,0.124927799289329,0.147153139704164,0.149448541708408,0.129307588181437,0.10332961105057,0.0924745109788174,0.0979154502728426,0.112921716489571,0.0541870219801888,0.142633856847179,0.0974139324509908,0.0480339839024956,0.0607682193335548,0.0423298795830394,0.0638413187990049,0.0713375587463096,0.0917693897007355,0.112092050709544,0.138975383471642,0.136195065147973,0.0930872757490431,0.109521829569768,0.0910188316673905,0,0.0751936181779782,0.14510274653977,0.0900613434970523,0.0572671235494966,0.0717074807336314,0.0486676469420283,0.0385173084035548,0.113576140234116,0.0700589748126317,0.0912117621003776,0.0762934240111058,0.141906701158616,0.109158335225708,0.130981064596775,0.144395600220874,0.103660438230011,0.14083626187112,0.0658205669250389,0.0821112893692788,0.118790305479325,0.147627800998284,0.0728802176427187
"Acacia_saligna",0.127867509937248,0.0992655899267091,0.109225183843567,0.0680564306684693,0.131284056392811,0.127230257895104,0.128302655992572,0.137610724468214,0.15762832808677,0.156976779090147,0.119127847314682,0.110578888838138,0.116968359911317,0.114783236350532,0.0679568506287161,0.143832760223549,0.130561036879097,0.0675894027430148,0.0909479494854558,0.0599481745613062,0.0870363673732813,0.0964343278328163,0.127309201127118,0.133560404793048,0.140524109659002,0.167661197135629,0.115757996184526,0.130640159891583,0.122102095563387,0.0751936181779782,0,0.131348118439735,0.128317326978279,0.072470861457668,0.0944095605307631,0.0739376867225863,0.0568876811914592,0.133474214570347,0.0846005413783681,0.102435341775648,0.0869660922895405,0.160859138863321,0.132755762017993,0.142639522931498,0.140992202242205,0.13803793259829,0.148391076152818,0.0770416880150632,0.0874804768175127,0.146623539203432,0.135437429257837,0.0876645347437542
"Agrostis_avenacea",0.225156945595365,0.16677797272241,0.156406030058371,0.136548832973631,0.177791500485688,0.137632906973749,0.180220286333226,0.215745384143233,0.157882345136775,0.216906750083275,0.199651046953183,0.225526843105369,0.220761009807565,0.133417221521638,0.134515272313921,0.13327848004329,0.232592328073096,0.145324458485952,0.111223725654458,0.11985824945019,0.187251507725138,0.216073575734092,0.26084550745968,0.231729175757253,0.176471747605519,0.213802562328077,0.139490088688815,0.222018190489382,0.20555727622329,0.14510274653977,0.131348118439735,0,0.287990721467272,0.0916174264600855,0.174985577931381,0.154811149029699,0.120266979037266,0.276855789789619,0.115110827897601,0.134321417454708,0.205288674523611,0.182547068311501,0.272442182672223,0.273071849230176,0.219114509371275,0.192257301232549,0.205435605158096,0.161259017932829,0.209027045404054,0.182295304918357,0.179955507838181,0.196151282431906
"Angianthus_sp_",0.251721209282279,0.161621671465362,0.14433739846488,0.083944313089934,0.233266755109322,0.197919090283771,0.231158815624742,0.258778332236395,0.272800919594873,0.261812701112142,0.207243264215667,0.185838572080539,0.185170834219769,0.234811699511398,0.107947972339294,0.308054134395063,0.172061483723881,0.092404965323826,0.114729891693284,0.0695681137810562,0.121905824237347,0.12608890265291,0.164097983395642,0.225343786367946,0.253104234757145,0.282483177638927,0.17356661467232,0.209161859704326,0.18210692303706,0.0900613434970523,0.128317326978279,0.287990721467272,0,0.106161441285504,0.134547728165079,0.0962967834290306,0.0683026270722393,0.22740101023016,0.127774601511566,0.161859684288458,0.124600501291522,0.268126931061349,0.219010966110375,0.253592013979337,0.272229061327056,0.195172655109798,0.262149814792971,0.129511157370784,0.16591140364695,0.221745146565031,0.279427334058443,0.133574712225505
"Aster_sp_",0.0892079968472454,0.0986407357975061,0.088307814022545,0.0529783278018548,0.107843961271225,0.113546765496769,0.108071416575849,0.124481269729709,0.149157299947831,0.13294485013812,0.10208455909766,0.0900867701353756,0.0992065377713157,0.0820467025778925,0.0562241852373838,0.104522172844042,0.10983020034366,0.0497965738014092,0.0881495456379066,0.051934334755251,0.0617280319061776,0.0635725864036498,0.108781567665055,0.114301727931737,0.121131478119178,0.141428632120434,0.105760669540474,0.0913322525044459,0.103983485032239,0.0572671235494966,0.072470861457668,0.0916174264600855,0.106161441285504,0,0.0720940299680171,0.0581512020533695,0.0434556505857585,0.0967676862420212,0.0757778052665533,0.0930091235801835,0.0686374578535589,0.158535241112973,0.108806269230581,0.12897745133345,0.125584134223075,0.11234115620352,0.136140814229881,0.0647131361940736,0.0666217921885158,0.152339875507126,0.122034195999261,0.0605732698909913
"Baumea_articulata",0.153531802292463,0.122394441189856,0.106618967453844,0.0626447401196226,0.153895700302791,0.132815778774334,0.157913547997035,0.180662615431055,0.171313467942295,0.171339823742393,0.149503594630152,0.135553531430637,0.138688271814073,0.143789274738298,0.0815186420566353,0.183163299760941,0.128418443207088,0.0661025072590147,0.0886949473597549,0.0596466273213429,0.0848798534573096,0.0952567264475319,0.130589608016724,0.154035776249517,0.165239703714144,0.181172798514355,0.115253182351265,0.134640955914677,0.128138642315225,0.0717074807336314,0.0944095605307631,0.174985577931381,0.134547728165079,0.0720940299680171,0,0.0657890909280463,0.0587261227184063,0.152243207980325,0.0889734601381428,0.110684048636716,0.0948224659965063,0.17621064898153,0.155332230758037,0.175963379218737,0.196265567051729,0.141322670114371,0.179617492286814,0.0915831643721794,0.108516865746471,0.157156688567062,0.185469407519072,0.0845468072061412
"Centella_cordifolia",0.13763811290557,0.0744518703967361,0.0853281919787102,0.0464187687267003,0.128306361049091,0.0972930411660902,0.125833290832818,0.141389931806751,0.137374481877623,0.117970084528251,0.0998776911594096,0.093398012079217,0.0831967865635319,0.119523050767989,0.0488332705262395,0.152310832499327,0.0991734273789542,0.0638587126176392,0.0601099040379198,0.0421761217019143,0.062970608097658,0.0772994314505347,0.100406984363232,0.112861631072206,0.13749055262734,0.130870502981478,0.0866098089870527,0.114642022041635,0.0907819516258915,0.0486676469420283,0.0739376867225863,0.154811149029699,0.0962967834290306,0.0581512020533695,0.0657890909280463,0,0.0399342619236134,0.126140024065654,0.071350963002912,0.0851844949267406,0.0759596012334537,0.13151939572571,0.11221599542378,0.137155303231858,0.14333039670126,0.10864535171367,0.132618361878699,0.0613381718286628,0.0780114616023828,0.111144509383168,0.152209847952333,0.0824542320839998
"Cotula_coronopifolia",0.100032227593697,0.0606787424305815,0.0676315068961916,0.0335212033508714,0.0964810392927093,0.0846447247855121,0.0990956591277389,0.113803686983527,0.111383477830589,0.110599489544607,0.0885942625827133,0.0770404444298686,0.0795068296526634,0.0913745173269268,0.0474547830487295,0.124702156566764,0.07285464915383,0.034953315330542,0.0451221783862697,0.0309543685054699,0.0426354307779678,0.0543933697971824,0.065884011955938,0.0942272541242229,0.104778452261718,0.114602120051367,0.0730547150346953,0.0894432014249361,0.072001266386476,0.0385173084035548,0.0568876811914592,0.120266979037266,0.0683026270722393,0.0434556505857585,0.0587261227184063,0.0399342619236134,0,0.0899505702203457,0.0512497636032385,0.0661653782814785,0.0485246198156587,0.107542124192511,0.0872280359393354,0.111633223093753,0.113693476558542,0.0838684556112248,0.108751818140124,0.048011122655556,0.0671113747447266,0.092908264792793,0.11712860159922,0.0488093576051395
"Epilobium_billardierianum",0.261514084709582,0.154071370437457,0.155328842213744,0.105623393671815,0.222066938400772,0.180995754965066,0.220308924742692,0.249744225678701,0.229693049671948,0.260688668129963,0.211465502696977,0.20745170853939,0.19623949372518,0.225502813576513,0.118415895787927,0.290137429192941,0.200102555849592,0.119448928237783,0.103262784575892,0.0917481254338504,0.144663492271551,0.172354564860427,0.2048513131905,0.23863133384939,0.235780383613288,0.275112726873047,0.157745265678558,0.222544455525716,0.190292853227472,0.113576140234116,0.133474214570347,0.276855789789619,0.22740101023016,0.0967676862420212,0.152243207980325,0.126140024065654,0.0899505702203457,0,0.119036436098198,0.151301782425255,0.159464639788114,0.239337693054671,0.253670867172387,0.267333788367331,0.266902994092493,0.201977124456961,0.229775829641139,0.141462204170106,0.192898163269568,0.2151695283082,0.262478020720838,0.15921354093022
"Eucalyptus_rudis",0.109389659813536,0.102371967215665,0.111900495554892,0.0699583280991233,0.109114270205136,0.114175739534853,0.120262944644287,0.120206284729186,0.120262958387491,0.134662169363615,0.108187079367093,0.104290750087822,0.111799195855898,0.103417145291092,0.0674691824193088,0.123306872844778,0.130952403441314,0.0663823685471736,0.0937196470552811,0.0597519517853347,0.0829969209243367,0.0881022161632573,0.125212844469379,0.119871837615945,0.118926869537108,0.143442241232037,0.0990349593833193,0.117331754600871,0.116687084106129,0.0700589748126317,0.0846005413783681,0.115110827897601,0.127774601511566,0.0757778052665533,0.0889734601381428,0.071350963002912,0.0512497636032385,0.119036436098198,0,0.0894046299292226,0.080949861367034,0.132673801248282,0.126547781117317,0.141977613777653,0.132721623501031,0.13374890430091,0.114669719835706,0.070798937974918,0.0781465307069675,0.139124833198709,0.123324417528796,0.0886351028400889
"Exocarpus_sparteus",0.134599912748494,0.128195093746548,0.128566732399084,0.0861832620587173,0.124742406235497,0.137432968273127,0.136180486957223,0.138823328826025,0.133589716194602,0.164313232520935,0.131770791554648,0.126341684481041,0.140028452500717,0.125758683865295,0.0794615793413071,0.144982639322318,0.163785755053581,0.0831338674700681,0.111407847570974,0.0755659477966309,0.101589644129415,0.111865727810501,0.162280221815374,0.146832671535153,0.129206072555786,0.165529063166922,0.118392037983427,0.142472107646275,0.139250503578829,0.0912117621003776,0.102435341775648,0.134321417454708,0.161859684288458,0.0930091235801835,0.110684048636716,0.0851844949267406,0.0661653782814785,0.151301782425255,0.0894046299292226,0,0.1015336237895,0.148554235845025,0.151202334324215,0.169501680845467,0.156814524342092,0.147413171106357,0.126999519498252,0.086992845797574,0.0957045072258841,0.164923494118681,0.138076529873611,0.106049081223533
"Isolepis_cernua",0.183104015600625,0.100962617477068,0.0940135027737417,0.0601574489156861,0.153367523886225,0.121225302572842,0.158367605534388,0.178033059505975,0.163658891400898,0.172785216282274,0.150399237699538,0.144329224302367,0.132704683596011,0.165509951940269,0.0745690821304619,0.21675013227898,0.116812409182485,0.0725225165434775,0.0769251357917124,0.0575532075338928,0.0861823265349297,0.106379289885783,0.124675153096313,0.161953099653988,0.163760445114229,0.189646504179546,0.104890601442427,0.148196196266066,0.11398923499785,0.0762934240111058,0.0869660922895405,0.205288674523611,0.124600501291522,0.0686374578535589,0.0948224659965063,0.0759596012334537,0.0485246198156587,0.159464639788114,0.080949861367034,0.1015336237895,0,0.169145396189801,0.166328823089981,0.174145721102995,0.189786404803544,0.118045760872178,0.166627551036418,0.0949149534776423,0.123701013136175,0.147493779729959,0.191125364435479,0.0888593635137783
