"","X_Acacia_longifolia","X_Arctotheca_sp_","X_Avena_fatua","X_Briza_maxima","X_Briza_minor","X_Bromus_diandrus","X_Carpobrotus_edulis","X_Conyza_bonariensis","X_Ehrharta_calycina","X_Ehrhata_longiflora","X_Euphorbia_sp_","X_Fumaria_capreolata","X_Gladiolus_caryophyllaceus","X_Hypochaeris_glabra","X_Lolium_rigidum","X_Lotus_suaveolens","X_Pelargonium_capitatum","X_Pentaschistis_airoides","X_Petrorhagia_dubia","X_Poa_annua","X_Romulea_rosea","X_Solanum_nigricans","X_Sonchus_asper","X_Sonchus_oleraceus","X_Trifolium_sp_","X_Ursinia_anthemoides","X_Vulpia_myuros","X_Wahlenbergia_capensis","X_Watsonia_sp_","Acacia_cyclops","Acacia_saligna","Agrostis_avenacea","Angianthus_sp_","Aster_sp_","Baumea_articulata","Centella_cordifolia","Cotula_coronopifolia","Epilobium_billardierianum","Eucalyptus_rudis","Exocarpus_sparteus","Isolepis_cernua","Jacksonia_furcellata","Juncus_sp_","Lepyrodia_muirii","Lobelia_alata","Melaleuca_teretifolia","Podolepis_lessonii","Podotheca_angustifolium","Sedge_B","Sonchus_sp_","Villarsia_capitata","Viminaria_juncea"
"X_Acacia_longifolia",1,0.458435990546763,0.0619643483736418,0.16553311170698,0.790193196164009,0.232289482913408,-0.0797722322310755,0.879382510916848,0.0456092766027368,0.618165652481081,0.66660261765105,0.73653844544615,0.588885436233996,0.761353945982116,0.434907540064446,0.892713658533021,0.0813859195162771,0.464640376334984,0.158724181880883,0.325262035591139,0.00924558356651854,0.70502435543821,0.67992303481445,0.724778684898289,-0.0658185008686172,0.718356922974753,0.128848084512319,-0.0382610452676106,0.565584670414886,0.129405981756849,0.0484215432967972,0.940566475810666,0.766017765104779,0.174603271531034,0.183137203162599,0.468000261592316,0.153063981182494,0.859121684365094,0.063043701292513,0.0395511745299841,0.676019467345261,0.292633153924294,0.824760419504264,0.883365298346894,0.913872419470282,0.602531723532439,0.70844626389037,0.529645499297368,0.683353578572462,0.346724539582992,0.919747621782659,0.653132506044448
"X_Arctotheca_sp_",0.458435990546763,1,0.392419560027567,0.124212897322214,0.215095558326097,0.654388991267482,0.367995858980488,0.274253997863179,0.736341087984516,0.791658158006445,0.644008157807757,0.547120917069991,0.667671780228245,0.501702563809138,0.334002814746661,0.719937084800882,0.473344880468479,0.116354032700667,0.432416496722848,0.0910922588375597,0.160877896805883,0.296251228458983,0.293790912551496,0.651481625339447,0.479727710368436,0.835952017088042,0.54698742824063,0.287619493950809,0.599073030014305,0.0869354389893071,0.294131479952732,0.515036933960348,0.492220002384933,0.373598392982673,0.0585254233493426,0.148095752976997,0.0396987651014944,0.43293095709099,0.348928489704783,0.456429066657154,0.290420163745238,0.809017486325738,0.643300181875137,0.458131181847578,0.480763406064167,0.0262237536591086,0.117546517765129,0.442921024957264,0.472579773480236,0.753032329973625,0.417593125708512,0.193657282202234
"X_Avena_fatua",0.0619643483736418,0.392419560027567,1,0.183094138391957,0.00730425938173367,0.583433303503715,0.593055173535999,0.0191858642259515,0.742514481547981,0.59186732651105,0.40155343161763,0.306270394277007,0.445844157327253,0.0993846357081494,0.226080063753957,0.218267567394774,0.562822624636798,0.0195507460684056,0.412547836836834,0.0598611556853283,0.342071628438821,0.062693004444532,0.128643100784545,0.407895441140497,0.665497006914864,0.596451790315665,0.487561692001605,0.518558466655325,0.46142645090878,0.174381991392987,0.380158985308273,0.071385461857697,0.312132273109324,0.315815996496082,0.146231533479269,0.0367636470496742,0.0861554676636684,0.0822950384319492,0.419682314841136,0.472192929100742,0.0944175126086307,0.720453579929363,0.308747813005195,0.0849305280930878,0.0589274548936525,0.0197487928920647,0.0164440270528212,0.199583083819293,0.162873827425823,0.66442996363031,0.0361069506800888,0.0221814576354792
"X_Briza_maxima",0.16553311170698,0.124212897322214,0.183094138391957,1,0.219800956097168,0.184014049241069,0.310574830923251,0.250621860363906,0.278703008281412,0.183677336248805,0.13349489599958,0.121226549343545,0.104117107912152,0.144041340067728,0.0795541473260408,0.184431005689254,0.217164010933657,0.0777257016703282,0.107110734557148,0.0691865577341126,0.16733175498486,0.0857244461069758,0.172040155038376,0.130374741463219,0.296727074085833,0.169481786237339,0.159147821887608,0.25691368324845,0.12147210767773,0.107478228072089,0.155055270192579,0.189752696782478,0.132980767447544,0.0799229947821169,0.156821966427983,0.0812370130758306,0.0728399348063935,0.164331682586529,0.137307183114481,0.168871582137152,0.094634425704373,0.230275259425605,0.133852214245943,0.193804372959646,0.227889340061249,0.216988184540776,0.269178197101463,0.0699722442070151,0.0895766990219398,0.177491762430498,0.215339335759182,0.0902187498885123
"X_Briza_minor",0.790193196164009,0.215095558326097,0.00730425938173367,0.219800956097168,1,0.000127005379996334,-0.147465112624115,0.864258049210097,-0.247317317172127,0.269050789974604,0.397543511531486,0.478143748637035,0.382350483414336,0.652672121263004,0.270229578843756,0.692332379568272,0.0220443210499121,0.51127360994727,0.0421741621513128,0.342274015348214,0.0235923424472632,0.635454736222685,0.675169871210294,0.472045431256326,-0.236432457038066,0.394973406860503,-0.0363454164995044,-0.0636890573271661,0.325762537011629,0.21734405658329,0.00405549163798662,0.817319254720866,0.632736795919016,0.0387471886267798,0.285583656202475,0.491271857934909,0.206970227397016,0.773853793527926,-0.0541470889214896,-0.10789954196893,0.528891636193626,-0.0752787519526605,0.649794752285354,0.823453626811872,0.841228646386149,0.745157068997476,0.823854962253949,0.337285341099059,0.481925010227407,0.037849606499672,0.858075523301746,0.612603557689479
"X_Bromus_diandrus",0.232289482913408,0.654388991267482,0.583433303503715,0.184014049241069,0.000127005379996334,1,0.571479314457523,0.0612223258983236,0.825273888751656,0.789463491730577,0.645543938479068,0.548285598184064,0.651951344182326,0.31426637038254,0.415206158715185,0.476638165672914,0.699777919585816,0.0710813240108503,0.59476192331668,0.108338207542531,0.32164125517763,0.201323024590792,0.27554618093263,0.666578941410901,0.686543588258771,0.747929032784056,0.616947920304956,0.501470529472179,0.673209913798204,0.157156747439145,0.416344633170768,0.216201889699757,0.498113860407789,0.461645911451344,0.109892157194248,0.0926644749701652,0.0776656406874908,0.283906053445023,0.449068981011932,0.547168863451951,0.288068013599779,0.852037643449122,0.542532790519543,0.280455659543584,0.250174903477478,-0.0319963623297568,-0.0987695628387192,0.400746951324174,0.370348769740811,0.78273475522025,0.172685811005055,0.0976843714675132
"X_Carpobrotus_edulis",-0.0797722322310755,0.367995858980488,0.593055173535999,0.310574830923251,-0.147465112624115,0.571479314457523,1,-0.140377867439792,0.789418758435033,0.537720414750126,0.273825217185029,0.234816554258449,0.357411959117323,-0.0835805368742023,0.14704976520494,-0.0314300851576684,0.742730573644617,0.0233641686189503,0.456480344265027,0.140967827808336,0.60128104466618,0.0469401318067516,0.275158100765255,0.343194069451135,0.843175109241716,0.423294383611224,0.546970405675358,0.782076222165905,0.422243186936442,0.302819542665793,0.489255051165206,-0.164189874098927,0.360664590447208,0.362608839806601,0.374269670753977,0.0477004010905943,0.206686627725177,-0.00380959732820421,0.469422860239964,0.564722270142811,0.0582667444991842,0.710798414549992,0.204799668386308,0.000855121658301767,-0.0885103290478445,0.0405199271143986,-0.0578108347901748,0.138153668423523,0.0788292068467232,0.636043863263063,-0.197837209041547,-0.00452639442435527
"X_Conyza_bonariensis",0.879382510916848,0.274253997863179,0.0191858642259515,0.250621860363906,0.864258049210097,0.0612223258983236,-0.140377867439792,1,-0.183177728178395,0.39798989419936,0.491206596012028,0.609922061057807,0.474500975356751,0.724475373489005,0.338181807232869,0.810888174907131,0.0326453486160508,0.531771553306244,0.0783805749302685,0.323347670748936,0.0342547697964236,0.703257101384115,0.734244559206849,0.637690331745764,-0.236830465987131,0.537489489907795,-0.00361007161323321,-0.0700266402935776,0.428662997974087,0.253308985632949,-0.0106148776310277,0.914282638338882,0.691670779945968,0.0791934086547384,0.345083584646076,0.523319963922022,0.236059918028294,0.860510655690476,-0.0330872884639176,-0.0903722873444403,0.632530477130261,0.0357910079057513,0.713013070365529,0.885692586802302,0.907422877653567,0.796461419358961,0.868803169967725,0.43458976038592,0.583356888899858,0.138525621949686,0.918905689881942,0.728956482825055
"X_Ehrharta_calycina",0.0456092766027368,0.736341087984516,0.742514481547981,0.278703008281412,-0.247317317172127,0.825273888751656,0.789418758435033,-0.183177728178395,1,0.801495946058711,0.632740593183068,0.541735209523354,0.735281977095449,0.186307186804005,0.424248315872876,0.324964773170933,0.83949977364391,0.0448234712189637,0.749233857468753,0.137406187361285,0.542947128827695,0.15966965836138,0.333001362151533,0.676329847214473,0.865981122459291,0.773595017180265,0.744839775986268,0.736460810788335,0.781388554455604,0.273071309588325,0.583775955981085,-0.0155314839355107,0.594370183226719,0.600189996989994,0.219549304252441,0.0804305479918131,0.128871448547845,0.146442218894816,0.572089045625666,0.671697109142873,0.244447975024615,0.904570306023863,0.52997047047489,0.173409290671318,0.0553376478184234,-0.118326650090719,-0.53298563504415,0.406408434368558,0.319443590745992,0.884634092740159,-0.114171818775548,0.0172335196789757
"X_Ehrhata_longiflora",0.618165652481081,0.791658158006445,0.59186732651105,0.183677336248805,0.269050789974604,0.789463491730577,0.537720414750126,0.39798989419936,0.801495946058711,1,0.823646855137249,0.730600798027861,0.828403911324115,0.621698360871609,0.546836449802687,0.796920091810979,0.676993475769557,0.18891503147678,0.632468799345996,0.190706934906063,0.284653420996457,0.450038087101528,0.475183214073304,0.833873585233561,0.618216869190982,0.882216728745651,0.639907610377909,0.425811051175013,0.77318331084045,0.156454087328766,0.410032955689261,0.633200183195543,0.716038893433625,0.514504371883733,0.103065243143572,0.192164516023498,0.0829369996902357,0.641896158908637,0.457900308417563,0.541602337960999,0.508741986827705,0.869150206978809,0.775296447871597,0.629855797315283,0.591774068674237,0.0287432283527292,0.0751898211556815,0.618962410674383,0.64787173252779,0.809732725223213,0.539282932889534,0.278325005027458
"X_Euphorbia_sp_",0.66660261765105,0.644008157807757,0.40155343161763,0.13349489599958,0.397543511531486,0.645543938479068,0.273825217185029,0.491206596012028,0.632740593183068,0.823646855137249,1,0.725270339384188,0.761762002357461,0.638759080545346,0.479832689475182,0.839920392126218,0.444336317059684,0.21792486164016,0.437583625221121,0.165959833590937,0.149096633353964,0.469109628611372,0.467150863588401,0.803126470446289,0.412558369427664,0.804321426218227,0.504980599302381,0.24523193896975,0.729374677075528,0.0946739679306623,0.261748303864317,0.73497542413763,0.617316409471007,0.372728362044343,0.082463531178651,0.212340049976573,0.0618920680688036,0.627061703915115,0.315037756066364,0.370227122035467,0.52202603199311,0.752167443943784,0.779453508003125,0.657213558743839,0.694880950959356,0.0911817598540643,0.194320036587755,0.48833909539043,0.643327031501671,0.690155482071164,0.62461028764389,0.32831077818769
"X_Fumaria_capreolata",0.73653844544615,0.547120917069991,0.306270394277007,0.121226549343545,0.478143748637035,0.548285598184065,0.234816554258449,0.609922061057807,0.541735209523354,0.730600798027861,0.725270339384188,1,0.673730138929911,0.673981192272795,0.465482148030958,0.864237057591565,0.35295127176998,0.236990206465728,0.310426783600761,0.14869152264905,0.107610201714511,0.482331745537629,0.442278604744711,0.754842471777644,0.320284790068568,0.780781216292876,0.395099294798539,0.137642583652059,0.669033935793215,0.0763851865340495,0.204018543980031,0.808766724431985,0.582170636531587,0.314326830202703,0.0707911385003287,0.238152307713509,0.0689957180932742,0.678550196707731,0.27469542135256,0.319291695360931,0.505013714113992,0.665556526067503,0.742521165988223,0.761407758284867,0.73422287471607,0.198677917337831,0.333102949012536,0.457000301656913,0.621786905415561,0.605256662273355,0.734008130616757,0.326669728226848
"X_Gladiolus_caryophyllaceus",0.588885436233996,0.667671780228245,0.445844157327253,0.104117107912152,0.382350483414336,0.651951344182326,0.357411959117323,0.474500975356751,0.735281977095449,0.828403911324115,0.761762002357461,0.673730138929911,1,0.627049881467759,0.389510066734011,0.821252787722781,0.442215424398485,0.198514594869151,0.415641022061011,0.146680783801948,0.180531632873171,0.36084634400214,0.345243264079789,0.784791174959792,0.510823578672096,0.85648829376064,0.535334862325295,0.291933282144734,0.695740705284567,0.0919636207826505,0.291631547758756,0.7084045819354,0.572049646420879,0.375614227368148,0.0672639540074946,0.177576813065682,0.0476339552526037,0.617122331112798,0.334355216623591,0.456548049304504,0.453737984513219,0.817593625747566,0.734432249686909,0.611632662031476,0.663967606909671,0.0999955687520453,0.240170657469319,0.464328667562727,0.553548739951387,0.736102157942704,0.617667456773232,0.260906514850669
"X_Hypochaeris_glabra",0.761353945982116,0.501702563809138,0.0993846357081494,0.144041340067728,0.652672121263004,0.31426637038254,-0.0835805368742023,0.724475373489005,0.186307186804005,0.621698360871609,0.638759080545346,0.673981192272795,0.627049881467759,1,0.454929743075006,0.808044751067713,0.175338924389611,0.402605672149382,0.201407953742683,0.253374041924405,0.0231508513539326,0.597050538371639,0.564636893298308,0.67424949009927,-0.0309469011184487,0.702108911458031,0.216170778529287,-0.0482157288306401,0.59067678240376,0.133920879134338,0.0944679489443784,0.797883567762202,0.630626512958938,0.227076843722762,0.146558665045708,0.379685144676739,0.111461367691742,0.745010088896519,0.120211920680101,0.114611679932819,0.592038657159005,0.398590209095384,0.73806415823817,0.760278866712407,0.773828389013203,0.425394921854881,0.529416416707597,0.535087932753954,0.654818538787074,0.408602442761878,0.779754510200346,0.552999884878899
"X_Lolium_rigidum",0.434907540064446,0.334002814746661,0.226080063753957,0.0795541473260408,0.270229578843756,0.415206158715185,0.14704976520494,0.338181807232869,0.424248315872876,0.546836449802687,0.479832689475182,0.465482148030958,0.389510066734011,0.454929743075006,1,0.617498959386611,0.220359422932227,0.121510028253721,0.19935205278295,0.086881066614102,0.0706339964835335,0.245093605875488,0.202570230420162,0.523828985076206,0.243421414794596,0.595597402453576,0.287437811767521,0.118531161614574,0.370290896433537,0.0448703018093276,0.150918561083656,0.474550672195796,0.328673153715515,0.197219890216375,0.0410276534732117,0.119595647626129,0.0316597817944991,0.387151431451621,0.1918178232434,0.211286228380945,0.240597262507838,0.49941880697151,0.484368321661015,0.443810753769781,0.422054237133341,0.0936590317664803,0.168639778278248,0.307594244176549,0.32799198268667,0.472618298670339,0.402300085413288,0.167249185921861
"X_Lotus_suaveolens",0.892713658533021,0.719937084800882,0.218267567394774,0.184431005689254,0.692332379568272,0.476638165672914,-0.0314300851576684,0.810888174907131,0.324964773170933,0.796920091810979,0.839920392126218,0.864237057591565,0.821252787722781,0.808044751067713,0.617498959386611,1,0.291727603291381,0.489327369005318,0.362897104793052,0.310099461684327,0.0591549955515661,0.759751647166034,0.708053633932913,0.868779903126805,0.0310264820984178,0.874260689063705,0.365656421351347,-0.0161490578227069,0.792112895963608,0.132708721029722,0.151559117529134,0.906788993918588,0.840418098538525,0.346062913734792,0.150528652244438,0.45404883794453,0.128704704235389,0.886321360391567,0.208816076135955,0.196040864598815,0.777435814404805,0.571937684603535,0.892669460084075,0.884398582891772,0.900195003744422,0.339595069884551,0.52921952189122,0.757679658939983,0.832700464643554,0.588211900640975,0.882269444567616,0.645124040650776
"X_Pelargonium_capitatum",0.0813859195162771,0.473344880468479,0.562822624636798,0.217164010933657,0.0220443210499121,0.699777919585816,0.742730573644617,0.0326453486160508,0.83949977364391,0.676993475769557,0.444336317059684,0.35295127176998,0.442215424398485,0.175338924389611,0.220359422932227,0.291727603291381,1,0.0322483166451465,0.529329129735115,0.0917275708281928,0.406031748949721,0.0755766435743197,0.230210007825611,0.525870607654591,0.799961698659923,0.619892967302374,0.600095015936818,0.719141907355507,0.497260286861492,0.223317138503437,0.452729881449345,0.0944420951998558,0.366885090738843,0.379200974198357,0.251721137706844,0.0380320643892636,0.112144681902242,0.0936818092895505,0.444011895481512,0.567469897974445,0.119826500465348,0.81986035325925,0.376800366586659,0.129863449075657,0.0797124670924241,0.0347589270258022,0.0285718150362332,0.221553225955707,0.19947324346538,0.732118520731517,0.0590042500155126,0.0285209675514791
"X_Pentaschistis_airoides",0.464640376334984,0.116354032700667,0.0195507460684056,0.0777257016703282,0.51127360994727,0.0710813240108503,0.0233641686189503,0.531771553306244,0.0448234712189637,0.18891503147678,0.21792486164016,0.236990206465728,0.198514594869151,0.402605672149382,0.121510028253721,0.489327369005318,0.0322483166451465,1,0.0403695334381626,0.111588325235003,0.0205099239269595,0.22835004044545,0.267942938256018,0.245899952419608,0.0152417184123643,0.238108782781858,0.0369095555272013,0.0195277404587925,0.144230296548091,0.077191830415509,0.0228438470006119,0.552509776862621,0.232447362491467,0.0483822434432874,0.131650439901339,0.179564364893324,0.0793947585499807,0.423566212078825,0.0256572735583773,0.0309540062846522,0.252188736665993,0.0889761024841999,0.323908106487488,0.483903108899144,0.535729632988608,0.312332571281083,0.522415371402887,0.149883838042097,0.207502272916849,0.109550397422666,0.576461952960643,0.243720430645615
"X_Petrorhagia_dubia",0.158724181880883,0.432416496722848,0.412547836836834,0.107110734557148,0.0421741621513128,0.59476192331668,0.456480344265027,0.0783805749302685,0.749233857468754,0.632468799345996,0.437583625221121,0.310426783600761,0.415641022061011,0.201407953742683,0.19935205278295,0.362897104793052,0.529329129735115,0.0403695334381626,1,0.0614116482425179,0.169170055602573,0.109511561096356,0.122985803261795,0.423613495369787,0.57856898936721,0.651016671887467,0.505846379895962,0.366704829496175,0.509934764420494,0.10686755359541,0.32619184433779,0.157160317420704,0.291404170650654,0.34059184528337,0.0627907684223503,0.0385136962723485,0.0375518472723322,0.153713668801115,0.351754568842596,0.430207952354108,0.151328149351502,0.770135719229532,0.330759376861092,0.162000628677097,0.165321321736541,0.00835827440082122,0.0176194664702532,0.242410344106269,0.207689415184454,0.678818405148477,0.129373998255043,0.0511019800194547
"X_Poa_annua",0.325262035591139,0.0910922588375597,0.0598611556853283,0.0691865577341126,0.342274015348214,0.108338207542531,0.140967827808336,0.323347670748936,0.137406187361285,0.190706934906063,0.165959833590937,0.14869152264905,0.146680783801948,0.253374041924405,0.086881066614102,0.310099461684327,0.0917275708281928,0.111588325235003,0.0614116482425179,1,0.0683583199272053,0.176825705981115,0.208924301421256,0.178060102761751,0.129704327436003,0.208830685718243,0.0888084631541292,0.10365171065132,0.12498206747534,0.0836567793795412,0.0620653926765148,0.330129587403155,0.168535233316567,0.0600260873686646,0.119913420781939,0.117923404416898,0.0651156084879839,0.274886161118313,0.0591265344496745,0.0818255336175974,0.128667872667352,0.150031307583531,0.211529683977966,0.299394514456482,0.310766354729397,0.274982588492979,0.354893975864398,0.106118131616644,0.135121995004749,0.131459246930453,0.356961659881981,0.164937229483621
"X_Romulea_rosea",0.00924558356651854,0.160877896805883,0.342071628438821,0.167331754984859,0.0235923424472632,0.32164125517763,0.60128104466618,0.0342547697964236,0.542947128827695,0.284653420996457,0.149096633353964,0.107610201714511,0.180531632873171,0.0231508513539326,0.0706339964835335,0.0591549955515661,0.406031748949721,0.0205099239269595,0.169170055602573,0.0683583199272052,1,0.0285356114217546,0.0944208240230458,0.135837070995178,0.666396631932384,0.235594924584651,0.324019025917437,0.585979180876072,0.192394459912092,0.184985786347923,0.31038915146958,0.00829906120191705,0.132033356807174,0.168828209578749,0.241118869734468,0.0289229916955427,0.0972804036072157,0.0320725211056981,0.271260434563393,0.345729000860984,0.0370068476655294,0.408370001278295,0.118356307900955,0.0283695241771997,0.0213819713862037,0.0804121916699395,0.0800310998852572,0.0632692528819619,0.0500561618190223,0.354441359992717,0.0170198859735836,0.01363554136777
"X_Solanum_nigricans",0.70502435543821,0.296251228458983,0.062693004444532,0.0857244461069758,0.635454736222685,0.201323024590792,0.0469401318067516,0.703257101384115,0.15966965836138,0.450038087101528,0.469109628611372,0.482331745537629,0.36084634400214,0.597050538371639,0.245093605875488,0.759751647166034,0.0755766435743197,0.22835004044545,0.109511561096356,0.176825705981115,0.0285356114217546,1,0.354747572218497,0.519144903409218,0.0637148123494516,0.553497182770789,0.16298688983983,0.0398409772243556,0.334500967899969,0.0755629742798179,0.0472275740367835,0.79444883329701,0.390459231532168,0.137620639932903,0.135195906097836,0.238019819200584,0.088786226827628,0.640337475850722,0.0715287830769537,0.0940609697225742,0.359229466447799,0.27591494886295,0.595058526289664,0.658709971132246,0.741144086347136,0.487211618414184,0.567607908675259,0.312596123484686,0.388146897118983,0.258565404835552,0.774908142496243,0.332055872522805
"X_Sonchus_asper",0.67992303481445,0.293790912551496,0.128643100784545,0.172040155038376,0.675169871210294,0.27554618093263,0.275158100765255,0.734244559206849,0.333001362151533,0.475183214073304,0.467150863588401,0.442278604744711,0.345243264079789,0.564636893298308,0.202570230420162,0.708053633932913,0.230210007825611,0.267942938256018,0.122985803261795,0.208924301421256,0.0944208240230458,0.354747572218497,1,0.485993021629859,0.261271669910313,0.539408341045938,0.225693271949058,0.197923244522378,0.390618460348973,0.196834464354697,0.143489266074485,0.729677932233909,0.444420328459352,0.168362806329977,0.280783965164504,0.300323318431005,0.131310410185291,0.627998803491384,0.132226089999554,0.189215676585695,0.379992698416581,0.3890010141985,0.526742411407116,0.656832345297222,0.753041324728446,0.607654636784527,0.732581422369409,0.266817765057089,0.409950930405774,0.326550039451852,0.726305047449179,0.373587183935398
"X_Sonchus_oleraceus",0.724778684898289,0.651481625339447,0.407895441140497,0.130374741463219,0.472045431256326,0.666578941410901,0.343194069451135,0.637690331745764,0.676329847214473,0.833873585233561,0.803126470446289,0.754842471777644,0.784791174959792,0.67424949009927,0.523828985076206,0.868779903126805,0.525870607654591,0.245899952419608,0.423613495369787,0.178060102761751,0.135837070995178,0.519144903409218,0.485993021629859,1,0.428599319484313,0.87298968286203,0.514395405826154,0.242903998693169,0.718862451172972,0.113273663300682,0.300541171729077,0.793329264004246,0.661960540221211,0.409685589142222,0.108179541369544,0.26519474009559,0.0667517430654249,0.729142983862159,0.342549281400971,0.401672885758879,0.549938170394521,0.764800538439279,0.788219090704804,0.710381817948957,0.750579668199805,0.157264593221495,0.254846500132393,0.595761661476951,0.680728327686218,0.731585759744703,0.706289770734057,0.386109635574651
"X_Trifolium_sp_",-0.0658185008686172,0.479727710368436,0.665497006914864,0.296727074085833,-0.236432457038066,0.686543588258771,0.843175109241716,-0.236830465987131,0.865981122459291,0.618216869190982,0.412558369427664,0.320284790068568,0.510823578672096,-0.0309469011184487,0.243421414794596,0.0310264820984178,0.799961698659923,0.0152417184123643,0.57856898936721,0.129704327436003,0.666396631932384,0.0637148123494516,0.261271669910313,0.428599319484313,1,0.544867803956019,0.638438127821593,0.84580127323115,0.547388740560869,0.310241786781458,0.561297792460946,-0.181500712431852,0.449639496129474,0.439955123797528,0.320258826997073,0.041858822232665,0.198354315059004,0.0095995885222448,0.529140490783141,0.62524554099095,0.125810534586717,0.802381208789932,0.308988752784873,-0.00221641702805868,-0.147867931233038,-0.0467618541418736,-0.252198944210056,0.222403542605582,0.157679771148287,0.75229492834321,-0.27881751860908,-0.014772927378571
"X_Ursinia_anthemoides",0.718356922974753,0.835952017088042,0.596451790315665,0.169481786237339,0.394973406860503,0.747929032784056,0.423294383611224,0.537489489907795,0.773595017180265,0.88221672874565,0.804321426218227,0.780781216292876,0.85648829376064,0.702108911458031,0.595597402453576,0.874260689063706,0.619892967302374,0.238108782781858,0.651016671887467,0.208830685718243,0.235594924584651,0.553497182770789,0.539408341045938,0.87298968286203,0.544867803956019,1,0.637163098023228,0.355214535816147,0.863471787031373,0.166655156193784,0.377839050061761,0.724059087185358,0.758943071526711,0.575028122071419,0.0971408695681461,0.265641683998565,0.0826208993728091,0.679194977147238,0.450738801537059,0.513302983785361,0.578999822110082,0.874915623645536,0.859747074908453,0.72077919249436,0.748824408040645,0.0856290845628188,0.160538038830029,0.725615195497238,0.682362781907144,0.871004128886578,0.657248308138797,0.343574461228145
"X_Vulpia_myuros",0.128848084512319,0.54698742824063,0.487561692001605,0.159147821887608,-0.0363454164995044,0.616947920304956,0.546970405675358,-0.00361007161323321,0.744839775986268,0.639907610377909,0.504980599302381,0.395099294798539,0.535334862325295,0.216170778529287,0.287437811767521,0.365656421351347,0.600095015936818,0.0369095555272013,0.505846379895962,0.0888084631541292,0.324019025917437,0.16298688983983,0.225693271949058,0.514395405826154,0.638438127821593,0.637163098023228,1,0.498264410574578,0.54272257912485,0.162880786279375,0.401086701733153,0.12948224890007,0.410585423553128,0.384739490339062,0.134825556012786,0.0591166060971065,0.0726251662135452,0.188340911380628,0.397924167914228,0.494126939528682,0.225532478436119,0.738163118738075,0.420922140205532,0.207913813255309,0.137781465906716,-0.035110149187149,-0.0861132835209755,0.308332978235169,0.294095035840836,0.653081634316042,0.0440256280615901,0.0472491754497369
"X_Wahlenbergia_capensis",-0.0382610452676106,0.287619493950809,0.518558466655325,0.25691368324845,-0.0636890573271661,0.501470529472179,0.782076222165905,-0.0700266402935776,0.736460810788335,0.425811051175013,0.24523193896975,0.137642583652059,0.291933282144734,-0.0482157288306401,0.118531161614574,-0.0161490578227069,0.719141907355507,0.0195277404587925,0.366704829496176,0.10365171065132,0.585979180876072,0.0398409772243556,0.197923244522378,0.242903998693169,0.845801273231149,0.355214535816147,0.498264410574578,1,0.314210871570108,0.287895564294994,0.474150511421545,-0.0826430089593984,0.324524660729026,0.279324461306697,0.336556806988886,0.0538596037648248,0.213113693606162,0.00575338647662484,0.436226742511757,0.531649634432985,0.0419505675267777,0.618879956208834,0.159100605746105,0.0113593628115246,-0.0608081471330297,0.0556663365759749,-0.00203549564954896,0.0965659618426992,0.0465082491146008,0.543059833219925,-0.102472043567107,-0.00161333139445196
"X_Watsonia_sp_",0.565584670414886,0.599073030014304,0.46142645090878,0.12147210767773,0.325762537011629,0.673209913798204,0.422243186936442,0.428662997974087,0.781388554455604,0.77318331084045,0.729374677075528,0.669033935793215,0.695740705284567,0.59067678240376,0.370290896433537,0.792112895963608,0.497260286861492,0.144230296548091,0.509934764420494,0.12498206747534,0.192394459912092,0.334500967899969,0.390618460348973,0.718862451172972,0.547388740560869,0.863471787031373,0.54272257912485,0.314210871570108,1,0.0936286431042058,0.338244216926799,0.633100240906268,0.553436428059416,0.406306325645801,0.0644587151366194,0.17174037312112,0.0506778191988408,0.547089587712988,0.39823616789757,0.453954193988441,0.381933994818769,0.835111730113369,0.718656318515608,0.546168621022254,0.610754849574536,0.0898551966200092,0.166763002082549,0.501801716300956,0.456059628930959,0.789084206605072,0.543157442668376,0.225844552133366
"Acacia_cyclops",0.129405981756849,0.0869354389893071,0.174381991392987,0.107478228072089,0.21734405658329,0.157156747439145,0.302819542665793,0.253308985632949,0.273071309588325,0.156454087328766,0.0946739679306623,0.0763851865340495,0.0919636207826505,0.133920879134338,0.0448703018093276,0.132708721029722,0.223317138503437,0.077191830415509,0.106867553595409,0.0836567793795412,0.184985786347923,0.0755629742798179,0.196834464354697,0.113273663300682,0.310241786781458,0.166655156193784,0.162880786279375,0.287895564294994,0.0936286431042058,1,0.168384084503733,0.152347324599286,0.116300381052271,0.0830223461077274,0.215072210182846,0.0764303629618605,0.10729919329227,0.146483286300039,0.139856633573807,0.19599527683431,0.0665253570694686,0.216904790787267,0.116263578198907,0.183243004952716,0.202434872212076,0.23467993084012,0.290057316298404,0.0504116819100344,0.0530062728462264,0.196198930494735,0.220814738864688,0.0970774115341062
"Acacia_saligna",0.0484215432967972,0.294131479952732,0.380158985308273,0.155055270192579,0.00405549163798661,0.416344633170768,0.489255051165206,-0.0106148776310277,0.583775955981085,0.410032955689261,0.261748303864317,0.204018543980031,0.291631547758756,0.0944679489443784,0.150918561083656,0.151559117529134,0.452729881449345,0.0228438470006119,0.32619184433779,0.0620653926765148,0.31038915146958,0.0472275740367835,0.143489266074485,0.300541171729077,0.561297792460946,0.377839050061762,0.401086701733153,0.474150511421545,0.338244216926799,0.168384084503733,1,0.0265953888824131,0.214274496570061,0.256629672012985,0.162251062695849,0.0296316714906282,0.0995802486960929,0.0580526824318756,0.312546141096265,0.383709435053913,0.0776306038109214,0.537167814046521,0.227344210131587,0.0617907874117197,0.0425430378366136,0.0397138855785724,0.0279331745241355,0.146029977209669,0.116865159286217,0.466531351102125,0.00265511144244185,0.0111968969562786
"Agrostis_avenacea",0.940566475810666,0.515036933960348,0.071385461857697,0.189752696782478,0.817319254720866,0.216201889699757,-0.164189874098926,0.914282638338882,-0.0155314839355107,0.633200183195543,0.73497542413763,0.808766724431985,0.7084045819354,0.797883567762202,0.474550672195796,0.906788993918588,0.0944420951998558,0.552509776862621,0.157160317420704,0.330129587403155,0.00829906120191706,0.79444883329701,0.729677932233909,0.793329264004246,-0.181500712431852,0.724059087185358,0.12948224890007,-0.0826430089593984,0.633100240906268,0.152347324599286,0.0265953888824131,1,0.812934999997384,0.163852938457277,0.200463084428326,0.518307258940926,0.175549911703617,0.921688654521903,0.0599730861194216,0.00380433281797129,0.758308800766253,0.272235614970592,0.885665328465599,0.935849355258616,0.954195284253887,0.626476694123784,0.746706981744975,0.620138675644462,0.788031692404917,0.340343494735201,0.946677498055918,0.750533593601028
"Angianthus_sp_",0.766017765104779,0.492220002384933,0.312132273109324,0.132980767447544,0.632736795919016,0.498113860407789,0.360664590447208,0.691670779945969,0.594370183226719,0.716038893433625,0.617316409471007,0.582170636531587,0.572049646420879,0.630626512958938,0.328673153715515,0.840418098538525,0.366885090738843,0.232447362491467,0.291404170650654,0.168535233316567,0.132033356807174,0.390459231532168,0.444420328459352,0.661960540221211,0.449639496129474,0.758943071526711,0.410585423553128,0.324524660729026,0.553436428059416,0.116300381052271,0.214274496570061,0.812934999997384,1,0.27275431471365,0.225023178421827,0.247712820847175,0.106334284920359,0.689817599637163,0.271456608534436,0.333833696221658,0.411841675077269,0.641884064946312,0.636312156297629,0.735315374271796,0.777927385944491,0.482104784409052,0.641466450607111,0.418893908618352,0.580354997757466,0.546023644603939,0.767226020206303,0.39651226870242
"Aster_sp_",0.174603271531034,0.373598392982673,0.315815996496082,0.0799229947821169,0.0387471886267798,0.461645911451344,0.362608839806601,0.0791934086547384,0.600189996989994,0.514504371883734,0.372728362044343,0.314326830202703,0.375614227368148,0.227076843722762,0.197219890216375,0.346062913734792,0.379200974198357,0.0483822434432874,0.34059184528337,0.0600260873686646,0.168828209578749,0.137620639932903,0.168362806329977,0.409685589142222,0.439955123797528,0.575028122071419,0.384739490339062,0.279324461306697,0.406306325645801,0.0830223461077274,0.256629672012985,0.163852938457277,0.27275431471365,1,0.0611024667015819,0.0475891263162087,0.0362674465894434,0.159631359503845,0.286750045920225,0.35692088221226,0.151658686989384,0.652863724049808,0.337337601844973,0.175957815002005,0.169519545667162,-0.00253964153473954,-0.00754108794106424,0.212151356643112,0.225076759619713,0.586252464166521,0.1232020452809,0.0591754981056358
"Baumea_articulata",0.183137203162599,0.0585254233493426,0.146231533479269,0.156821966427983,0.285583656202475,0.109892157194248,0.374269670753977,0.345083584646076,0.219549304252441,0.103065243143572,0.082463531178651,0.0707911385003287,0.0672639540074946,0.146558665045708,0.0410276534732117,0.150528652244438,0.251721137706844,0.131650439901339,0.0627907684223503,0.119913420781939,0.241118869734468,0.135195906097836,0.280783965164504,0.108179541369544,0.320258826997073,0.0971408695681461,0.134825556012786,0.336556806988886,0.0644587151366194,0.215072210182846,0.162251062695849,0.200463084428326,0.225023178421827,0.0611024667015819,1,0.127595506588462,0.164267887008424,0.211375749210469,0.121856639929429,0.160624808987444,0.119368383564189,0.164200311007384,0.0984227376699164,0.296815341897835,0.291816266341879,0.420024027365531,0.46565088820904,0.0357750122161473,0.0553090014379758,0.13859372813494,0.300790490668975,0.15557131813064
"Centella_cordifolia",0.468000261592316,0.148095752976997,0.0367636470496742,0.0812370130758306,0.491271857934909,0.0926644749701652,0.0477004010905943,0.523319963922022,0.0804305479918131,0.192164516023498,0.212340049976573,0.238152307713509,0.177576813065682,0.379685144676739,0.119595647626129,0.45404883794453,0.0380320643892636,0.179564364893324,0.0385136962723485,0.117923404416898,0.0289229916955427,0.238019819200584,0.300323318431005,0.26519474009559,0.041858822232665,0.265641683998565,0.0591166060971065,0.0538596037648248,0.17174037312112,0.0764303629618605,0.0296316714906282,0.518307258940926,0.247712820847175,0.0475891263162087,0.127595506588462,1,0.0761190732900467,0.428342673612388,0.0401162630721498,0.03829108074911,0.255739572426983,0.112476143828258,0.303524941659796,0.48741585653089,0.530939556061719,0.364878160754603,0.485486260893759,0.15778176397773,0.223311522954223,0.126879253450293,0.549714774697683,0.287056652591356
"Cotula_coronopifolia",0.153063981182494,0.0396987651014944,0.0861554676636684,0.0728399348063935,0.206970227397016,0.0776656406874908,0.206686627725177,0.236059918028294,0.128871448547845,0.0829369996902357,0.0618920680688036,0.0689957180932742,0.0476339552526037,0.111461367691742,0.0316597817944991,0.128704704235389,0.112144681902242,0.0793947585499807,0.0375518472723322,0.0651156084879839,0.0972804036072157,0.088786226827628,0.131310410185291,0.0667517430654249,0.198354315059004,0.0826208993728091,0.0726251662135452,0.213113693606162,0.0506778191988408,0.10729919329227,0.0995802486960929,0.175549911703617,0.106334284920359,0.0362674465894434,0.164267887008424,0.0761190732900468,1,0.144553148830859,0.0643947349309943,0.097367849068851,0.0699323340830317,0.0982943340991658,0.085501088247824,0.205826394897671,0.20684241176423,0.228970966959341,0.273727072127771,0.0417467485717321,0.0557099334007397,0.0939378816880091,0.210188192995225,0.0972077933102928
"Epilobium_billardierianum",0.859121684365094,0.43293095709099,0.0822950384319493,0.164331682586529,0.773853793527926,0.283906053445023,-0.00380959732820421,0.860510655690476,0.146442218894816,0.641896158908637,0.627061703915115,0.678550196707731,0.617122331112798,0.745010088896519,0.387151431451621,0.886321360391567,0.0936818092895505,0.423566212078825,0.153713668801115,0.274886161118313,0.0320725211056981,0.640337475850722,0.627998803491384,0.729142983862158,0.0095995885222448,0.679194977147238,0.188340911380628,0.00575338647662484,0.547089587712988,0.146483286300039,0.0580526824318756,0.921688654521903,0.689817599637163,0.159631359503845,0.211375749210469,0.428342673612388,0.144553148830859,1,0.0789023688140286,0.0544676326929606,0.569397533238983,0.351379237177655,0.790886091700782,0.858206964088546,0.879920555524698,0.667879969051339,0.737458547897297,0.497639044885154,0.704527977626429,0.36359644309407,0.87967920641593,0.59612496157018
"Eucalyptus_rudis",0.063043701292513,0.348928489704783,0.419682314841136,0.137307183114481,-0.0541470889214896,0.449068981011932,0.469422860239964,-0.0330872884639176,0.572089045625666,0.457900308417563,0.315037756066364,0.27469542135256,0.334355216623591,0.120211920680101,0.1918178232434,0.208816076135955,0.444011895481512,0.0256572735583773,0.351754568842596,0.0591265344496745,0.271260434563393,0.0715287830769538,0.132226089999554,0.342549281400971,0.529140490783141,0.450738801537059,0.397924167914228,0.436226742511757,0.39823616789757,0.139856633573807,0.312546141096265,0.0599730861194216,0.271456608534436,0.286750045920225,0.121856639929429,0.0401162630721498,0.0643947349309943,0.0789023688140286,1,0.379281400030963,0.0957371421128522,0.562134922877986,0.279118485896304,0.104669639417252,0.0555314955284845,-0.0252715072375693,-0.0920502152614788,0.196575403801055,0.150006389977201,0.52509837416315,0.00298209174882499,0.0178289181803713
"Exocarpus_sparteus",0.0395511745299841,0.456429066657153,0.472192929100742,0.168871582137152,-0.10789954196893,0.547168863451951,0.56472227014281,-0.0903722873444403,0.671697109142873,0.541602337960999,0.370227122035467,0.319291695360931,0.456548049304504,0.114611679932819,0.211286228380945,0.196040864598815,0.567469897974445,0.0309540062846522,0.430207952354108,0.0818255336175974,0.345729000860984,0.0940609697225742,0.189215676585695,0.401672885758879,0.62524554099095,0.513302983785361,0.494126939528682,0.531649634432985,0.453954193988441,0.19599527683431,0.383709435053913,0.00380433281797129,0.333833696221658,0.35692088221226,0.160624808987444,0.03829108074911,0.097367849068851,0.0544676326929606,0.379281400030963,1,0.124955275868806,0.659750269578132,0.308165214366395,0.0788375268675958,0.0200271152713995,-0.0430737769092123,-0.152020555094862,0.244167107969782,0.180091373324569,0.602820117780877,-0.0394297757802608,0.00406460993229037
"Isolepis_cernua",0.676019467345261,0.290420163745238,0.0944175126086307,0.094634425704373,0.528891636193626,0.288068013599779,0.0582667444991842,0.632530477130261,0.244447975024615,0.508741986827706,0.52202603199311,0.505013714113992,0.453737984513219,0.592038657159005,0.240597262507838,0.777435814404805,0.119826500465348,0.252188736665993,0.151328149351502,0.128667872667352,0.0370068476655294,0.359229466447799,0.379992698416581,0.549938170394521,0.125810534586717,0.578999822110082,0.225532478436119,0.0419505675267777,0.381933994818769,0.0665253570694686,0.0776306038109214,0.758308800766253,0.411841675077269,0.151658686989384,0.119368383564188,0.255739572426983,0.0699323340830317,0.569397533238983,0.0957371421128522,0.124955275868806,1,0.391308650086375,0.563131508114332,0.595835097293633,0.682951597554497,0.348389815058121,0.50231052226204,0.340361805382997,0.447810119372227,0.343865060616234,0.692595218525301,0.324339679015368
