"","X_Acacia_longifolia","X_Arctotheca_sp_","X_Avena_fatua","X_Briza_maxima","X_Briza_minor","X_Bromus_diandrus","X_Carpobrotus_edulis","X_Conyza_bonariensis","X_Ehrharta_calycina","X_Ehrhata_longiflora","X_Euphorbia_sp_","X_Fumaria_capreolata","X_Gladiolus_caryophyllaceus","X_Hypochaeris_glabra","X_Lolium_rigidum","X_Lotus_suaveolens","X_Pelargonium_capitatum","X_Pentaschistis_airoides","X_Petrorhagia_dubia","X_Poa_annua","X_Romulea_rosea","X_Solanum_nigricans","X_Sonchus_asper","X_Sonchus_oleraceus","X_Trifolium_sp_","X_Ursinia_anthemoides","X_Vulpia_myuros","X_Wahlenbergia_capensis","X_Watsonia_sp_","Acacia_cyclops","Acacia_saligna","Agrostis_avenacea","Angianthus_sp_","Aster_sp_","Baumea_articulata","Centella_cordifolia","Cotula_coronopifolia","Epilobium_billardierianum","Eucalyptus_rudis","Exocarpus_sparteus","Isolepis_cernua","Jacksonia_furcellata","Juncus_sp_","Lepyrodia_muirii","Lobelia_alata","Melaleuca_teretifolia","Podolepis_lessonii","Podotheca_angustifolium","Sedge_B","Sonchus_sp_","Villarsia_capitata","Viminaria_juncea"
"X_Acacia_longifolia",1,-0.0219406779312755,0.00825499710810789,-0.0270950096480849,0.0222762362632709,-0.00587393903134962,-0.0481719897695348,0.0633230923927218,-0.0989436554217111,-0.0498961077724309,-0.0245542073541262,0.000623123674425368,-0.0111801679074271,0.00783152924146263,0.0118145534601145,0.00838515238415789,0.00052340848567577,0.0200200765572722,-0.0269880204535223,0.0149560659635549,-0.00474676814320188,0.0106641935030791,0.00284765696954507,0.00622476554659511,-0.05308768184237,-0.00459915147494054,-0.0489624122105866,-0.0201708118537257,-0.00171004313834139,-0.0133264855248263,-0.0573184192381708,-0.00870744934388555,-0.00666336457870095,-0.0165769012564259,0.0275583373777299,-0.00122611423178863,0.0168110675547575,0.00246730360722339,-0.051958277120804,-0.0605051994949946,0.0141233287004301,-0.0905702334020336,-0.0329919503613671,0.00644870831807894,-0.00409740192650521,0.0117749377198729,0.115889600615784,-0.00454572314125935,0.0165967968210087,-0.100315296307368,0.0742203320432146,0.0183220785869213
"X_Arctotheca_sp_",-0.0219406779312755,1,-0.00186698019004472,-0.00461610439022495,-0.0130159809262805,0.00311764045249963,-0.00582246870250699,-0.032946103249338,0.0459860707032784,0.0463896779687408,0.0461928980822229,0.00700064086765361,0.0123838107410801,0.023410556025751,0.0157370697246137,0.0658057139351962,-0.00202823105540169,-0.0113730876329114,0.0264715832483472,-0.0030809856166334,-0.00779159004869956,0.0073399493193316,-0.000211266820322789,0.00149166608388654,0.0177460402834203,0.00532857154915418,0.012396196523311,-0.0501431976729316,0.00619526409232028,-0.0136039818271781,0.0120722139682886,0.0148480018575978,0.0263500112349641,0.00788941936203451,-0.0324455894672907,0.0042386731950292,-0.0068517613926596,0.00897233759501776,0.0228068626226399,0.0122880516134676,0.0256412653766662,0.0585190414929959,0.0601781228945183,0.0183086531751792,0.0198655300978365,-0.0136718662711886,-0.0541477154374162,0.0158411291842738,0.00842795452940117,0.073767938907299,0.0333260491812392,-0.0106785927152218
"X_Avena_fatua",0.00825499710810789,-0.00186698019004472,1,-0.0368355794167107,-0.0072832565917062,-0.00705506848961966,-0.00712964134046128,-0.00444277100837018,-0.0107433809879217,0.00160635861881309,0.00789214329141867,0.00699115527273606,-0.00207415271742631,-0.00949747536859324,0.0191259397980734,0.0246174850397647,-0.00327836373890219,0.00639436431433293,-0.00713406943396334,0.0063593031536788,0.00321887410929032,-0.000676139583254578,-0.0057432269914183,0.0135260398383416,-0.0186275853592323,-0.00395488525845864,-0.00544318462891815,-0.0339371870099855,0.000370135225993083,-0.00573669898602585,-0.0213440465083843,0.00706306204145387,0.00275342398155896,-0.00499427701724195,0.00133777709725859,0.0107752229049353,0.0102719393526735,0.0133112583899464,-0.0191965511744264,-0.0306183682103023,0.012029474008022,-0.0104574139208866,0.0059110090349669,0.0167337032071424,0.0138691581225515,3.73060242464946e-05,0.00659199229016416,0.00541941415074812,0.020745189328163,-0.0122362361124292,0.0282565007787478,0.00372944691432469
"X_Briza_maxima",-0.0270950096480849,-0.00461610439022495,-0.0368355794167107,1,0.0300826062414336,0.00820737079799777,0.0822744095962539,-0.00375960416707573,0.0577569073226897,-0.031168835505947,-0.0517160273626126,-0.0307735332747163,-0.0028043981802428,-0.0201854707008284,-0.0712122293238363,-0.150475063702554,0.00501518449788153,-0.0214360004656771,0.00389461081543999,-0.0104750214446818,0.0164094627751513,-0.0273365795064681,0.000625187101585794,-0.0404119301534172,0.0514799263060267,0.00691355950631835,0.0349242029020083,0.135895403706224,-0.00965684152871836,0.0480108669290382,0.0967704440717978,-0.0295546548040181,-0.0241421979565057,0.0139588737855897,0.0116684674563038,-0.028041257968281,-0.0223218609594965,-0.0424536000687309,0.0678558195787418,0.0970029293327963,-0.0653900304471229,0.0320430511377224,-0.0546892269914739,-0.0512136330138707,-0.050480438205347,-0.00162570631449299,-0.0770136210394172,-0.0276956707577006,-0.0610131974235482,0.0254543676497688,-0.137391622528078,-0.0117614846462419
"X_Briza_minor",0.0222762362632709,-0.0130159809262805,-0.0072832565917062,0.0300826062414336,1,-0.0114772829976595,-0.0272945028544761,0.0626879603570442,-0.0732372300355104,-0.0530504839850798,-0.018794437116239,-0.00379283126074681,-0.00923236801864885,0.0272941739356407,-0.00554666656146705,-0.0128187901078949,0.00897822708220001,0.0113594120019809,-0.0203472180642547,0.0133866056183128,-0.00129586421263189,0.0118140578512271,0.00997873933682114,-0.0119733363674479,-0.0441524339195339,0.000636512754396194,-0.0450671001058849,0.00254545601816149,-0.00230089330379375,-0.0153311990795988,-0.0194013496816845,-0.0147256055689712,-0.0260929271368812,-0.00942039717598937,0.0245268709573437,-0.0145933949159297,-0.00679415977718079,-0.00865845267113033,-0.0136448411779553,-0.029406701666252,-0.00871217335237018,-0.0708573684101199,-0.0271308000918572,0.00288539287690054,-0.0114533188768905,0.00664473790152888,0.0862261133308174,-0.0107968437004938,0.00163067183253612,-0.0634880670729639,0.053928812895014,0.00851152041563474
"X_Bromus_diandrus",-0.00587393903134962,0.00311764045249963,-0.00705506848961966,0.00820737079799777,-0.0114772829976595,1,0.00622686090086281,-0.00889142267774958,0.0174802043333356,0.0028979845963697,-0.00743492488562447,-0.00763328519091271,0.00408273315474928,-0.00757352797313789,-0.00748747470162491,-0.0118350121480164,-0.00337655559224344,-0.00942706241666183,0.0106300465595369,-0.00634980154577502,-0.00268157271066452,-0.00231370920800462,0.00172127456269293,-0.00300619996299993,0.0177540507271634,-0.000216907131340039,0.00566216025643274,0.0137177807713532,-0.00118166597020155,0.00389998694224893,0.00835745424538329,-0.00454350864408032,0.012338760028504,0.00196355086623132,-0.0112221080512059,-0.000518690162752717,0.00055562588888792,-0.00470344387876274,0.0094504545215281,0.0186354529603225,0.0050113944337486,0.0184693393730535,-0.00231331064917197,-0.0120542623890791,-0.00405605310496143,0.000335552632267945,-0.0225326880755148,-0.00210381862669307,-0.0127549980516629,0.014930827371594,-0.0147797792646761,-0.00156420032032283
"X_Carpobrotus_edulis",-0.0481719897695348,-0.005822468702507,-0.00712964134046128,0.0822744095962539,-0.0272945028544761,0.00622686090086281,1,-0.084957909988624,0.154144769499678,-0.00560548740961314,-0.0742236813229931,-0.0377213608852169,-0.0123563203568967,-0.093159029664888,-0.0734638085999029,-0.228435571746284,0.00125235283005997,-0.0347919229886069,-0.0114003395779142,-0.0305505799834435,0.0454919832403328,-0.0657633557577344,-0.0278915680405004,-0.020676130996388,0.0904889199239762,-0.00547921410065292,0.118603228696853,0.204818169076501,-0.0162126730527014,0.0829586139932473,0.131482700352104,-0.0228629860062351,-0.0505332956172882,0.0164704894794317,0.0036180436387054,-0.00842421711096868,-0.00873946871812896,-0.0304259760457643,0.0985530390541559,0.118830829801916,-0.0966435609301949,0.0956374744789922,-0.0713544532115162,-0.0658038092590904,-0.0550009925811762,0.00527130956216456,-0.189157542855872,-0.0341694918657437,-0.081602835224943,0.0569810718686558,-0.282186605070671,-0.0109775267760394
"X_Conyza_bonariensis",0.0633230923927218,-0.032946103249338,-0.00444277100837018,-0.00375960416707573,0.0626879603570442,-0.00889142267774958,-0.084957909988624,1,-0.176244760058607,-0.0843522134701654,-0.0337717118044993,0.00572302756968986,-0.0177202008600485,0.0364714057325849,0.00284071872858653,0.0104748370372576,-0.00157706463261793,0.0273805922777897,-0.0377071041872955,0.0254563277893292,-0.0127858833282896,0.0163857040785896,0.0143783913973316,-0.0118616828982215,-0.0838291043775398,0.00135224120000546,-0.0871175268422788,-0.0420307796126991,-0.00703059853754064,-0.0453546317641733,-0.0792019169280142,-0.0172396585099744,-0.0300403534394359,-0.0247534485190137,0.0291164613184709,-0.0172499308040575,0.00506511816834593,-0.0097361331075754,-0.0661063426458584,-0.0920113516531325,0.0236785484645457,-0.148213826970164,-0.0524344155377108,0.0146147685334491,-0.0117252869082122,0.0117647523264012,0.17006771429513,-0.0112675917844413,0.0247454536895788,-0.14745055873773,0.150647841318388,0.0264132005282001
"X_Ehrharta_calycina",-0.0989436554217111,0.0459860707032784,-0.0107433809879217,0.0577569073226897,-0.0732372300355104,0.0174802043333356,0.154144769499678,-0.176244760058607,1,0.114200189514793,0.0339152351151071,-0.0140950479725691,0.0267421448344069,-0.0542241284471111,-0.0391789214017226,-0.0699446076092327,-0.0033275912492375,-0.049594116670791,0.0537677904721594,-0.0365323566932789,0.0212841384625689,-0.0375480448819982,-0.0225999834602883,-0.00761945510255731,0.140754994062285,0.00516669045034201,0.149098551110211,0.0939856712995196,0.00188148935564297,0.0519522117692582,0.156539872625981,0.0141306601011078,0.0180587420673773,0.0385447101280733,-0.0549991521305062,-0.00348414607524458,-0.0255694796173624,-0.0104304482634521,0.133970761105937,0.161952058460121,-0.0500047676271617,0.233385237937592,0.0549166715092578,-0.0299177010425287,-0.00308539851682826,-0.025641904723936,-0.310364357502606,0.00513017468191905,-0.0585549098692126,0.230344876880443,-0.233401692542365,-0.0419676271168865
"X_Ehrhata_longiflora",-0.0498961077724309,0.0463896779687408,0.00160635861881309,-0.031168835505947,-0.0530504839850798,0.0028979845963697,-0.00560548740961314,-0.0843522134701654,0.114200189514793,1,0.120389416225037,0.0420316421405782,0.0291197629890255,0.0386466930597997,0.0287492627941091,0.143034365796676,-0.00575346252454757,-0.00357280004023976,0.0529932922095134,-0.00408041627944548,-0.0188104086659665,0.00967074286478507,-0.0062346337371175,0.0121518538669183,0.0586731133737815,0.0133664937817469,0.0582051945267618,-0.114028778762469,0.0186688167167513,-0.0277385228248849,0.0399690272466546,0.0528651337724338,0.0341988805281795,0.0266672462052553,-0.0611484058859044,0.00116255954261477,-0.0142052123935147,0.018992098559204,0.0278234117024228,0.0391814642079146,0.0420357680741529,0.139126499796994,0.123782627949798,0.0361975109332097,0.0568961817530723,-0.0358886158188512,-0.143034963151236,0.0433063773854236,0.0385079552836831,0.171046156343753,0.0226806992696499,-0.0325609808777998
"X_Euphorbia_sp_",-0.0245542073541262,0.0461928980822229,0.00789214329141867,-0.0517160273626126,-0.018794437116239,-0.00743492488562447,-0.0742236813229931,-0.0337717118044993,0.0339152351151071,0.120389416225037,1,0.0491110079065584,0.0322097617084106,0.0853940840653831,0.0632579124417321,0.240652785931393,-0.00192762568742186,0.0057300388987001,0.0461183775729135,0.0140997880316493,-0.030280962358847,0.0394668443932149,0.00719829827444557,0.0162589344687867,-0.0051660011796015,0.0152739902618387,0.000396420756733462,-0.196181796572026,0.0199058497872448,-0.0621164553952133,-0.0205946533430271,0.0601179486443503,0.0684735879738254,0.0162995073166837,-0.0477347506251107,-0.00334390816968505,-0.0189801136268089,0.0320094966284118,-0.0134917158680684,-0.0218539284184606,0.0657696982350927,0.0794650021385404,0.146170256258847,0.0680942688113331,0.0689957252280629,-0.0336541564942238,-0.04664680858454,0.0571018064543673,0.0689329539461755,0.139685452940423,0.151943616273613,-0.0270117072186246
"X_Fumaria_capreolata",0.000623123674425368,0.00700064086765361,0.00699115527273606,-0.0307735332747163,-0.00379283126074681,-0.00763328519091271,-0.0377213608852169,0.00572302756968986,-0.0140950479725691,0.0420316421405782,0.0491110079065584,1,0.00395722245258087,0.030163492135877,0.0223232329300649,0.0825357491605748,-0.0018591049673678,0.0204777349596005,0.00641281939550903,0.0145845812244508,-0.0119864279678824,0.0170503350685135,0.00377806869963301,0.0109982675386921,-0.0125755773035223,0.00499523347434172,-0.0123067979961849,-0.0759098246448854,0.00968779833314359,-0.0282022597166428,-0.0217201590149565,0.0221838772499662,0.0153914248461995,0.00326011791725383,-0.00143971510883373,-0.000516970189049575,-0.00442272670020138,0.0113532724462783,-0.0214527798572237,-0.0263673261797889,0.0218330701989959,-0.00317337263009728,0.0374205988273461,0.0329581638231588,0.0310683799298988,-0.00990516097114491,0.0216694848379099,0.0191365933189592,0.0428909700882849,0.0094726059351179,0.0617933046559686,-0.00466451454865887
"X_Gladiolus_caryophyllaceus",-0.0111801679074271,0.0123838107410801,-0.00207415271742631,-0.0028043981802428,-0.00923236801864885,0.00408273315474928,-0.0123563203568967,-0.0177202008600485,0.0267421448344069,0.0291197629890255,0.0322097617084106,0.00395722245258087,1,0.0124599875239592,0.00798650603763997,0.0478104545571781,-0.00306229200804037,-0.00429525052731189,0.0198526754848515,0.00300630755501923,-0.0118847927850653,0.0139539442329646,0.00881163558396556,0.000433782445515926,0.0111547031776746,0.00443221438521864,0.0067947481899251,-0.042155324907507,0.00906471014509257,-0.017276294199962,0.00380912782734451,0.00953093165654553,0.0283594355138611,0.00778882944992326,-0.0196135072359161,-0.00326565060816745,-0.00789158732058538,0.00359859024047815,0.00320095561074917,0.0142606950015749,0.0172619381508159,0.0369998142243941,0.0359349236292518,0.00698795552172304,0.0148481455253513,-0.0109968666300854,-0.0400703267184791,0.00846953790657469,0.00569069292719165,0.0510814199654746,0.0236224299819574,-0.0139845804484743
"X_Hypochaeris_glabra",0.00783152924146263,0.023410556025751,-0.00949747536859324,-0.0201854707008284,0.0272941739356407,-0.00757352797313788,-0.093159029664888,0.0364714057325849,-0.0542241284471111,0.0386466930597997,0.0853940840653831,0.030163492135877,0.0124599875239592,1,0.0442983915316875,0.171635044106106,0.00536935770943458,0.0107250778567737,0.0190850075665239,0.0172599589923372,-0.0292462760439755,0.0407757960254994,0.0165721440052972,-0.000105836059921534,-0.0435361822544935,0.0104301497436978,-0.0462069676387718,-0.136978037378154,0.0140407666670858,-0.0570902479444183,-0.0440630766908803,0.0281261304413337,0.0267493016451276,0.00187005247896071,-0.0258121505112253,-0.0131144189752669,-0.0110496883722204,0.0168744839869718,-0.0293394952852951,-0.048475821232947,0.0557192885200913,-0.0121648412977039,0.0829686712845893,0.0394897855424621,0.0365989328853535,-0.0125403442869723,0.0719181950395616,0.0317985413469973,0.0429143558053251,0.0276319463970806,0.166572455147782,-0.00721755435880873
"X_Lolium_rigidum",0.0118145534601145,0.0157370697246137,0.0191259397980734,-0.0712122293238363,-0.00554666656146705,-0.00748747470162491,-0.0734638085999029,0.00284071872858653,-0.0391789214017226,0.0287492627941091,0.0632579124417321,0.0223232329300649,0.00798650603763997,0.0442983915316875,1,0.154057837123381,-0.0011125379029478,0.00839169457587519,0.0130949300062868,0.00829518599317106,-0.017853932781617,0.0301081989517436,0.00486646127440286,0.0207610346027815,-0.0416460068293271,0.00125561572248786,-0.0393961489406049,-0.130073227611838,0.00844126453237983,-0.0386033419461994,-0.0622515111362064,0.0252698269343776,0.0276661759391968,-0.00564407432246286,-0.0160920108696261,0.0159368244641615,0.00903331361908039,0.0327110644238926,-0.0411365181749309,-0.0644471232802872,0.0581407919515061,-0.00852803222020081,0.0687595455940821,0.0442581416578859,0.0408298231933103,-0.00661855138565633,0.0550676917281401,0.027976856453669,0.0459343684546001,0.0193054617890689,0.138156096971391,0.0014160163189677
"X_Lotus_suaveolens",0.00838515238415789,0.0658057139351962,0.0246174850397647,-0.150475063702554,-0.0128187901078949,-0.0118350121480164,-0.228435571746284,0.0104748370372576,-0.0699446076092327,0.143034365796676,0.240652785931393,0.0825357491605748,0.0478104545571781,0.171635044106106,0.154057837123381,1,-0.00329204901026377,0.0288344986194042,0.0840587247933214,0.0313785090732236,-0.0785898607896542,0.108725442012223,0.0346705961988959,0.0418232022225135,-0.0907623906772025,0.0243767457941887,-0.108998449175501,-0.423679281005536,0.0282143182735006,-0.132462935899346,-0.137372762084109,0.0839929397849283,0.110003816292003,0.00145468673769129,-0.0669326629053938,0.0222057761927546,0.00951831176902481,0.079966737168791,-0.0879787873325883,-0.112076640542109,0.185369028012607,0.0353873861618108,0.248246377776386,0.142071295280944,0.128814589691432,-0.0475043152404502,0.11230198580459,0.105242020150523,0.132664981999936,0.138582452115266,0.441800533686469,-0.0212160010226864
"X_Pelargonium_capitatum",0.00052340848567577,-0.00202823105540169,-0.00327836373890219,0.00501518449788153,0.00897822708220001,-0.00337655559224344,0.00125235283005997,-0.00157706463261792,-0.0033275912492375,-0.00575346252454757,-0.00192762568742186,-0.0018591049673678,-0.00306229200804037,0.00536935770943458,-0.0011125379029478,-0.00329204901026377,1,0.00156709906441135,-0.00597887324767317,-0.00141984238533247,0.00112881909791815,0.0051070801107483,0.000601876090362622,-0.00099208711083599,-0.00589518059763063,-0.000386721885392537,-2.69371466713158e-06,0.0115314864848883,0.000108916630865447,0.00124225330564286,0.00032211168925066,-0.00157049863131112,-0.0106893670343019,-0.000159863062983824,0.0152427755452258,-0.00262476446695175,-0.00270697217441041,-0.000152828084817522,0.00209753341333325,0.0021174809198188,-0.00925365923043486,-0.00756810895797682,-0.00188126471458057,-0.0034837690101244,-0.00337208159778652,0.00291300158918978,0.0197371057608254,-0.0010303610076835,-0.00751030187123604,-0.00444478698789647,-0.00839545596168643,0.00125084609478964
"X_Pentaschistis_airoides",0.0200200765572722,-0.0113730876329114,0.00639436431433293,-0.0214360004656771,0.0113594120019809,-0.00942706241666183,-0.0347919229886069,0.0273805922777897,-0.049594116670791,-0.00357280004023976,0.0057300388987001,0.0204777349596005,-0.00429525052731189,0.0107250778567737,0.00839169457587519,0.0288344986194042,0.00156709906441135,1,-0.013340235994622,0.0194829250354168,-0.00786359362983989,0.0170341487736174,0.00265560728302565,0.0114546461978796,-0.0276624872568316,0.000604412031812428,-0.0303576398816768,-0.0311506483367974,0.00537300983690997,-0.0170848365050326,-0.0329858317726103,0.00280784044804889,0.00220404689340854,-0.0060740902100779,0.0282221657719986,-0.00264706245719663,0.00481472093784573,0.00189757526491756,-0.0309754906258037,-0.0307667581162192,0.00237803103461951,-0.0523758963378673,-0.00892597172855104,0.0220648203209921,0.0130817937299477,-0.00051550686486152,0.0730580161828367,0.00318658337300273,0.0309507347757195,-0.0578400897337222,0.0453675962643411,0.00570678730285527
"X_Petrorhagia_dubia",-0.0269880204535223,0.0264715832483472,-0.00713406943396334,0.00389461081543999,-0.0203472180642547,0.0106300465595369,-0.0114003395779142,-0.0377071041872955,0.0537677904721594,0.0529932922095134,0.0461183775729135,0.00641281939550903,0.0198526754848515,0.0190850075665239,0.0130949300062868,0.0840587247933214,-0.00597887324767317,-0.013340235994622,1,-0.00756194081145651,-0.0165089143666767,0.0119818161242346,0.00627571934012809,-0.000861940932667967,0.0286766232424089,0.0089663751819289,0.00144352095629025,-0.0566803741810684,0.00538017264816131,-0.00886443150783179,0.0184769668685917,0.0112668971736303,0.0282753963626662,0.0104559453450788,-0.0394695733943131,0.00783935185715082,-0.00141622303165628,0.00751554960911459,0.0212889998272202,0.0325444904880325,0.0336701584621328,0.0714425568708522,0.0633044790965786,0.0107074259548227,0.0200809270443813,-0.0171314882020619,-0.0623372861604983,0.0168868016918549,0.00185811063272494,0.0935541862717417,0.032360176805736,-0.017195519458722
"X_Poa_annua",0.0149560659635549,-0.0030809856166334,0.0063593031536788,-0.0104750214446818,0.0133866056183128,-0.00634980154577502,-0.0305505799834435,0.0254563277893292,-0.0365323566932789,-0.00408041627944548,0.0140997880316493,0.0145845812244508,0.00300630755501923,0.0172599589923372,0.00829518599317106,0.0313785090732236,-0.00141984238533247,0.0194829250354168,-0.00756194081145651,1,-0.00723369825368258,0.0110468605268045,0.00206868790266099,0.00662568590144267,-0.026670620206056,0.00147784166870411,-0.0205309711711088,-0.0386269374946492,0.00578423747150206,-0.0206511982698705,-0.0247912354562404,0.00459455438618079,0.0221108307055114,-0.00553553044518039,0.00909665071387871,-0.0103987678895203,0.00284467602040941,-0.00195426669638769,-0.0240715271337109,-0.0265956092419118,0.00290215641582371,-0.0369503823278396,0.00353177466669791,0.0185963695438428,0.0105045476963351,-0.002401441212313,0.0354990211918589,0.00390964083571602,0.0274815346101396,-0.0379149171444039,0.0543340416665859,-0.000530133208913522
"X_Romulea_rosea",-0.00474676814320188,-0.00779159004869956,0.00321887410929032,0.0164094627751513,-0.00129586421263189,-0.00268157271066451,0.0454919832403328,-0.0127858833282896,0.0212841384625689,-0.0188104086659665,-0.030280962358847,-0.0119864279678824,-0.0118847927850653,-0.0292462760439755,-0.017853932781617,-0.0785898607896542,0.00112881909791815,-0.00786359362983989,-0.0165089143666767,-0.00723369825368258,1,-0.0228360694986067,-0.00929244243619091,-0.0041737614987013,0.0119174957873511,-0.00482480181797443,0.0269982968851695,0.0642338121538302,-0.00642901990589301,0.0276760848231461,0.0252997055568268,-0.00743818325535645,-0.0186803607954155,0.000924869692132925,0.0110787683061647,0.000435154207963146,-0.00203070234460714,-0.0065662597915148,0.0156211162935779,0.012982386326616,-0.0327468110914154,0.00324400171061522,-0.0331655028746913,-0.0160276291104197,-0.018879847653068,0.00721763811467118,-0.0277944257177381,-0.0113085763005294,-0.0165293824529155,-0.0106103646530587,-0.075057058293614,0.00381955939296569
"X_Solanum_nigricans",0.0106641935030791,0.0073399493193316,-0.000676139583254578,-0.0273365795064681,0.0118140578512271,-0.00231370920800462,-0.0657633557577344,0.0163857040785896,-0.0375480448819982,0.00967074286478507,0.0394668443932149,0.0170503350685135,0.0139539442329646,0.0407757960254994,0.0301081989517436,0.108725442012223,0.0051070801107483,0.0170341487736174,0.0119818161242346,0.0110468605268045,-0.0228360694986067,1,0.0152091953546953,0.0106788825326348,-0.0284574055886628,0.00394042315374726,-0.049214669316252,-0.087531232173789,0.0108607181544528,-0.0403095417573671,-0.0462428997673256,0.0069015720766884,0.0268304227730303,-0.00205550347902556,0.01999176329031,-0.0014648674542603,-0.00454318107080787,0.0147626503106766,-0.0234187302512756,-0.0329507690932834,0.0395830316186045,-0.0203937714880092,0.0375583112289392,0.0326252165565449,0.029868946860772,-0.00698195590360577,0.0800895361202738,0.0148385660125851,0.028026599899334,0.00409691341791695,0.111804434230067,0.0013962912235521
"X_Sonchus_asper",0.00284765696954507,-0.000211266820322789,-0.0057432269914183,0.000625187101585793,0.00997873933682114,0.00172127456269293,-0.0278915680405004,0.0143783913973316,-0.0225999834602883,-0.0062346337371175,0.00719829827444557,0.00377806869963301,0.00881163558396556,0.0165721440052972,0.00486646127440286,0.0346705961988959,0.000601876090362622,0.00265560728302565,0.00627571934012809,0.00206868790266099,-0.00929244243619091,0.0152091953546953,1,-0.0038669441635047,-0.0102371832409369,0.00145447802884754,-0.0234992710850414,-0.0229457152205622,0.00269217775607407,-0.016575068012024,-0.0167452084083822,-0.00125814424318258,0.00657625827972325,0.00135132613685172,0.000162169851133995,-3.21723574417687e-05,-0.00733498560176631,0.00363754304995137,-0.00965576338760068,-0.00457092841407281,0.0212757866187615,-0.0161417644666013,-0.00190344187059807,0.00710675539008378,0.00745750482694716,0.00155781730354751,0.0421333928046115,0.00412024274804791,0.0106364475014209,-0.00458547361212746,0.0423076514965054,0.000134059569157358
"X_Sonchus_oleraceus",0.00622476554659511,0.00149166608388654,0.0135260398383416,-0.0404119301534172,-0.0119733363674479,-0.00300619996299993,-0.020676130996388,-0.0118616828982215,-0.00761945510255731,0.0121518538669183,0.0162589344687867,0.0109982675386921,0.000433782445515926,-0.000105836059921533,0.0207610346027815,0.0418232022225135,-0.00099208711083599,0.0114546461978796,-0.000861940932667967,0.00662568590144267,-0.0041737614987013,0.0106788825326348,-0.0038669441635047,1,-0.012225337331345,-0.00306898251272917,-0.0104475181055121,-0.0365736034420728,0.0042545874891746,-0.0116143729108254,-0.0269841929546722,0.00869489696521554,0.0182974992903589,-0.00414307693867171,0.00432963181969932,0.00796230837350333,0.00705428509388559,0.0116157010790528,-0.0186242343700164,-0.0243396179040108,0.0112868060458602,-0.00725279898514025,0.0161135050837379,0.0189387390326201,0.0177020393557993,-0.000348836648676704,0.0197170502315968,0.00865755835904276,0.0217983700187159,-0.00856251201966618,0.0313410067368307,0.00231793926037285
"X_Trifolium_sp_",-0.05308768184237,0.0177460402834203,-0.0186275853592323,0.0514799263060267,-0.0441524339195339,0.0177540507271634,0.0904889199239763,-0.0838291043775398,0.140754994062285,0.0586731133737815,-0.0051660011796015,-0.0125755773035223,0.0111547031776746,-0.0435361822544935,-0.0416460068293271,-0.0907623906772025,-0.00589518059763064,-0.0276624872568316,0.0286766232424089,-0.026670620206056,0.0119174957873511,-0.0284574055886628,-0.0102371832409369,-0.012225337331345,1,0.00395334754080893,0.0829408624410255,0.0862795445679045,-0.00224628417337669,0.0384617349316081,0.0935086064583894,-0.00114958876443823,-0.0026073604233102,0.0217499011262291,-0.0254357537495417,-0.0043445425958115,-0.0158429064592045,-0.0174158444560441,0.0789615550411496,0.103817762902146,-0.0320200366134579,0.119874023721313,-0.00127690853934251,-0.0323046038551877,-0.0123695031814324,-0.0125349868990407,-0.172166128094935,-0.0101926064115342,-0.0397274518815537,0.116444666445557,-0.160933266062854,-0.0189530979612672
"X_Ursinia_anthemoides",-0.00459915147494054,0.00532857154915418,-0.00395488525845864,0.00691355950631835,0.000636512754396194,-0.000216907131340039,-0.00547921410065292,0.00135224120000546,0.00516669045034201,0.0133664937817469,0.0152739902618387,0.00499523347434172,0.00443221438521864,0.0104301497436978,0.00125561572248786,0.0243767457941887,-0.000386721885392537,0.000604412031812428,0.0089663751819289,0.00147784166870411,-0.00482480181797443,0.00394042315374726,0.00145447802884754,-0.00306898251272917,0.00395334754080893,1,4.76858384954756e-05,-0.0180178658769501,0.0012761785160723,-0.00348612680153336,0.00529660967588607,0.00437703015775311,0.00353295112321473,0.00290580196031937,-0.00294678316596611,-0.001500562339737,-0.00186930043868124,-0.00014320917931231,0.00396585123354248,0.0072636685679166,0.0055609630920083,0.010904944278758,0.0161046206745624,0.0056493937622461,0.00340927507852645,-0.00645912066769456,-0.00896702829530986,0.00464774310101979,0.00297490152027873,0.0201545842942609,0.0128547200478169,-0.00474726950527232
"X_Vulpia_myuros",-0.0489624122105866,0.012396196523311,-0.00544318462891815,0.0349242029020083,-0.0450671001058849,0.00566216025643274,0.118603228696853,-0.0871175268422788,0.149098551110211,0.0582051945267618,0.00039642075673346,-0.0123067979961849,0.0067947481899251,-0.0462069676387718,-0.0393961489406049,-0.108998449175501,-2.69371466713167e-06,-0.0303576398816768,0.00144352095629025,-0.0205309711711088,0.0269982968851695,-0.049214669316252,-0.0234992710850414,-0.0104475181055121,0.0829408624410255,4.76858384954755e-05,1,0.105124188728672,-0.00355635535890016,0.0439108144753519,0.102813767169933,0.0126562203586543,-0.013430003144966,0.0218593401075919,-0.0276890235885443,-0.0139229681392133,-0.0151500498841987,-0.015763565529506,0.0715404693970209,0.0934578188426258,-0.0605031451693235,0.120134009276463,-0.000621793820698585,-0.0387312103227797,-0.0226018304149786,-0.0066808745356338,-0.201004182456944,-0.00471977724120322,-0.0451511980212186,0.103797641476085,-0.199640621598958,-0.0217376199091659
"X_Wahlenbergia_capensis",-0.0201708118537257,-0.0501431976729316,-0.0339371870099855,0.135895403706224,0.00254545601816149,0.0137177807713532,0.204818169076501,-0.0420307796126991,0.0939856712995196,-0.114028778762469,-0.196181796572026,-0.0759098246448854,-0.042155324907507,-0.136978037378154,-0.130073227611838,-0.423679281005536,0.0115314864848883,-0.0311506483367974,-0.0566803741810684,-0.0386269374946492,0.0642338121538302,-0.087531232173789,-0.0229457152205622,-0.0365736034420728,0.0862795445679045,-0.0180178658769501,0.105124188728672,1,-0.0286055580135658,0.130986417450786,0.135658632265625,-0.0710048381869193,-0.0928443338553821,0.0031846510027984,0.0567244572387133,-0.0193657922967049,-0.00496107424222547,-0.0660600732814125,0.0937025182841032,0.135937565306029,-0.170031263849105,-0.00135513029248267,-0.19812552807128,-0.12862526656273,-0.120849589929359,0.0419018774074499,-0.091067946712274,-0.0781040173494476,-0.137274346090837,-0.087229179712535,-0.406939403006038,0.0119725481114083
"X_Watsonia_sp_",-0.00171004313834139,0.00619526409232028,0.000370135225993083,-0.00965684152871836,-0.00230089330379375,-0.00118166597020155,-0.0162126730527014,-0.00703059853754063,0.00188148935564297,0.0186688167167513,0.0199058497872448,0.00968779833314359,0.00906471014509257,0.0140407666670858,0.00844126453237984,0.0282143182735006,0.000108916630865446,0.00537300983690997,0.00538017264816131,0.00578423747150206,-0.00642901990589301,0.0108607181544528,0.00269217775607407,0.0042545874891746,-0.00224628417337669,0.0012761785160723,-0.00355635535890016,-0.0286055580135658,1,-0.010643857734717,-0.00552408590031063,0.00773253553031979,0.0173981002307182,0.0040788655657529,-0.000800555300127825,0.00065905350193957,-0.00379833732296915,0.00392448663941361,-0.00907135656245829,-0.00946282671077051,0.0102093781945164,0.00679632501327163,0.0256182122175953,0.0100362758431689,0.012713243377767,-0.00348977037114562,0.00645757736366542,0.00767604147790893,0.0138095117439779,0.00775836286991945,0.0230702315504148,-0.00416803356919821
"Acacia_cyclops",-0.0133264855248263,-0.0136039818271781,-0.00573669898602585,0.0480108669290382,-0.0153311990795988,0.00389998694224893,0.0829586139932473,-0.0453546317641733,0.0519522117692582,-0.0277385228248849,-0.0621164553952133,-0.0282022597166428,-0.017276294199962,-0.0570902479444183,-0.0386033419461994,-0.132462935899346,0.00124225330564286,-0.0170848365050326,-0.00886443150783179,-0.0206511982698705,0.0276760848231461,-0.0403095417573671,-0.016575068012024,-0.0116143729108254,0.0384617349316081,-0.00348612680153336,0.0439108144753519,0.130986417450786,-0.010643857734717,1,0.060293470277682,-0.0194996183647572,-0.0283113930778891,0.006584117230649,0.0224138260957918,0.0115574325734726,0.0119781934663537,-0.0145358155893401,0.0266161151790195,0.0555060375503473,-0.0583209680572239,0.0210303496683563,-0.0525316026474726,-0.0460630019227931,-0.0441666161141733,0.0099271617845933,-0.0451688442311853,-0.0190665016151609,-0.0477469236380014,-0.00785023297719913,-0.160702526955903,0.00174698053625421
"Acacia_saligna",-0.0573184192381708,0.0120722139682886,-0.0213440465083842,0.0967704440717978,-0.0194013496816845,0.00835745424538329,0.131482700352104,-0.0792019169280142,0.156539872625981,0.0399690272466546,-0.0205946533430271,-0.0217201590149565,0.00380912782734451,-0.0440630766908803,-0.0622515111362064,-0.137372762084109,0.000322111689250661,-0.0329858317726103,0.0184769668685917,-0.0247912354562404,0.0252997055568268,-0.0462428997673256,-0.0167452084083822,-0.0269841929546721,0.0935086064583893,0.00529660967588607,0.102813767169933,0.135658632265625,-0.00552408590031063,0.060293470277682,1,-0.00773385733137987,-0.0296477095629186,0.0261797978251097,-0.0199135905159459,-0.0180993088497619,-0.0180377968369221,-0.0294769569572466,0.0956850012087583,0.125930499773633,-0.0669394294004166,0.125056815608137,-0.0130626505903831,-0.0475792197417971,-0.0362161205454449,-0.0108699965565251,-0.193025385357246,-0.0127338920236486,-0.0627318355138,0.109633708750598,-0.206582606970103,-0.025186910100778
"Agrostis_avenacea",-0.00870744934388555,0.0148480018575978,0.00706306204145387,-0.0295546548040181,-0.0147256055689712,-0.00454350864408032,-0.0228629860062351,-0.0172396585099744,0.0141306601011078,0.0528651337724338,0.0601179486443503,0.0221838772499662,0.00953093165654553,0.0281261304413337,0.0252698269343776,0.0839929397849283,-0.00157049863131112,0.00280784044804889,0.0112668971736303,0.00459455438618079,-0.00743818325535645,0.0069015720766884,-0.00125814424318258,0.00869489696521554,-0.00114958876443823,0.00437703015775311,0.0126562203586543,-0.0710048381869193,0.00773253553031979,-0.0194996183647572,-0.00773385733137987,1,0.0264692963498926,0.00748273570671521,-0.0202591729199742,-0.000165183321820999,-0.00714182902670246,0.0136896259721841,-0.0128329670950662,-0.0130366312028324,0.0193750320290027,0.0307060193579444,0.0543846819743575,0.0237046541999998,0.0263430248422505,-0.0106820239868826,-0.0263802667742882,0.0242942393897721,0.0307732590549752,0.050331817310629,0.0403842505440316,-0.0105998209070971
"Angianthus_sp_",-0.00666336457870095,0.0263500112349641,0.00275342398155897,-0.0241421979565057,-0.0260929271368812,0.012338760028504,-0.0505332956172882,-0.0300403534394359,0.0180587420673773,0.0341988805281795,0.0684735879738254,0.0153914248461995,0.0283594355138611,0.0267493016451276,0.0276661759391968,0.110003816292003,-0.0106893670343019,0.00220404689340854,0.0282753963626662,0.0221108307055114,-0.0186803607954155,0.0268304227730303,0.00657625827972325,0.0182974992903589,-0.0026073604233102,0.00353295112321473,-0.013430003144966,-0.0928443338553821,0.0173981002307182,-0.0283113930778891,-0.0296477095629186,0.0264692963498926,1,0.00804430350979633,-0.0149433101535001,-0.0015987826505644,-0.0148637579041881,0.00524674327083025,-0.0261585132831714,-0.0103001230238326,0.0272684360042552,0.0322037554447239,0.076129512925349,0.0386651718261649,0.0311476385817091,-0.0107179399918069,-0.0196819209827384,0.0354462711849539,0.0447699478736429,0.0399661988579781,0.0853516183413326,-0.0142888540020052
"Aster_sp_",-0.0165769012564259,0.00788941936203451,-0.00499427701724195,0.0139588737855897,-0.00942039717598937,0.00196355086623132,0.0164704894794317,-0.0247534485190137,0.0385447101280733,0.0266672462052553,0.0162995073166837,0.00326011791725383,0.00778882944992326,0.00187005247896071,-0.00564407432246286,0.00145468673769128,-0.000159863062983824,-0.0060740902100779,0.0104559453450788,-0.00553553044518039,0.000924869692132925,-0.00205550347902556,0.00135132613685172,-0.00414307693867171,0.0217499011262291,0.00290580196031937,0.0218593401075919,0.0031846510027984,0.0040788655657529,0.00658411723064899,0.0261797978251097,0.00748273570671521,0.00804430350979633,1,-0.00643803371140716,-0.00213442836205752,-0.0100812806988263,-0.00082272529589592,0.0143145700440156,0.0243206612733476,-0.00343622139579262,0.0383317269143299,0.0162890255252389,-0.00229889401959767,0.00348926391053229,-0.00615243481137483,-0.040618151696502,0.0064678722061723,-0.00212175472919922,0.042226419688635,-0.0280521569024204,-0.00889980382971476
"Baumea_articulata",0.0275583373777299,-0.0324455894672907,0.00133777709725859,0.0116684674563038,0.0245268709573437,-0.0112221080512059,0.00361804363870539,0.0291164613184709,-0.0549991521305062,-0.0611484058859044,-0.0477347506251107,-0.00143971510883373,-0.0196135072359161,-0.0258121505112253,-0.0160920108696261,-0.0669326629053938,0.0152427755452258,0.0282221657719986,-0.0394695733943131,0.00909665071387871,0.0110787683061647,0.01999176329031,0.000162169851133994,0.00432963181969932,-0.0254357537495417,-0.00294678316596611,-0.0276890235885443,0.0567244572387133,-0.000800555300127824,0.0224138260957918,-0.0199135905159459,-0.0202591729199742,-0.0149433101535001,-0.00643803371140716,1,-0.00498316949583138,0.000721327465854532,-0.00590239753529366,-0.0233560959950184,-0.0224349733234161,-0.0367492184638351,-0.0833984944095573,-0.0663665768680171,0.00130707114677541,-0.0181133172325676,0.0137042603902732,0.131133995841005,-0.0142836457438007,-0.000289096143785717,-0.0882935526762819,-0.0287299077464135,0.0213826516008836
"Centella_cordifolia",-0.00122611423178863,0.0042386731950292,0.0107752229049353,-0.028041257968281,-0.0145933949159297,-0.000518690162752717,-0.00842421711096868,-0.0172499308040575,-0.00348414607524458,0.00116255954261477,-0.00334390816968505,-0.000516970189049575,-0.00326565060816745,-0.0131144189752669,0.0159368244641615,0.0222057761927546,-0.00262476446695175,-0.00264706245719663,0.00783935185715082,-0.0103987678895203,0.000435154207963145,-0.0014648674542603,-3.21723574417683e-05,0.00796230837350333,-0.0043445425958115,-0.001500562339737,-0.0139229681392133,-0.0193657922967049,0.000659053501939569,0.0115574325734726,-0.0180993088497619,-0.000165183321820999,-0.0015987826505644,-0.00213442836205752,-0.00498316949583138,1,0.0118697852404448,0.015227899954618,-0.011258114332382,-0.016104674587253,0.0198653007135625,0.00125727754951322,0.0185766440870898,0.0101286417769326,0.00824994020668071,0.00130861689434784,0.0144861194599193,0.00361412925343831,0.00633007343669849,-0.00346531741908403,0.0144250267114639,0.0057993897259848
"Cotula_coronopifolia",0.0168110675547575,-0.0068517613926596,0.0102719393526735,-0.0223218609594965,-0.00679415977718079,0.00055562588888792,-0.00873946871812896,0.00506511816834593,-0.0255694796173624,-0.0142052123935147,-0.0189801136268089,-0.00442272670020138,-0.00789158732058538,-0.0110496883722204,0.00903331361908039,0.00951831176902481,-0.00270697217441041,0.00481472093784573,-0.00141622303165628,0.00284467602040941,-0.00203070234460714,-0.00454318107080787,-0.00733498560176631,0.00705428509388559,-0.0158429064592045,-0.00186930043868124,-0.0151500498841987,-0.00496107424222547,-0.00379833732296915,0.0119781934663537,-0.0180377968369221,-0.00714182902670246,-0.0148637579041881,-0.0100812806988263,0.000721327465854531,0.0118697852404448,1,0.005603564587839,-0.0182617676849046,-0.0153057041121777,0.014976334825186,-0.0247309237794458,-0.00916372947981701,-0.0055586065282556,-0.00468170644546289,0.00423502395973586,0.0329763472810541,-0.00339831946882484,-0.00429207214756434,-0.0376398909446058,0.0169760231588372,0.00717560075736362
