"","X_Acacia_longifolia","X_Arctotheca_sp_","X_Avena_fatua","X_Briza_maxima","X_Briza_minor","X_Bromus_diandrus","X_Carpobrotus_edulis","X_Conyza_bonariensis","X_Ehrharta_calycina","X_Ehrhata_longiflora","X_Euphorbia_sp_","X_Fumaria_capreolata","X_Gladiolus_caryophyllaceus","X_Hypochaeris_glabra","X_Lolium_rigidum","X_Lotus_suaveolens","X_Pelargonium_capitatum","X_Pentaschistis_airoides","X_Petrorhagia_dubia","X_Poa_annua","X_Romulea_rosea","X_Solanum_nigricans","X_Sonchus_asper","X_Sonchus_oleraceus","X_Trifolium_sp_","X_Ursinia_anthemoides","X_Vulpia_myuros","X_Wahlenbergia_capensis","X_Watsonia_sp_","Acacia_cyclops","Acacia_saligna","Agrostis_avenacea","Angianthus_sp_","Aster_sp_","Baumea_articulata","Centella_cordifolia","Cotula_coronopifolia","Epilobium_billardierianum","Eucalyptus_rudis","Exocarpus_sparteus","Isolepis_cernua","Jacksonia_furcellata","Juncus_sp_","Lepyrodia_muirii","Lobelia_alata","Melaleuca_teretifolia","Podolepis_lessonii","Podotheca_angustifolium","Sedge_B","Sonchus_sp_","Villarsia_capitata","Viminaria_juncea"
"X_Acacia_longifolia",1,-0.0613265350507229,-0.0236328133476854,-0.046120413756932,-0.0303798840091171,-0.0442149985947827,-0.169910728231955,-0.0131771149510211,-0.33475675292757,-0.197881939627188,-0.0560711723682633,-0.0300731953458058,-0.02739347464417,-0.0375746568763561,-0.00657890672637044,-0.0298022129750499,-0.0129115715318983,-0.00722478754340858,-0.0855305732940729,-0.0118148447585311,-0.0293624064644628,-0.0161995204932465,-0.0336928137539251,-0.016319266867732,-0.184931701746449,-0.011621579976131,-0.146593434826014,-0.0760302654525197,-0.0157090979958954,-0.0699499842867974,-0.161194571918511,-0.0292686820513701,-0.0624255613302499,-0.0498322160382854,-0.024242269581351,-0.0926559219641882,-0.00304761902322847,-0.0358527634732078,-0.144214508189485,-0.165539571550113,-0.0184513494357285,-0.271621595196427,-0.133101750321729,-0.0127883204902278,-0.0558828767540342,-0.00782690302784222,-0.0198823720418951,-0.0132542519754604,-0.00589680896277106,-0.288116560831847,-0.00958033373065744,0.000363727911444692
"X_Arctotheca_sp_",-0.0613265350507229,1,-0.01741701849117,-0.0481474524260404,-0.0609523246460123,-0.0139186805982828,-0.0494061697529417,-0.127740868271014,-0.00597233695275971,-0.00748544447114372,0.0126792083701572,-0.0147297166334238,-0.0011563106255253,-0.0212593752905558,-0.00365097612328012,0.000590755272310029,-0.0200706520776882,-0.029937049092823,-0.000404301977717508,-0.0268894656645122,-0.0275191403766686,-0.0176330814395462,-0.0302496940107497,-0.0166152536951199,-0.0115702507185788,0.000156996990168908,-0.0461135473309901,-0.126335291712056,-0.00465739221152909,-0.0648746171802999,-0.0345197801800423,-0.00437882204660613,-0.0542197599629279,-0.00926389454864091,-0.108169923526964,-0.0147068587552709,-0.0256180806781348,-0.00248911460953835,-0.0196841637236525,-0.0247928615140304,-0.033747552327448,0.00222333595022337,0.00693492458682177,-0.00232943397461862,-0.0175850805353381,-0.0381651515985972,-0.143832425662355,-0.00308623904084735,-0.0389795167173618,9.52084457289141e-05,-0.114051670640648,-0.0245030503951646
"X_Avena_fatua",-0.0236328133476854,-0.01741701849117,1,-0.0914899521946357,-0.0505711630272886,-0.0234042505524682,-0.0561316281746061,-0.059411107922278,-0.0554807719783893,-0.0721906729378474,-0.0450269674268908,-0.0160569031897661,-0.0302609540916532,-0.0653197812998279,-0.00369814616581817,-0.0701553242452783,-0.0215442938092163,-0.0149506804259609,-0.0475137524830252,-0.0177076677297667,-0.0154703561505105,-0.035210572070593,-0.0338093526520032,-0.00420586192916,-0.0519975009183239,-0.0227352789304158,-0.0431942577275726,-0.135565770298342,-0.00957742068733654,-0.0540835862564767,-0.0722670681063889,-0.024549595557755,-0.0845486600677403,-0.0180670049430442,-0.0427884578113257,-0.000980761689949494,-0.0153256201007006,-0.00426664777127614,-0.0613120775662923,-0.0933808850268474,-0.0171202370459859,-0.0595909839286198,-0.0396604545080607,-0.00890363571186513,-0.0179745300040947,-0.0260405729178381,-0.060825294956308,-0.0222889120412094,-0.0101366038010162,-0.0627339486442084,-0.0138803711612689,-0.0238269634331896
"X_Briza_maxima",-0.046120413756932,-0.0481474524260404,-0.0914899521946357,1,-0.00676526423290781,-0.0441948513761449,0.000962583117685162,-0.0666745340026322,0.0023721513110029,-0.145525432902189,-0.185984006446655,-0.10840143841246,-0.0578009769968912,-0.172489341743815,-0.135290040875685,-0.308090043785713,-0.030672339116618,-0.113493840185672,-0.0345509387015305,-0.062051207485197,-0.0142406466727847,-0.0788081983536794,-0.0637744885339225,-0.10305409596769,0.00145986715796146,-0.0162642219991025,-0.00873636441892133,-0.00350322841523123,-0.0523215507480821,-0.0507707447651493,0.0292017897882734,-0.103705016926717,-0.126380571440378,-0.0118463306793617,-0.0829797945281909,-0.0764407675080001,-0.0872913541901131,-0.0758263458913605,0.00549210164190405,0.0149197892002163,-0.145889900519163,-0.0278986626553639,-0.224191042087254,-0.16557050115829,-0.107373412967569,-0.063371519311245,-0.253634998435106,-0.0960443847598372,-0.173891515419086,-0.135030817817947,-0.254978252276452,-0.0631728860032564
"X_Briza_minor",-0.0303798840091171,-0.0609523246460123,-0.0505711630272886,-0.00676526423290781,1,-0.0756868572670745,-0.14167366476357,-0.002332407878404,-0.364962148952555,-0.311274508050977,-0.118896008812088,-0.0465664921436173,-0.0344364054885464,-0.0127945430955036,-0.0374354170790819,-0.0629757589855016,-0.00330095631152899,-0.0180585684767022,-0.0933033667330439,-0.00903180741357275,-0.0149101380552353,-0.00987042910086414,-0.0253992956741588,-0.036284601548072,-0.27768053208864,-0.0175397826464484,-0.243796554184058,-0.0485494922758155,-0.017426619920194,-0.0902374568605393,-0.170240081245895,-0.0792240560767792,-0.101540793272151,-0.0839085593990218,-0.000747633342063483,-0.0632362698986233,-0.0725939904546666,-0.023821600327025,-0.114001520413634,-0.219595995508445,-0.0607800385885986,-0.350924128919289,-0.107043164209953,-0.0357289468251095,-0.054243776424228,-0.025508382431519,0.000242353491555168,-0.0575419519094584,-0.027678567322696,-0.356639911920118,-0.0326183205083086,-0.0186417019598273
"X_Bromus_diandrus",-0.0442149985947827,-0.0139186805982828,-0.0234042505524682,-0.0441948513761449,-0.0756868572670745,1,-0.0471578757091837,-0.0831753207456195,-0.0145353888563105,-0.0429463951396848,-0.0549844607661497,-0.02858240605606,-0.0101155612842682,-0.0475893769045433,-0.0336497800499142,-0.0779797802364525,-0.0156707079402463,-0.0274579009143576,-0.0116747488913594,-0.030132157492198,-0.0278589764953498,-0.0224090716927443,-0.00974452950111439,-0.0207630387978536,-0.00525439978395562,-0.00577725876800377,-0.0306366734999175,-0.0479414522426724,-0.00906515690112449,-0.0321137097336652,-0.0324964655489458,-0.0269949190608325,-0.0316953041141706,-0.0139483641883874,-0.0608987267425374,-0.007903948945598,-0.0123460808948211,-0.0168809057270724,-0.014712584491174,-0.0223084122617422,-0.0194077417074158,-0.022729475680944,-0.0370052980639363,-0.0528410990539285,-0.0324605494035834,-0.017353704038508,-0.130369560086898,-0.016626512823007,-0.0530868320380078,-0.0534391373463611,-0.143763274876444,-0.0177428477184038
"X_Carpobrotus_edulis",-0.169910728231955,-0.0494061697529417,-0.0561316281746061,0.000962583117685162,-0.14167366476357,-0.0471578757091837,1,-0.309371223850027,-0.0172500603263752,-0.0554929256472549,-0.191066180541133,-0.133080250981185,-0.0660006346963029,-0.296265998038224,-0.172928646516103,-0.448928584856088,-0.0515678212395483,-0.148145453482626,-0.105842005472687,-0.106042522106508,0.0194505300754972,-0.0973859302024695,-0.076953937983868,-0.0805189731738047,0.000662073367245409,-0.0266776690273938,0.0121435653495359,0.0472650529682586,-0.0680414149327143,-0.0435076511013351,0.0231078435776529,-0.0936635356932942,-0.214142669730299,-0.0150150396633154,-0.0973418722636853,-0.10814112933074,-0.0449886440587536,-0.0800228046520944,-0.0154841266380391,-0.0482274373784186,-0.184513294963451,-0.0521743859608322,-0.326242617489726,-0.188609344683657,-0.129325547779144,-0.0295305847958194,-0.437332887911888,-0.103083496169331,-0.219323484795225,-0.124914776417273,-0.529741765362805,-0.0442046066953769
"X_Conyza_bonariensis",-0.0131771149510211,-0.127740868271014,-0.059411107922278,-0.0666745340026322,-0.002332407878404,-0.0831753207456195,-0.309371223850027,1,-0.609255082667053,-0.42608153524679,-0.177970661835938,-0.0668740971230455,-0.0699313659744468,-0.023152492045508,-0.0694947610274574,-0.182262680826002,-0.0201767925048348,-0.0217822258175255,-0.156172428585721,-0.0317568184305383,-0.0564765917196174,-0.0340360874638888,-0.0404279610933178,-0.0313371722017747,-0.350333971237736,-0.0214671752667966,-0.306141722351463,-0.180760803451831,-0.0314558008000503,-0.120648256888655,-0.288337302992413,-0.108714785200797,-0.180703630486964,-0.109638630337656,-0.0907301012012985,-0.173121952649782,-0.0225313916943942,-0.0662370059277024,-0.273294246301443,-0.303456816758899,-0.0787601381096863,-0.49978524011391,-0.227131778324993,-0.0347905581818632,-0.104377713257433,-0.0316242536800347,-0.0752752596409067,-0.0818088015239975,-0.0112324118615286,-0.51587576803479,-0.0729922694497605,-0.00390973444561569
"X_Ehrharta_calycina",-0.33475675292757,-0.00597233695275971,-0.0554807719783893,0.0023721513110029,-0.364962148952555,-0.0145353888563105,-0.0172500603263752,-0.609255082667053,1,-0.0066465248846685,-0.0521739442717177,-0.10218941394555,0.0014606261846233,-0.239577203749817,-0.150770035252513,-0.243992497076658,-0.0563376148740999,-0.140319943641104,-0.0196814014485064,-0.160712514733837,-0.0199017801140793,-0.109398564603513,-0.129217090884896,-0.0324926558519748,0.00103168499168165,-0.0124510922178393,-0.0160959718070602,-0.0264096598835802,-0.0208582933636347,-0.0595572459494587,-0.00205143894119916,-0.0157353087106166,-0.192480601256042,0.0072903216143151,-0.200335377945676,-0.084962473366195,-0.0613327027252825,-0.0695692121697574,0.00271587116954619,0.00027082055939613,-0.157431922343855,0.00958142878747321,-0.11360624076606,-0.132151783165946,-0.0943997182525784,-0.0813584099297164,-0.69778358530238,-0.0309689705985304,-0.178655803735514,-0.0227060026568395,-0.733272933960755,-0.0998096766193757
"X_Ehrhata_longiflora",-0.197881939627188,-0.00748544447114372,-0.0721906729378474,-0.145525432902189,-0.311274508050977,-0.0429463951396848,-0.0554929256472549,-0.42608153524679,-0.0066465248846685,1,-0.00611838378805348,-0.000990428134715301,0.00597035281341297,-0.018137629010428,-0.0310756619155124,-0.0512879948787777,-0.0325212393603378,-0.044237665367153,0.00381656748494717,-0.0585515104366604,-0.061214655230009,-0.0416846295522077,-0.0401901450732797,-0.0313247499436008,-0.0145331669594004,-0.000271082351788218,-0.0418534875146062,-0.212769973656819,-0.00751314161245423,-0.124862759012081,-0.0297068897419057,-0.0108017628645398,-0.111473582708211,-0.00722574806280225,-0.238169955350679,-0.0308927304605127,-0.0481427957082502,-0.0357526244547662,-0.0143465905521522,-0.0533213310588384,-0.0665144080225645,-0.0021074486496361,-0.00131719659026411,-0.0188973244150648,-0.0118883718223275,-0.0689162663014541,-0.428839947966242,-0.0148071585840244,-0.0285866221300346,-0.00999867231449915,-0.263806961180986,-0.118311351432698
"X_Euphorbia_sp_",-0.0560711723682633,0.0126792083701572,-0.0450269674268908,-0.185984006446655,-0.118896008812088,-0.0549844607661497,-0.191066180541133,-0.177970661835938,-0.0521739442717177,-0.00611838378805347,1,0.000744285149500608,0.00697507065750465,-0.00124235848997561,-0.0033211010148916,0.0124508159090216,-0.0302040697751426,-0.0413650483765467,0.0038178483520926,-0.0337383251244473,-0.0704255988569801,0.0130335437120422,-0.0435481118679566,-0.0209306831613379,-0.0549999604527891,-0.000303890004948698,-0.0757685654287013,-0.425983437248422,-0.0172377003774959,-0.152792613561775,-0.086733398687815,-0.00813833716149729,-0.0822917551576604,-0.0078350322120988,-0.189966470004938,-0.0516201954753125,-0.0716593424839563,-0.0148431619399161,-0.128427992922992,-0.0949202413764433,0.000533272791426084,0.0086017989083883,0.0200343763990328,-0.00300331330527555,0.00322343137326424,-0.0895556061390775,-0.213882255487033,-0.00085709192482721,-0.0246428498931199,0.0252840643514278,0.0216756086608697,-0.106214245354524
"X_Fumaria_capreolata",-0.0300731953458058,-0.0147297166334238,-0.0160569031897661,-0.10840143841246,-0.0465664921436173,-0.02858240605606,-0.133080250981185,-0.0668740971230455,-0.10218941394555,-0.000990428134715301,0.000744285149500608,1,-0.031354135903683,0.00309480975256866,-0.013136101975616,-0.0248328697005166,-0.0215858874317363,-0.00514847387222498,-0.0127582010007739,-0.00542486521370145,-0.0288805530951529,-0.00808908804822961,-0.0148348175731345,-0.0104635375132668,-0.073465552823496,0.00109362965287041,-0.115083423550319,-0.204227870210792,-0.00549665128201839,-0.0944372093747683,-0.104675077592818,-0.00195038591317845,-0.0202658354250191,-0.0147767637756334,-0.0798132721245745,-0.0163136239021062,-0.0185749455065732,-0.00965832509178012,-0.0945169013194949,-0.138775566052662,-0.0198574180070162,-0.104801839351124,-0.00345548889878616,-0.00245895150307882,-0.00737691619223632,-0.0253047827134117,-0.0911477202320591,-0.00875736549720014,-0.00540820903278634,-0.126435884768922,-0.0195104328620427,-0.0482199583632627
"X_Gladiolus_caryophyllaceus",-0.02739347464417,-0.0011563106255253,-0.0302609540916532,-0.0578009769968912,-0.0344364054885464,-0.0101155612842682,-0.0660006346963029,-0.0699313659744468,0.0014606261846233,0.00597035281341297,0.00697507065750465,-0.031354135903683,1,-0.00411535397581769,-0.0164411175019731,-0.0101838752673981,-0.0167143677285111,-0.0377830302459251,0.00846958320398857,-0.0245506537162916,-0.0333762032420359,-0.0184387900029066,-0.0126220050753481,-0.0133521286140048,-0.0134309292214191,-0.013127988611349,-0.0425962180335497,-0.0889782486015108,-0.00635116213013502,-0.0465260766411517,-0.0393874516980173,-0.00596961579282886,-0.0312313506774498,0.00324344817104656,-0.0780553311868638,-0.0130129455806987,-0.0225956307797956,-0.025889080705302,-0.0336104834184303,-0.0256581414040637,-0.0164167933212025,-0.00637678238514105,0.00438771578084525,-0.0199493230512074,-0.00959020470323739,-0.0203383481561887,-0.115821517112824,-0.0255958195350562,-0.0275059215135287,0.0101358254816939,-0.0347033932582284,-0.027189031555915
"X_Hypochaeris_glabra",-0.0375746568763561,-0.0212593752905558,-0.0653197812998279,-0.172489341743815,-0.0127945430955036,-0.0475893769045433,-0.296265998038224,-0.023152492045508,-0.239577203749817,-0.018137629010428,-0.00124235848997561,0.00309480975256866,-0.00411535397581769,1,-0.0155646548792676,0.00152878832483483,-0.0234612305865395,-0.0349454779370066,-0.0199469569284861,-0.0304181729393519,-0.0735025719444319,0.000336930858144831,-0.00888120479514057,-0.0339932663588041,-0.20141601598186,-0.00344757782542175,-0.100868046740447,-0.340948532856783,-0.00941559556774488,-0.135853052717496,-0.185940548727536,-0.0136070646833441,-0.0846076665822187,-0.0104286512473103,-0.122949098171607,-0.101763910443888,-0.101454398777069,-0.0113736034227218,-0.213403498783441,-0.211382422345927,-0.0283895501431601,-0.128582468042441,-0.0278381943935639,-0.01023679321529,-0.00172386964116034,-0.0388238125642666,-0.0730632019953819,-0.0155121154362366,-0.0424883276201228,-0.141043434130409,0.0167128477083882,-0.033079856591253
"X_Lolium_rigidum",-0.00657890672637044,-0.00365097612328012,-0.00369814616581817,-0.135290040875685,-0.0374354170790819,-0.0336497800499142,-0.172928646516103,-0.0694947610274574,-0.150770035252513,-0.0310756619155124,-0.0033211010148916,-0.013136101975616,-0.0164411175019731,-0.0155646548792676,1,0.0170885774160397,-0.016020230535822,-0.0277429715823149,-0.0146783821745147,-0.0313526556572622,-0.0387676384863162,0.00787290776745929,-0.0306491686000179,-0.00351840401999962,-0.126116708750986,-0.0213122793469765,-0.0968557370715175,-0.221880710600264,-0.0148535089097233,-0.0820419972491427,-0.120649882968365,-0.00401717802372968,-0.0246494823558296,-0.0344398937497588,-0.0717186768375816,-0.0340275154974597,-0.0201405004345594,0.00724842746433066,-0.119061195460227,-0.132587668288157,0.010111063459883,-0.0876653834408893,0.00859146800073054,-0.00319606827982879,0.00852485557707208,-0.0397911354048859,-0.044653527153413,-0.011232702147816,-0.00342248065543194,-0.100982546341872,0.0135750859176556,-0.0417697481486868
"X_Lotus_suaveolens",-0.0298022129750499,0.000590755272310029,-0.0701553242452783,-0.308090043785713,-0.0629757589855016,-0.0779797802364525,-0.448928584856088,-0.182262680826002,-0.243992497076658,-0.0512879948787777,0.0124508159090216,-0.0248328697005166,-0.0101838752673981,0.00152878832483483,0.0170885774160397,1,-0.0528474101251231,-0.0775373254158791,0.0057671600222259,-0.0917389773578232,-0.145361217141869,0.0292291988471717,-0.0263318135747355,-0.0254535950697212,-0.217273265437669,-0.0213900629685344,-0.294931081375542,-0.689329224567026,-0.0447713799847841,-0.270076815964036,-0.273645329375353,-0.0361092680707042,-0.188481143857546,-0.0413537401639631,-0.262750008949119,-0.147559418858904,-0.0915141727397979,-0.0013588581044128,-0.309018778958635,-0.300390327136933,0.0258872423169747,-0.0524542695357824,0.0263238074194023,0.0035262720966439,0.0180503139369033,-0.128784036406152,-0.099627742523799,-0.00341350258113238,-0.0916183271148548,-0.0872904375844554,0.04314862440403,-0.119417126197739
"X_Pelargonium_capitatum",-0.0129115715318983,-0.0200706520776882,-0.0215442938092163,-0.030672339116618,-0.00330095631152899,-0.0156707079402463,-0.0515678212395483,-0.0201767925048348,-0.0563376148740999,-0.0325212393603378,-0.0302040697751426,-0.0215858874317363,-0.0167143677285111,-0.0234612305865395,-0.016020230535822,-0.0528474101251231,1,-0.0219163197164971,-0.0366712674681028,-0.0140676397150451,-0.0139025338658523,-0.0162300754326892,-0.0129308678462777,-0.0152610221866234,-0.0468573756141309,-0.0070551018295013,-0.030682130823446,-0.0513747537562999,-0.0099627016118942,-0.0279866087714997,-0.040474647161928,-0.0140883952907112,-0.0625209187095932,-0.00918024723327709,-0.0164724875776655,-0.025576671321253,-0.0329791339653083,-0.00582714581667386,-0.0404430560993337,-0.0469672211434374,-0.047207300353986,-0.0490844890007575,-0.0544437132107969,-0.031996427978793,-0.0191941481733584,-0.00926293307185809,-0.0430390276901244,-0.0140839564315336,-0.0357809987586376,-0.0569255119614722,-0.070200751322393,-0.00743935863257534
"X_Pentaschistis_airoides",-0.00722478754340858,-0.029937049092823,-0.0149506804259609,-0.113493840185672,-0.0180585684767022,-0.0274579009143576,-0.148145453482626,-0.0217822258175255,-0.140319943641104,-0.044237665367153,-0.0413650483765467,-0.00514847387222498,-0.0377830302459251,-0.0349454779370066,-0.0277429715823149,-0.0775373254158791,-0.0219163197164971,1,-0.0485155048558164,0.000113742762450249,-0.0323714945085834,-0.00866564754554382,-0.0265341319595369,-0.0178238156905776,-0.0905004491198003,-0.0105411527469556,-0.134925539306715,-0.169793343408582,-0.0111245722102625,-0.0989293836955393,-0.119304043291514,-0.0103723318556499,-0.0389513235224351,-0.0209751599928808,-0.0158276718000592,-0.0318404376849267,-0.00830983540887795,-0.0129931530414182,-0.109519641867312,-0.156228608207139,-0.0720732018137185,-0.143589334902553,-0.08690824799835,-0.0197227171381865,-0.01865902886973,-0.0150056873184904,-0.0126773500643051,-0.0276452824948772,-0.0156665313388197,-0.177719674778345,-0.119238889106831,-0.0107981869584747
"X_Petrorhagia_dubia",-0.085530573294073,-0.000404301977717508,-0.0475137524830252,-0.0345509387015305,-0.0933033667330439,-0.0116747488913594,-0.105842005472687,-0.156172428585721,-0.0196814014485064,0.00381656748494717,0.0038178483520926,-0.0127582010007739,0.00846958320398857,-0.0199469569284861,-0.0146783821745147,0.0057671600222259,-0.0366712674681028,-0.0485155048558164,1,-0.0304004286734903,-0.063344985505276,-0.0215824530937996,-0.0258615581169418,-0.0257109403560341,-0.00184162024868379,-0.00664226024155565,-0.0962100183826262,-0.204325512050993,-0.00934045484277635,-0.0545346091743251,-0.044678088296309,-0.0143415403899421,-0.0817431861474141,-0.00596836733308957,-0.125442034349618,-0.0370506153894645,-0.024120205979079,-0.0249049505469687,-0.0397134031807256,-0.063290888405776,-0.0280620431977678,0.00178507006420319,0.0102183854689165,-0.01898906528252,-0.011799870745084,-0.0365083620513466,-0.183353542110671,-0.00351138219388025,-0.0445475781849726,0.00589821641630842,-0.148617528762972,-0.0438442735470505
"X_Poa_annua",-0.0118148447585311,-0.0268894656645122,-0.0177076677297667,-0.062051207485197,-0.00903180741357275,-0.030132157492198,-0.106042522106508,-0.0317568184305383,-0.160712514733837,-0.0585515104366604,-0.0337383251244473,-0.00542486521370145,-0.0245506537162916,-0.0304181729393519,-0.0313526556572622,-0.0917389773578232,-0.0140676397150451,0.000113742762450249,-0.0304004286734903,1,-0.0227829342630223,-0.037532562554357,-0.0205527349801017,-0.0047993618884298,-0.11261074685221,-0.00719230710113721,-0.0810483531797556,-0.15529977382815,-0.0105988582721964,-0.0571895369891149,-0.0865432017207017,-0.00971499362430432,-0.0121838718029899,-0.0238144999570384,-0.0325543554218225,-0.0609320732191195,-0.0143994959058762,-0.0215549462627413,-0.0981798577445524,-0.102900712679312,-0.0497413369247636,-0.11940937163335,-0.0520539011127284,-0.027927931583387,-0.0237625264198443,-0.0273341546816676,-0.0567383983440126,-0.0200553689172856,-0.0247907654273513,-0.119810103117653,-0.0960660416683041,-0.0147438483049518
"X_Romulea_rosea",-0.0293624064644628,-0.0275191403766686,-0.0154703561505105,-0.0142406466727847,-0.0149101380552353,-0.0278589764953498,0.0194505300754972,-0.0564765917196174,-0.0199017801140793,-0.061214655230009,-0.0704255988569801,-0.0288805530951529,-0.0333762032420359,-0.0735025719444319,-0.0387676384863162,-0.145361217141869,-0.0139025338658523,-0.0323714945085834,-0.063344985505276,-0.0227829342630223,1,-0.0429914682867301,-0.0320016620114018,-0.0153823273436341,-0.00453397616823034,-0.0141342707639805,0.00288637558186718,0.0270484004960357,-0.0222628214686078,0.00157322717164077,-0.0144894213763816,-0.0395162493588478,-0.123007388377711,-0.00881119510676363,-0.0240552526352653,-0.0180814934054649,-0.0329397393275528,-0.0180747100216523,-0.0362655646815081,-0.0503709251487872,-0.0547830263962588,-0.034730759474736,-0.0971473557374824,-0.0331689957163861,-0.0333942303250291,-0.000589674876832401,-0.0782442246957756,-0.0362588542936379,-0.0425142725733228,-0.0724295177331017,-0.0996645581936173,-0.0110890559110331
"X_Solanum_nigricans",-0.0161995204932465,-0.0176330814395462,-0.035210572070593,-0.0788081983536794,-0.00987042910086414,-0.0224090716927444,-0.0973859302024695,-0.0340360874638888,-0.109398564603513,-0.0416846295522077,0.0130335437120422,-0.00808908804822961,-0.0184387900029066,0.000336930858144831,0.00787290776745929,0.0292291988471717,-0.0162300754326892,-0.00866564754554382,-0.0215824530937996,-0.037532562554357,-0.0429914682867301,1,0.00132275077251911,-0.00460512262675519,-0.068464559355991,-0.00808925529000321,-0.0982630401815169,-0.15035028564886,-0.011196823742153,-0.0815959874047736,-0.09113723533756,-0.0105515086127877,-0.0506706911316996,-0.0151155345306342,-0.0526676655670868,-0.0478000621899269,-0.0672350448509014,-0.00433947142507997,-0.0610507868780765,-0.100729735243662,0.0156433798392011,-0.0883387831556542,-0.0234135701644712,-0.00100003804889846,-0.00661330913736451,-0.0247390780168229,0.0178935732564448,-0.0172447993301973,-0.0305335802017279,-0.0792674601674266,0.0467870805513572,-0.0137977379693762
"X_Sonchus_asper",-0.0336928137539251,-0.0302496940107497,-0.0338093526520032,-0.0637744885339225,-0.0253992956741588,-0.00974452950111439,-0.076953937983868,-0.0404279610933178,-0.129217090884896,-0.0401901450732797,-0.0435481118679566,-0.0148348175731345,-0.0126220050753481,-0.00888120479514057,-0.0306491686000179,-0.0263318135747355,-0.0129308678462777,-0.0265341319595369,-0.0258615581169418,-0.0205527349801018,-0.0320016620114018,0.00132275077251911,1,-0.0296540327869914,-0.050245306234898,-0.0144734950991644,-0.0757889570084252,-0.108851587026919,-0.00876357115278315,-0.0483717841135471,-0.0676111138577392,-0.0147666750754837,-0.05381000977786,-0.0100140880287557,-0.060728517097954,-0.0304104766415356,-0.0674989155084581,-0.0157735170118155,-0.077536526337183,-0.0608639731377017,-0.0151026878696582,-0.122209009799011,-0.0796802491371601,-0.0187045477117873,-0.0164525449490447,-0.0210498987955716,0.00110120539390635,-0.0153039948279762,-0.0106217152581292,-0.135877101784627,-0.0133129809367053,-0.0178061317234976
"X_Sonchus_oleraceus",-0.016319266867732,-0.0166152536951199,-0.00420586192916,-0.10305409596769,-0.036284601548072,-0.0207630387978536,-0.0805189731738047,-0.0313371722017747,-0.0324926558519748,-0.0313247499436008,-0.0209306831613379,-0.0104635375132668,-0.0133521286140048,-0.0339932663588041,-0.00351840401999962,-0.0254535950697212,-0.0152610221866234,-0.0178238156905776,-0.0257109403560341,-0.0047993618884298,-0.0153823273436341,-0.00460512262675519,-0.0296540327869914,1,-0.0269216032016975,-0.0197063687960629,-0.0698307778000734,-0.140463747976907,-0.00630942422477075,-0.0513854663813584,-0.0803404569323877,-0.00587108583400275,-0.0295083881716605,-0.0219706466804618,-0.0326435608140042,-0.00553754670908459,-0.0154787631911301,-0.000409857500891292,-0.0382624957712817,-0.0945141212043132,-0.0350456660223972,-0.0482269681212256,-0.0431574945897502,-0.0088918837611596,-0.00922531257898238,-0.0264759736438163,-0.043262129092482,-0.0126046278434797,-0.00768814780095816,-0.0414605303612914,-0.0520914840038314,-0.0135420086563548
"X_Trifolium_sp_",-0.184931701746449,-0.0115702507185788,-0.0519975009183239,0.00145986715796146,-0.27768053208864,-0.00525439978395562,0.000662073367245409,-0.350333971237736,0.00103168499168165,-0.0145331669594004,-0.0549999604527891,-0.073465552823496,-0.0134309292214191,-0.20141601598186,-0.126116708750986,-0.217273265437669,-0.0468573756141309,-0.0905004491198003,-0.00184162024868379,-0.11261074685221,-0.00453397616823034,-0.068464559355991,-0.050245306234898,-0.0269216032016975,1,-0.0106423139559068,-0.00119019696968381,-0.0109624987200445,-0.0177443842360653,-0.0473761769663114,0.00271789401362449,-0.0286770069843359,-0.0934178416330075,0.00117034956371424,-0.0782250227576132,-0.0561492232644367,-0.0501278509080383,-0.0703247417701199,0.0034324202033508,0.00132152239185593,-0.138664310322568,0.00103848668894483,-0.101901663407824,-0.112279586264267,-0.0898997327615806,-0.0593386175108778,-0.507639195398101,-0.0316872933710219,-0.134075576109224,0.00338890149515436,-0.55455372780236,-0.0426123203387278
"X_Ursinia_anthemoides",-0.011621579976131,0.000156996990168908,-0.0227352789304158,-0.0162642219991025,-0.0175397826464484,-0.00577725876800377,-0.0266776690273938,-0.0214671752667966,-0.0124510922178393,-0.000271082351788218,-0.000303890004948698,0.00109362965287041,-0.013127988611349,-0.00344757782542175,-0.0213122793469765,-0.0213900629685344,-0.0070551018295013,-0.0105411527469556,-0.00664226024155565,-0.00719230710113721,-0.0141342707639805,-0.00808925529000321,-0.0144734950991644,-0.0197063687960629,-0.0106423139559068,1,-0.0222049652265531,-0.0540029064181962,-0.00489520436996676,-0.0219235071398547,-0.0160076901849807,-0.0055464008037596,-0.0316029589953819,-0.00173177215770908,-0.0231635422595209,-0.0159380997885603,-0.00938769161482492,-0.0132150699343,-0.0167181773937126,-0.0208222111370468,-0.0189498512146118,-0.0086797742335765,-0.00344937334592056,-0.00245366737267108,-0.0116441503838541,-0.0175290573740319,-0.0422471563466847,-0.00729543312817619,-0.0126851861012095,-0.00528095939876315,-0.0194568173140942,-0.0153965135556169
"X_Vulpia_myuros",-0.146593434826014,-0.0461135473309901,-0.0431942577275726,-0.00873636441892133,-0.243796554184058,-0.0306366734999175,0.0121435653495359,-0.306141722351463,-0.0160959718070602,-0.0418534875146062,-0.0757685654287013,-0.115083423550319,-0.0425962180335497,-0.100868046740447,-0.0968557370715175,-0.294931081375542,-0.030682130823446,-0.134925539306715,-0.0962100183826262,-0.0810483531797555,0.00288637558186718,-0.0982630401815169,-0.0757889570084252,-0.0698307778000734,-0.00119019696968381,-0.0222049652265531,1,0.0158596905924143,-0.034353077076059,-0.0387496055403483,0.0079110878989566,-0.0129435477614018,-0.150856493624552,-0.0139750111210248,-0.184106076375908,-0.0951066427563928,-0.0351976053841133,-0.0645490397900698,-0.0243498019875995,-0.0165629262293873,-0.159628432843088,-0.0439624574721391,-0.179780518785516,-0.157959511951405,-0.0883410676392294,-0.0525660203099551,-0.397867868609062,-0.0623206514086774,-0.184124972817601,-0.0920694484651209,-0.391130723535426,-0.0500686592148524
"X_Wahlenbergia_capensis",-0.0760302654525197,-0.126335291712056,-0.135565770298342,-0.00350322841523124,-0.0485494922758155,-0.0479414522426724,0.0472650529682585,-0.180760803451831,-0.0264096598835802,-0.212769973656819,-0.425983437248422,-0.204227870210792,-0.0889782486015108,-0.340948532856783,-0.221880710600264,-0.689329224567026,-0.0513747537562999,-0.169793343408582,-0.204325512050993,-0.15529977382815,0.0270484004960357,-0.15035028564886,-0.108851587026919,-0.140463747976907,-0.0109624987200445,-0.0540029064181962,0.0158596905924143,1,-0.0865448421685186,-0.0243812562836424,0.0309576255833422,-0.217243484577597,-0.261557464352172,-0.0336796611062145,-0.153115858965291,-0.144455206053048,-0.0667852522524366,-0.127189533566088,-0.039507076924026,-0.000241413419173656,-0.399957105850183,-0.146549149078319,-0.441484927041053,-0.36058052988484,-0.26435515331742,-0.0134247927665202,-0.317892007781646,-0.183403406448445,-0.361644083573332,-0.364586679269263,-0.703934164995233,-0.0286827897200377
"X_Watsonia_sp_",-0.0157090979958954,-0.00465739221152909,-0.00957742068733654,-0.0523215507480821,-0.017426619920194,-0.00906515690112449,-0.0680414149327143,-0.0314558008000503,-0.0208582933636347,-0.00751314161245423,-0.0172377003774959,-0.00549665128201839,-0.00635116213013502,-0.00941559556774487,-0.0148535089097233,-0.0447713799847841,-0.00996270161189419,-0.0111245722102625,-0.00934045484277635,-0.0105988582721964,-0.0222628214686078,-0.011196823742153,-0.00876357115278315,-0.00630942422477075,-0.0177443842360653,-0.00489520436996676,-0.034353077076059,-0.0865448421685186,1,-0.0296729327299786,-0.0330113975107523,-0.00567990378347447,-0.00600620990017699,-0.00363552505043611,-0.0309636380125495,-0.0101501368136024,-0.0124782006429108,-0.0106454069843642,-0.0424837810322707,-0.042486981759514,-0.0262361258994032,-0.0228171413712633,-0.0114295239367952,-0.0144108949570688,-0.0119629685769313,-0.0100195123092509,-0.0391949668889565,-0.0141214935632422,-0.0144570316273036,-0.0296539822083315,-0.0466672995498988,-0.0126225172437863
"Acacia_cyclops",-0.0699499842867974,-0.0648746171802999,-0.0540835862564767,-0.0507707447651493,-0.0902374568605394,-0.0321137097336652,-0.0435076511013351,-0.120648256888655,-0.0595572459494587,-0.124862759012081,-0.152792613561775,-0.0944372093747683,-0.0465260766411517,-0.135853052717496,-0.0820419972491427,-0.270076815964036,-0.0279866087714997,-0.0989293836955393,-0.0545346091743251,-0.0571895369891149,0.00157322717164077,-0.0815959874047736,-0.0483717841135471,-0.0513854663813584,-0.0473761769663114,-0.0219235071398547,-0.0387496055403483,-0.0243812562836424,-0.0296729327299786,1,-0.0508489933549113,-0.0601772014417724,-0.118292536267061,-0.0195471111301759,-0.0777589007783104,-0.0268246484667101,-0.0435762753314834,-0.0475270774433278,-0.0565916429105821,-0.0536152395674694,-0.167192299736654,-0.0867246142572862,-0.132968336566495,-0.132142321350776,-0.117161787386024,-0.0202787951301826,-0.239276597518576,-0.0707325938251573,-0.143665562747104,-0.182323473892313,-0.319740702357819,-0.0286575813551906
"Acacia_saligna",-0.161194571918511,-0.0345197801800423,-0.0722670681063889,0.0292017897882734,-0.170240081245895,-0.0324964655489458,0.0231078435776529,-0.288337302992413,-0.00205143894119916,-0.0297068897419057,-0.086733398687815,-0.104675077592818,-0.0393874516980173,-0.185940548727536,-0.120649882968364,-0.273645329375353,-0.040474647161928,-0.119304043291514,-0.044678088296309,-0.0865432017207017,-0.0144894213763816,-0.09113723533756,-0.0676111138577392,-0.0803404569323877,0.00271789401362449,-0.0160076901849807,0.0079110878989566,0.0309576255833422,-0.0330113975107523,-0.0508489933549113,1,-0.0266495071002727,-0.123693113512545,0.00186095485529547,-0.102091449424254,-0.0767215150982015,-0.0344272164815959,-0.0708006608997177,0.00949303569490669,0.0120775987570596,-0.158652591622359,-0.0122171259885198,-0.146142199177967,-0.133456718521065,-0.105004693520402,-0.0549472260884148,-0.381533612863052,-0.0339347095341832,-0.163113279071103,-0.0643931578725919,-0.429060304002492,-0.0505197789451672
"Agrostis_avenacea",-0.0292686820513701,-0.00437882204660613,-0.024549595557755,-0.103705016926717,-0.0792240560767792,-0.0269949190608325,-0.0936635356932942,-0.108714785200797,-0.0157353087106166,-0.0108017628645398,-0.00813833716149729,-0.00195038591317845,-0.00596961579282886,-0.0136070646833441,-0.00401717802372968,-0.0361092680707042,-0.0140883952907112,-0.0103723318556499,-0.0143415403899421,-0.00971499362430432,-0.0395162493588478,-0.0105515086127877,-0.0147666750754837,-0.00587108583400275,-0.0286770069843359,-0.0055464008037596,-0.0129435477614018,-0.217243484577597,-0.00567990378347447,-0.0601772014417724,-0.0266495071002727,1,-0.0234741799326376,-0.00211448639935935,-0.0930666215500342,-0.0229491923959955,-0.0245276885779131,-0.00383403770452979,-0.0643784368210215,-0.0468215129800953,-0.0123549701218327,-0.00938522296468427,-0.0121677877699763,-0.00180945641345839,-0.00333323219702544,-0.0327881824668997,-0.101862800646407,-0.00370728329105649,-0.000245908758827014,-0.0195928066462963,-0.0214227214994262,-0.0560822978684658
"Angianthus_sp_",-0.0624255613302499,-0.0542197599629279,-0.0845486600677403,-0.126380571440378,-0.101540793272151,-0.0316953041141706,-0.214142669730299,-0.180703630486964,-0.192480601256042,-0.111473582708211,-0.0822917551576604,-0.0202658354250191,-0.0312313506774498,-0.0846076665822187,-0.0246494823558296,-0.188481143857546,-0.0625209187095932,-0.0389513235224351,-0.0817431861474141,-0.0121838718029899,-0.123007388377711,-0.0506706911316996,-0.05381000977786,-0.0295083881716605,-0.0934178416330075,-0.0316029589953819,-0.150856493624552,-0.261557464352172,-0.00600620990017699,-0.118292536267061,-0.123693113512545,-0.0234741799326375,1,-0.0233703553036607,-0.25984178917929,-0.0745057229499773,-0.0830357054772408,-0.0444148255993955,-0.109242079671309,-0.129982237301313,-0.0864088134840194,-0.163662942463649,-0.0879153838176023,-0.0465297312722559,-0.0382904883572286,-0.0704580150216146,-0.238528909730922,-0.0200784998686016,-0.0198314492139648,-0.151611299519165,-0.149114648343223,-0.0669709046102521
"Aster_sp_",-0.0498322160382854,-0.00926389454864091,-0.0180670049430442,-0.0118463306793617,-0.0839085593990218,-0.0139483641883874,-0.0150150396633154,-0.109638630337656,0.0072903216143151,-0.00722574806280226,-0.0078350322120988,-0.0147767637756334,0.00324344817104656,-0.0104286512473103,-0.0344398937497588,-0.0413537401639631,-0.00918024723327709,-0.0209751599928808,-0.00596836733308957,-0.0238144999570384,-0.00881119510676363,-0.0151155345306342,-0.0100140880287557,-0.0219706466804618,0.00117034956371424,-0.00173177215770908,-0.0139750111210248,-0.0336796611062145,-0.00363552505043611,-0.0195471111301759,0.00186095485529547,-0.00211448639935935,-0.0233703553036607,1,-0.0383971733769741,-0.015102591783272,-0.0244782994584699,-0.0147476577092429,0.000535179955146268,-0.0027178132367872,-0.0353241314520609,-0.00117378084810193,-0.0215805260350096,-0.0204474826472815,-0.0199460504116252,-0.018078718603104,-0.120693182455411,-0.00358623329106207,-0.0209401710892863,-0.0125872907988666,-0.110046279431686,-0.0215555871885232
"Baumea_articulata",-0.024242269581351,-0.108169923526964,-0.0427884578113257,-0.0829797945281909,-0.000747633342063483,-0.0608987267425374,-0.0973418722636853,-0.0907301012012984,-0.200335377945676,-0.238169955350679,-0.189966470004938,-0.0798132721245745,-0.0780553311868638,-0.122949098171607,-0.0717186768375816,-0.262750008949119,-0.0164724875776655,-0.0158276718000592,-0.125442034349618,-0.0325543554218225,-0.0240552526352653,-0.0526676655670869,-0.060728517097954,-0.0326435608140042,-0.0782250227576132,-0.0231635422595209,-0.184106076375908,-0.153115858965291,-0.0309636380125495,-0.0777589007783104,-0.102091449424254,-0.0930666215500342,-0.25984178917929,-0.0383971733769741,1,-0.0349863535127308,-0.0485166058290339,-0.0573949416394391,-0.16160198223763,-0.112931055244706,-0.151855533439582,-0.283315055876898,-0.188072791369953,-0.0854349616494507,-0.0914781296792836,-0.0253907526388635,-0.048435177492104,-0.0549960694750828,-0.061783802722946,-0.311325985822332,-0.254597583920655,-0.016828517422944
"Centella_cordifolia",-0.0926559219641882,-0.0147068587552709,-0.000980761689949494,-0.0764407675080001,-0.0632362698986233,-0.007903948945598,-0.10814112933074,-0.173121952649782,-0.084962473366195,-0.0308927304605127,-0.0516201954753125,-0.0163136239021062,-0.0130129455806987,-0.101763910443888,-0.0340275154974597,-0.147559418858904,-0.025576671321253,-0.0318404376849267,-0.0370506153894645,-0.0609320732191195,-0.0180814934054649,-0.047800062189927,-0.0304104766415357,-0.00553754670908459,-0.0561492232644367,-0.0159380997885603,-0.0951066427563928,-0.144455206053048,-0.0101501368136024,-0.0268246484667101,-0.0767215150982015,-0.0229491923959955,-0.0745057229499773,-0.015102591783272,-0.0349863535127308,1,-0.0227857658536734,0.000601341982216812,-0.0737683866436035,-0.0977532268550067,-0.0454345382055462,-0.0436917016452713,-0.0310144640755045,-0.0168228759268851,-0.0144146994654415,-0.0127295052484312,-0.163136599042782,-0.0208803887793565,-0.049773677036214,-0.0641162152462932,-0.224506869744018,-0.0113615147016418
"Cotula_coronopifolia",-0.00304761902322847,-0.0256180806781348,-0.0153256201007006,-0.0872913541901131,-0.0725939904546666,-0.0123460808948211,-0.0449886440587536,-0.0225313916943942,-0.0613327027252825,-0.0481427957082502,-0.0716593424839563,-0.0185749455065732,-0.0225956307797956,-0.101454398777069,-0.0201405004345594,-0.0915141727397979,-0.0329791339653083,-0.00830983540887795,-0.024120205979079,-0.0143994959058762,-0.0329397393275528,-0.0672350448509014,-0.0674989155084581,-0.0154787631911301,-0.0501278509080383,-0.00938769161482492,-0.0351976053841133,-0.0667852522524366,-0.0124782006429108,-0.0435762753314834,-0.0344272164815959,-0.0245276885779131,-0.0830357054772408,-0.0244782994584699,-0.0485166058290339,-0.0227857658536734,1,-0.0118998489617003,-0.0626789657567813,-0.0565762042892472,-0.0280926744753187,-0.0608287949717819,-0.0678468319561389,-0.0495930188765891,-0.0331730075249933,-0.0232777373708164,-0.0472395256860891,-0.0356173544744387,-0.0263535947764911,-0.0941419083737877,-0.0565351420859339,-0.00344966248192951
