"","X_Avena_barbata","X_Avena_fatua","X_Azolla_filiculoides","X_Bromus_diandrus","X_Carpobrotus_edulis","X_Conyza_sp_","X_Cynodon_dactylon","X_Ehrharta_calycina","X_Ehrhata_longiflora","X_Euphorbia_terracina","X_Ficus_carica","X_Lactuca_sp_","X_Pelargonium_capitatum","X_Phytolacca_octandra","X_Solanum_nigrum","X_Sonchus_asper","X_Sonchus_oleraceus","X_Typha_orientalis","Baumea_articulata","Baumea_juncea","Eucalyptus_rudis","Jacksonia_furcellata","Lepidosperma_longitudinale","Melaleuca_rhaphiophylla","Persicaria_decipiens","Pseudognaphalium_luteoalbum","Rhagodia_baccata","Solanum_symonii","Spyridium_globulosum"
"X_Avena_barbata",1,0.0137492805696405,0.000528460085524633,0.308010722251689,0.198466474747176,0.24339642101175,0.0666418602557587,0.051836475442872,0.292408921783253,0.0805518071161195,0.272420089290286,0.291861972652538,0.223029281859517,0.307291984717867,0.0873936764837196,0.312959691435293,0.0572444951489665,0.000454582193465663,-0.000149462608912291,0.0763833001312932,0.134836453503948,0.0724867014381558,0.135154182917015,0.12187227083983,0.0112764709918318,0.105388523601048,0.228927357840926,0.110922199227775,0.138308307805678
"X_Avena_fatua",0.0137492805696405,1,0.182063679537776,0.196191329509389,0.284171319702881,0.21293846669244,0.187225085951766,0.164388904033827,0.188132783300313,0.219183440759462,0.159483277232022,0.139763450312706,0.235822008928277,0.180677485515792,0.297632715908878,0.147906436419299,0.0460821206178311,0.069036199559693,0.104529335123348,0.301010062314019,0.265386290406255,0.172394551077885,0.248450439151271,0.321913930288483,0.286631005732908,0.157786538550025,0.241631047088905,0.135684157981344,0.226647829832672
"X_Azolla_filiculoides",0.000528460085524633,0.182063679537776,1,0.0971612695718045,0.326416102670429,0.191677610881413,0.300204775614052,0.396935477014261,0.083396495484101,0.472094848951819,0.0553433998259159,0.0428832255594481,0.221408600897465,0.080502181720307,0.575737330608727,0.0351006565072467,0.0708771573983404,0.246444631228114,0.361558162086588,0.609059108596683,0.463122056958996,0.486082997674258,0.411666294248874,0.570639810907243,0.8016573320835,0.227598309613196,0.252918308646531,0.108650451589162,0.30199373372151
"X_Bromus_diandrus",0.308010722251689,0.196191329509389,0.0971612695718045,1,0.892532358406141,0.943139301904126,0.660626359934866,0.584734373078295,0.921567144965033,0.746571604488529,0.913887544021858,0.932124137038318,0.888886845171965,0.937276345675945,0.685772051173218,0.926830631738892,0.373728606208718,-0.103861860073176,-0.0621331987542018,0.690645974681202,0.735419580377916,0.647395873723835,0.810903100210999,0.780185374395682,0.307392590661045,0.839708312184903,0.925025750107784,0.852437582958449,0.909702066635199
"X_Carpobrotus_edulis",0.198466474747176,0.284171319702881,0.326416102670429,0.892532358406141,1,0.925027430761816,0.79801771209294,0.702217010000103,0.845365077122801,0.839098498827305,0.813411082178757,0.799743239233821,0.898313598670194,0.857342200653202,0.840053227069565,0.801321756935415,0.351324717037454,-0.0106334438850421,0.050445009598255,0.858148417975334,0.846816629384556,0.694233624692368,0.880347855548436,0.915299841349212,0.652325327619916,0.866592097066346,0.934483022356655,0.827408479451906,0.92159828490211
"X_Conyza_sp_",0.24339642101175,0.21293846669244,0.191677610881413,0.943139301904125,0.925027430761816,1,0.654397971768938,0.581288824394976,0.900597622478588,0.73582216165314,0.894275250106079,0.907961799899573,0.888865296349267,0.91965700954229,0.763617348261768,0.902440118619689,0.34520928202463,-0.033830059695659,-0.0144251590006433,0.77019794959997,0.799573905766357,0.583349232309522,0.834441215678599,0.861984453858947,0.498979541904401,0.806094794466807,0.92675314918173,0.80132783961231,0.907404257819306
"X_Cynodon_dactylon",0.0666418602557587,0.187225085951766,0.300204775614052,0.660626359934866,0.79801771209294,0.654397971768938,1,0.461694236738522,0.593124804335683,0.551499397636443,0.53270474594488,0.493921008339195,0.717932886662779,0.593122304753971,0.723201558250784,0.496169750847,0.153241861722542,0.0512806768848296,0.0827225379969997,0.738469088680361,0.691392270188715,0.34727019881245,0.688804162121762,0.824481946120232,0.568984992396476,0.550253158495366,0.755650901680599,0.439474939611276,0.646668465056577
"X_Ehrharta_calycina",0.051836475442872,0.164388904033827,0.396935477014261,0.584734373078295,0.702217010000103,0.581288824394976,0.461694236738522,1,0.52620650996436,0.500641629254192,0.463500076964102,0.426031692725039,0.625741763545607,0.536636681567689,0.67165406062035,0.445030703528609,0.136793647497829,0.158004634377015,0.232110295026248,0.70111889154408,0.618096382128316,0.394230018598778,0.653998614397821,0.746572502946112,0.632107532934072,0.428746837825727,0.671884624943663,0.366304980819231,0.571715395819629
"X_Ehrhata_longiflora",0.292408921783253,0.188132783300313,0.083396495484101,0.921567144965033,0.845365077122801,0.900597622478588,0.593124804335683,0.52620650996436,1,0.684647886679872,0.878096808466152,0.891254214992554,0.840240601883992,0.898158091933841,0.644951311224274,0.888619430434905,0.348786246429568,-0.103980892367173,-0.0633669413633477,0.643825623953728,0.690197352097619,0.589535676194151,0.760748728966204,0.721635894688867,0.277054454991004,0.775532597833239,0.882217954216208,0.798272037303619,0.857800573112877
"X_Euphorbia_terracina",0.0805518071161195,0.219183440759462,0.472094848951819,0.746571604488529,0.839098498827305,0.73582216165314,0.551499397636443,0.500641629254192,0.684647886679872,1,0.61578458408753,0.592709121346833,0.76676349490847,0.674934932064597,0.763637949064257,0.6084434676727,0.167936123802297,0.228358404754978,0.300462934459343,0.773587848432259,0.716389741745878,0.484177197386734,0.740245622084444,0.842746662958125,0.730280701594487,0.55764083151211,0.81446504092635,0.51931474410433,0.733109795225753
"X_Ficus_carica",0.272420089290286,0.159483277232022,0.0553433998259159,0.913887544021858,0.813411082178757,0.894275250106079,0.53270474594488,0.463500076964102,0.878096808466152,0.61578458408753,1,0.900390765871931,0.812382048210814,0.898286814196681,0.573184151161397,0.905737532687198,0.339836408378241,-0.0695258612410502,-0.0573241208457226,0.563783295362366,0.628464456987553,0.53480409751597,0.698096866388534,0.668834892585651,0.218703709137168,0.741583492910248,0.858706491690869,0.739093365377161,0.811836880748734
"X_Lactuca_sp_",0.291861972652538,0.139763450312706,0.0428832255594481,0.932124137038318,0.799743239233821,0.907961799899573,0.493921008339195,0.426031692725039,0.891254214992554,0.592709121346833,0.900390765871931,1,0.816562331154359,0.921343275898603,0.538404588595915,0.932169850633465,0.313027867103147,-0.0688994666480775,-0.062877738732997,0.546702990211662,0.63361685390548,0.53539592296643,0.693041157752022,0.629370754881461,0.139156825981815,0.727275332472127,0.867379695863567,0.741274088295733,0.828772672010321
"X_Pelargonium_capitatum",0.223029281859517,0.235822008928277,0.221408600897465,0.888886845171965,0.898313598670194,0.888865296349267,0.71793288666278,0.625741763545607,0.840240601883992,0.76676349490847,0.812382048210814,0.816562331154359,1,0.862681425867717,0.759844347378116,0.828813025346722,0.343078717298062,-0.0564745571144806,-0.00104139849199704,0.767237719566599,0.7720165695764,0.642603417781577,0.826364003627547,0.849610560206979,0.491581560264462,0.805937091821274,0.898495805026589,0.795202714720918,0.878148032479125
"X_Phytolacca_octandra",0.307291984717867,0.180677485515792,0.080502181720307,0.937276345675945,0.857342200653202,0.91965700954229,0.593122304753971,0.536636681567689,0.898158091933841,0.674934932064597,0.898286814196681,0.921343275898603,0.862681425867717,1,0.633663094838144,0.916321928934557,0.341187984995459,-0.0876930871392345,-0.0591451154149444,0.642700279665452,0.696257649154958,0.571018078902984,0.763992394701336,0.736952154843062,0.277007730107376,0.787093503000361,0.892712176934715,0.78697556388667,0.877327125654768
"X_Solanum_nigrum",0.0873936764837196,0.297632715908878,0.575737330608727,0.685772051173218,0.840053227069565,0.763617348261768,0.723201558250784,0.67165406062035,0.644951311224273,0.763637949064257,0.573184151161397,0.538404588595915,0.759844347378116,0.633663094838145,1,0.555514788890564,0.253441671942247,0.132360353784188,0.245258365898477,0.874442109276499,0.825632776319227,0.634197197654892,0.804785867794243,0.907525757565573,0.812640155287819,0.746830133261915,0.797721094557615,0.619777024704779,0.819501571874706
"X_Sonchus_asper",0.312959691435293,0.147906436419299,0.0351006565072467,0.926830631738892,0.801321756935415,0.902440118619689,0.496169750847,0.445030703528609,0.888619430434905,0.6084434676727,0.905737532687198,0.932169850633465,0.828813025346722,0.916321928934557,0.555514788890564,1,0.337961221494243,-0.0847431799015258,-0.0655864735701597,0.543391168427399,0.619461227778998,0.532344271482545,0.690899654655688,0.643502782937209,0.149020774893314,0.733111867348528,0.860829590029645,0.778442313380979,0.835197495387913
"X_Sonchus_oleraceus",0.0572444951489665,0.0460821206178311,0.0708771573983404,0.373728606208718,0.351324717037454,0.34520928202463,0.153241861722542,0.136793647497829,0.348786246429568,0.167936123802297,0.339836408378241,0.313027867103147,0.343078717298062,0.341187984995459,0.253441671942247,0.337961221494243,1,0.0241758516973373,0.0373248155799501,0.229628630559191,0.266222354244653,0.117181016688765,0.279788006866467,0.310181064704153,0.158992391343429,0.194626225392113,0.359014752757996,0.190182328896736,0.26879275561101
"X_Typha_orientalis",0.000454582193465663,0.069036199559693,0.246444631228114,-0.103861860073176,-0.0106334438850421,-0.033830059695659,0.0512806768848296,0.158004634377015,-0.103980892367173,0.228358404754978,-0.0695258612410502,-0.0688994666480775,-0.0564745571144806,-0.0876930871392345,0.132360353784188,-0.0847431799015258,0.0241758516973373,1,0.225788123653516,0.183804402390061,0.0696266674318982,0.329323594686341,0.0805244637837385,0.0978011249881944,0.268555242148902,0.0414219284038255,-0.0478689543752389,0.00121929885668123,0.0201309661204433
"Baumea_articulata",-0.000149462608912291,0.104529335123348,0.361558162086588,-0.0621331987542018,0.050445009598255,-0.0144251590006433,0.0827225379969997,0.232110295026248,-0.0633669413633477,0.300462934459343,-0.0573241208457226,-0.062877738732997,-0.00104139849199704,-0.0591451154149444,0.245258365898477,-0.0655864735701597,0.0373248155799501,0.225788123653516,1,0.338588078638435,0.170943333104379,0.388824003735829,0.165806448261559,0.243060434565599,0.449040523605957,0.0854089849307472,0.00984090310122012,0.0118014084129954,0.0810725847122539
"Baumea_juncea",0.0763833001312932,0.301010062314019,0.609059108596683,0.690645974681202,0.858148417975334,0.77019794959997,0.73846908868036,0.70111889154408,0.643825623953728,0.773587848432259,0.563783295362366,0.546702990211662,0.767237719566599,0.642700279665452,0.874442109276499,0.543391168427399,0.229628630559191,0.183804402390061,0.338588078638435,1,0.825446623909382,0.647576632117198,0.830533898510137,0.925274101074932,0.853974767984798,0.757149090359798,0.818300436519832,0.616624894175434,0.852209534861727
"Eucalyptus_rudis",0.134836453503948,0.265386290406255,0.463122056958996,0.735419580377916,0.846816629384556,0.799573905766357,0.691392270188715,0.618096382128316,0.690197352097619,0.716389741745878,0.628464456987553,0.63361685390548,0.7720165695764,0.696257649154958,0.825632776319227,0.619461227778998,0.266222354244653,0.0696266674318982,0.170943333104379,0.825446623909382,1,0.569696126840858,0.784533326109047,0.887851108188829,0.728387229811786,0.736218423633422,0.820268970353133,0.644965490184844,0.820391222508676
"Jacksonia_furcellata",0.0724867014381558,0.172394551077885,0.486082997674258,0.647395873723835,0.694233624692368,0.583349232309522,0.34727019881245,0.394230018598778,0.589535676194152,0.484177197386734,0.53480409751597,0.53539592296643,0.642603417781577,0.571018078902984,0.634197197654892,0.532344271482545,0.117181016688765,0.329323594686341,0.388824003735829,0.647576632117198,0.569696126840858,1,0.625366982961744,0.704572340573075,0.617172917668173,0.331098057402467,0.682762249847253,0.289024584016406,0.574227966025934
"Lepidosperma_longitudinale",0.135154182917015,0.248450439151271,0.411666294248874,0.810903100210999,0.880347855548436,0.834441215678599,0.688804162121762,0.653998614397821,0.760748728966204,0.740245622084444,0.698096866388534,0.693041157752022,0.826364003627547,0.763992394701336,0.804785867794243,0.690899654655688,0.279788006866467,0.0805244637837385,0.165806448261559,0.830533898510137,0.784533326109047,0.625366982961744,1,0.887173871501716,0.684139615699392,0.744266669980779,0.861780804874265,0.691960298419517,0.841366631249665
"Melaleuca_rhaphiophylla",0.12187227083983,0.321913930288483,0.570639810907243,0.780185374395682,0.915299841349213,0.861984453858947,0.824481946120232,0.746572502946112,0.721635894688867,0.842746662958125,0.668834892585651,0.629370754881461,0.849610560206979,0.736952154843062,0.907525757565573,0.643502782937209,0.310181064704153,0.0978011249881944,0.243060434565599,0.925274101074932,0.887851108188829,0.704572340573075,0.887173871501716,1,0.836497567453947,0.854698211162994,0.888793707574719,0.74144829684222,0.919288296127331
"Persicaria_decipiens",0.0112764709918318,0.286631005732908,0.8016573320835,0.307392590661046,0.652325327619916,0.498979541904401,0.568984992396476,0.632107532934072,0.277054454991004,0.730280701594487,0.218703709137168,0.139156825981815,0.491581560264461,0.277007730107376,0.812640155287819,0.149020774893314,0.158992391343429,0.268555242148902,0.449040523605957,0.853974767984798,0.728387229811786,0.617172917668173,0.684139615699392,0.836497567453947,1,0.581213755298108,0.555709149442259,0.34813897920701,0.67803779501407
"Pseudognaphalium_luteoalbum",0.105388523601048,0.157786538550025,0.227598309613196,0.839708312184903,0.866592097066346,0.806094794466807,0.550253158495366,0.428746837825727,0.775532597833239,0.55764083151211,0.741583492910248,0.727275332472128,0.805937091821274,0.787093503000361,0.746830133261915,0.733111867348528,0.194626225392113,0.0414219284038255,0.0854089849307472,0.757149090359798,0.736218423633422,0.331098057402467,0.744266669980779,0.854698211162994,0.581213755298108,1,0.858979459286772,0.611246352456374,0.748950749382814
"Rhagodia_baccata",0.228927357840926,0.241631047088905,0.252918308646531,0.925025750107784,0.934483022356655,0.92675314918173,0.755650901680599,0.671884624943663,0.882217954216208,0.814465040926351,0.858706491690869,0.867379695863567,0.898495805026589,0.892712176934715,0.797721094557615,0.860829590029645,0.359014752757996,-0.0478689543752389,0.00984090310122012,0.818300436519832,0.820268970353133,0.682762249847253,0.861780804874265,0.888793707574719,0.555709149442259,0.858979459286772,1,0.822428551420894,0.921353662789573
"Solanum_symonii",0.110922199227775,0.135684157981344,0.108650451589162,0.852437582958449,0.827408479451906,0.80132783961231,0.439474939611276,0.366304980819231,0.798272037303619,0.51931474410433,0.739093365377161,0.741274088295733,0.795202714720918,0.78697556388667,0.619777024704779,0.778442313380979,0.190182328896736,0.00121929885668123,0.0118014084129954,0.616624894175434,0.644965490184844,0.289024584016406,0.691960298419517,0.74144829684222,0.34813897920701,0.611246352456374,0.822428551420894,1,0.760252953949378
"Spyridium_globulosum",0.138308307805678,0.226647829832672,0.30199373372151,0.909702066635199,0.92159828490211,0.907404257819306,0.646668465056577,0.571715395819629,0.857800573112877,0.733109795225753,0.811836880748734,0.828772672010321,0.878148032479125,0.877327125654768,0.819501571874706,0.835197495387913,0.26879275561101,0.0201309661204433,0.0810725847122539,0.852209534861727,0.820391222508676,0.574227966025934,0.841366631249664,0.919288296127331,0.67803779501407,0.748950749382814,0.921353662789573,0.760252953949378,1
