"","X_Alternanthera_pungens","X_Arctotheca_calendula","X_Asparagus_asparagoides","X_Avena_barbata","X_Briza_maxima","X_Briza_minor","X_Bromus_diandrus","X_Carex_divisa","X_Carpobrotus_edulis","X_Cerastium_glomeratum","X_Cirsium_vulgare","X_Conyza_bonariensis","X_Crassula_sp_","X_Cynodon_dactylon","X_Cyperus_sp_","X_Ehrharta_calycina","X_Ehrharta_longiflora","X_Epilobium_ciliatum","X_Euphorbia_peplus","X_Ficus_carica","X_Galium_murale","X_Geranium_molle","X_Grape_Vine","X_Holcus_lanatus","X_Hypochaeris_glabra","X_Lolium_perenne","X_Lotus_suaveolens","X_Lysimachia_arvensis","X_Malva_arborea","X_Medicago_polymorpha","X_Medicago_sp_","X_Moraea_flaccida","X_Myrsiphyllum_asparagoides","X_Paspalum_dilatatum","X_Pelargonium_capitatum","X_Petrorhagia_dubia","X_Phalaris_sp_","X_Plantago_major","X_Poa_annua","X_Poaceae_sp_","X_Raphanus_sp_","X_Romulea_rosea","X_Rumex_crispus","X_Senecio_vulgare","X_Silybum_marianum","X_Solanum_nigrum","X_Sonchus_asper","X_Sonchus_oleraceus","X_Stellaria_media","X_Symphyotrichum_squamatum","X_Trifolium_sp_","X_Typha_orientalis","X_Vicia_sativa","X_Vulpia_myuros","Acacia_saligna","Banksia_attenuata","Banksia_littoralis","Baumea_juncea","Cassytha_racemosa","Centella_asiatica","Epilobium_billardierianum","Eucalyptus_gomphocephala","Gahnia_trifida","Hardenbergia_comptoniana","Juncus_pallidus","Lachnagrostis_filiformis","Lepidosperma_gladiatum","Lobelia_alata","Macrozamia_sp_","Melaleuca_preissiana","Melaleuca_rhaphiophylla","Myoporum_caprarioides","Opercularia_hispida","Rhagodia_baccata","Spyridium_globulosum","Xanthorrhoea_preissii"
"X_Alternanthera_pungens",1,0.0214715603644606,-0.023624383383847,0.00734538168638401,-0.00337258485573766,-0.223111778910647,0.0253427073984066,-0.469017944270979,-0.178203844813805,-0.0036658567299781,-0.224806088829895,-0.0263742333643446,-0.00661896628669883,-0.307296497336987,-0.376709323023344,-0.0105738212363375,0.0379827072890204,-0.575943533188253,0.031475066135485,-0.183561300692209,0.00694944183218988,0.0371668845579871,-0.0910245352791082,-0.402916131744276,-0.0437610498963001,-0.0285825084283248,-0.404200670991181,-0.181879948938682,0.00470713411941217,-0.0210400818728133,-0.00607653858161916,0.0249809477034085,-0.0678724195587344,-0.539411131137279,-0.0727281428833199,-0.0028073576878632,0.00714189253299982,-0.470328157995106,-0.0221003075761075,-0.0181239387310163,-0.00042777630379368,-0.174345655522701,-0.185389943849813,-0.0721825982318878,-0.226527117575144,-0.00285778248560431,0.0348032039594604,-0.042918712992487,0.00136304847464335,-0.244945816084103,0.0170586503146305,-0.591815890824947,-0.0648287436623163,-0.0314892483739382,-0.11616051275462,-0.15756249414636,-0.116117658527522,-0.133061778918316,-0.173225799648227,-0.439702872869911,-0.379643674040536,0.0265283033380522,0.0133630603074848,-0.104262644225224,0.00284460089927334,-0.495284491636427,-0.330090070376205,-0.589798492251749,-0.0631891397819582,-0.176692915839944,-0.0947388141957285,-0.0446411482128816,-0.407354933896534,0.0138229880339283,0.0158343742843463,-0.1586844438448
"X_Arctotheca_calendula",0.0214715603644606,1,-0.0687971275388234,0.0509546955561988,-0.0139271191394134,-0.435608551030326,0.0959484150024771,-0.801260239869047,-0.428185865402772,0.0104654898699996,-0.452631304937777,-0.156673684377725,-0.00782465980453356,-0.601739584470044,-0.783820336318175,-0.0703634041108269,0.150354605476102,-0.862374835967409,0.148671299290236,-0.41738839959319,0.0337748606421749,0.133062466382386,-0.246489558789525,-0.734802914464799,-0.10667272062149,-0.0810749304079603,-0.810957258952331,-0.349427660618982,0.0119618315021414,-0.0571406439656025,-0.0192764056828023,0.0792327297393088,-0.145199125389363,-0.803502503863296,-0.180845791264956,0.00890875378482261,0.0306678581869895,-0.81800106151384,-0.057935280991368,-0.0455131631685081,0.0202036766659118,-0.379236729505158,-0.391955799308614,-0.239611520189482,-0.573283729384857,-0.0666562657812346,0.13862373197731,-0.103251587488006,0.0162030115021434,-0.523754516147608,0.000912994142507056,-0.889552847254448,-0.190589385667852,-0.145129293623743,-0.297724340202168,-0.361667165942759,-0.255509195674494,-0.31235814504126,-0.332822956477824,-0.727533223448444,-0.74232652744552,0.0658760656279354,0.0846446294458875,-0.271295049635538,-0.0542192173299454,-0.76948613279265,-0.568424190158371,-0.841318824319326,-0.235078497029081,-0.350418895073672,-0.218398340722963,-0.117188773596053,-0.667913224544698,0.0572870525172887,0.0598473701419926,-0.310419656654308
"X_Asparagus_asparagoides",-0.023624383383847,-0.0687971275388234,1,-0.0657363156929567,-0.0179142596661922,-0.170317728334864,-0.062661368031577,-0.301629520386357,-0.174871238754787,-0.0606996713448934,-0.180273609425273,-0.157851491539037,-0.0591918452959776,-0.240176335336045,-0.248843785183725,-0.0708934748687243,-0.0801747901821687,-0.354812800061262,-0.0817268114758373,-0.224986174970778,-0.0402329754609165,-0.0800264116867788,-0.083623863646175,-0.238314568087282,-0.0570611869757031,-0.0487719726005127,-0.257920451910781,-0.110760696218464,-0.0563766343871378,-0.0547649942060965,-0.0296259877968949,-0.0885998811326503,-0.0489111130524434,-0.315279594027652,-0.0632035035808202,-0.102678193675025,-0.0461796194928845,-0.297688971684468,-0.0375869054355885,-0.0346041341529956,-0.102221190485588,-0.150895605032789,-0.148785135102755,-0.10522725087706,-0.180013975859266,-0.0769666337740017,-0.0824531152896098,-0.0469929300027939,-0.051632808782132,-0.174272323822407,-0.0867999109334948,-0.334587540964203,-0.0859076995460859,-0.122132407712048,-0.177498703360508,-0.12216499408833,-0.106108162684094,-0.165478533219813,-0.14954449231369,-0.288768826353277,-0.243450308548437,-0.0740161510194561,-0.063875563533422,-0.142000281954341,-0.0831461197858112,-0.315632376595822,-0.235772715451233,-0.298847599189531,-0.127557582876001,-0.0949312379823963,-0.11089185839894,-0.0630571243495371,-0.221921567554604,-0.0420615216970754,-0.0653749732464983,-0.106678651080865
"X_Avena_barbata",0.00734538168638401,0.0509546955561988,-0.0657363156929567,1,-0.0192979203577124,-0.3570081328703,0.0382198536738687,-0.79601328924822,-0.410006327204903,0.00316205586536231,-0.45033653284994,-0.245854300406857,-0.00499005462499428,-0.480933911309455,-0.601509673927084,-0.0993293856393982,0.0609343351572408,-0.682055325425228,0.0654246009056442,-0.289873111753996,0.0112928515036903,0.0489747019801402,-0.222152376404544,-0.59336419938504,-0.0952783303820797,-0.0812884747733611,-0.60470686728479,-0.272128117960743,-0.0105460842792154,-0.0405758632719381,-0.011602544056651,-0.00590867096255656,-0.107527340120369,-0.628246900212853,-0.115525746250644,0.00272050873564598,0.0101538361155661,-0.662955067508855,-0.0377923461459366,-0.0429688435661413,0.00530518147120882,-0.280048640995377,-0.385608495259331,-0.201083048714899,-0.399989838205255,-0.120625633121567,0.062350052552358,-0.0911287458417335,0.00279305029097471,-0.355568113361306,-0.0698269183283106,-0.747212775815179,-0.143408193992067,-0.171834167910878,-0.275112499644889,-0.200159122013201,-0.176647915726228,-0.312914973009348,-0.265587157160285,-0.757374298191593,-0.64242100665208,0.0199517624510367,0.0353887991949538,-0.200351023030836,-0.0851641628970024,-0.635840227680036,-0.466481711321504,-0.721119220255851,-0.201758866677482,-0.237208474810798,-0.279483155129756,-0.0822906770789136,-0.514264144087611,0.0191861213279487,0.0168656770746055,-0.266940667550444
"X_Briza_maxima",-0.00337258485573766,-0.0139271191394134,-0.0179142596661922,-0.0192979203577124,1,-0.14436702336083,-0.00646549434920916,-0.170802697023403,-0.0708998205413852,-0.0288577153424336,-0.0849867369303555,-0.0419940672250462,-0.0335829443170435,-0.11701292638322,-0.174132744577051,-0.015652540722926,-0.00959737719990522,-0.285669396046017,-0.013804933726364,-0.182214471513045,-0.00457225529508043,-0.00825007968420083,-0.0361016753952274,-0.186264094711621,-0.0144840225783825,-0.0317936897085296,-0.183734085737251,-0.0982686983323235,-0.00560280722622345,-0.0306986489541211,-0.0139589566315013,-0.00990526554317758,-0.0324876775476362,-0.255705063757251,-0.047070245833872,-0.0354542068093801,-0.00417494044203009,-0.21432365278073,-0.0134159123339064,-0.0170548368237551,-0.0367524721696303,-0.0962506131106629,-0.0753024414314173,-0.0259180707269126,-0.0978115849221448,-0.0187244051984648,-0.0088554221891022,-0.0208428308697511,-0.0140574548129265,-0.16231057470308,-0.0210889174788516,-0.232300824227925,-0.0495977428563026,-0.0329380649017853,-0.0596786548637181,-0.0859358795542932,-0.0491696137927889,-0.053079132519629,-0.0638350271014778,-0.151986197323261,-0.180356659779596,-0.0119797475523389,-0.0219359339668118,-0.0495792906907106,-0.0167959893491191,-0.250537756724201,-0.127502317625578,-0.242960772962307,-0.0310026757383796,-0.0777763882299229,-0.036307186745109,-0.0271458455593319,-0.224575040032736,-0.00610019731035515,-0.0227226288150467,-0.0760705610905631
"X_Briza_minor",-0.223111778910647,-0.435608551030326,-0.170317728334864,-0.3570081328703,-0.14436702336083,1,-0.460616705750754,-0.0584094763000841,-0.442183743407502,-0.191103223024949,-0.31685399598593,-0.866612614560843,-0.188925069319635,-0.383198936783576,-0.0518934623555063,-0.591019437814867,-0.615701843608458,-0.0781035432710503,-0.507804598390791,-0.403110767792778,-0.341647959086779,-0.647996725703638,-0.128816968630827,-0.173852393607685,-0.254972668507699,-0.0822716621655295,-0.189851487519323,0.016195397907282,-0.478834087703862,-0.0677616668386906,-0.166528711265451,-0.413800280024663,-0.038176191939526,-0.122761540651229,-0.24134731015918,-0.172125257026917,-0.383785802881602,-0.109128922011776,-0.0791342202675608,-0.0767143440185965,-0.272486807939743,0.00178239820013074,-0.179347388755053,-0.548107293216599,-0.148724371064218,-0.61072924985507,-0.578929865074929,-0.26043081088839,-0.198742642359192,-0.100136035023507,-0.73162196342357,-0.0862733344461507,-0.0895432619662972,-0.816046729059611,-0.718156447418324,-0.229995828485085,-0.394603064417116,-0.620125250998367,-0.612477263226058,-0.127745963915591,-0.0153160675382322,-0.625378904968126,-0.314823533244486,-0.714901949997102,-0.773301031036499,-0.264081677912778,-0.319632623055069,0.0889105419431582,-0.693600551286636,-0.0618076347925937,-0.168058565648686,-0.443387489534102,0.0158541609595833,-0.458840737223541,-0.437270965051082,0.00655817051898186
"X_Bromus_diandrus",0.0253427073984066,0.0959484150024771,-0.062661368031577,0.0382198536738687,-0.00646549434920916,-0.460616705750754,1,-0.553836166093524,-0.243584767570775,-0.0634573026713386,-0.303045818833873,0.104934216355296,-0.0801827535100978,-0.414260389736039,-0.633315004152265,0.0149094281683616,0.409817739096045,-0.776292900582483,0.296227090865254,-0.449772864502454,0.0437762811256553,0.41606570619548,-0.156334083469433,-0.661187503342876,-0.0467379180410583,-0.117917910434464,-0.672034156044371,-0.323806933404009,0.0210229364480107,-0.113540409191929,-0.0375416330214713,0.206335094863893,-0.142776432004934,-0.716133274114009,-0.168456890466926,-0.0641243033078863,0.0542505870071292,-0.700517723206707,-0.070853219135762,-0.0658240431217763,-0.0609616451093198,-0.365797253182655,-0.261376629045593,-0.0910181963566649,-0.464175871112947,0.0599213326399997,0.344557948237294,-0.0880817176188097,-0.00418947595598189,-0.578453733841963,0.219593075349135,-0.762920751866522,-0.226508809072891,0.045022326487267,-0.0890511694143499,-0.354861151823116,-0.175946988318024,-0.125109412186864,-0.184916041601189,-0.52200779164665,-0.637502417827801,0.292257421958288,0.0907875083223641,-0.0868944835599769,0.0534484912503744,-0.702317197135745,-0.456835595319726,-0.731431369915286,-0.0894740272482582,-0.341779362589797,-0.1241685481958,-0.0654637763798836,-0.644890847872507,0.108820678025551,0.135121859277795,-0.270057366805924
"X_Carex_divisa",-0.469017944270979,-0.801260239869047,-0.301629520386357,-0.79601328924822,-0.170802697023403,-0.0584094763000841,-0.553836166093524,1,-0.0507746982259238,-0.655722430628442,-0.0196702442831602,-0.508235780524664,-0.550385475966108,0.0289847471614601,0.0327360625622201,-0.354054315388594,-0.771380354629606,-0.0728702020647692,-0.773815902749897,-0.749235512383493,-0.532526392766732,-0.759272662117657,-0.0741167053516683,-0.102293049817747,-0.136805178466799,-0.24500624818851,-0.0927127822274378,0.0127532759988022,-0.649823962875866,-0.182468003878109,-0.320445430609167,-0.571976036252519,-0.0587658982057071,0.0163707064742404,-0.339428756314505,-0.661239605684097,-0.549692259632713,-0.0465904414405657,-0.104910054336334,-0.0961390782691556,-0.786738620519175,-0.047244665103701,-0.038563724193496,-0.209826223261977,-0.0323849934215076,-0.408979492969515,-0.766642803017563,-0.286436427698822,-0.501706481905039,-0.248165472680989,-0.563865910666454,0.106343012635183,-0.246902102757186,-0.489131092919535,-0.26999327406608,-0.258232551306796,-0.328128022204295,-0.194031114799827,-0.199034228775968,0.145415189852801,0.0479019449432227,-0.673793278156862,-0.602787521998176,-0.555523819324714,-0.576685922800688,-0.320176542026668,-0.0539672977021131,0.275296566246336,-0.392261270209419,-0.0205728666881191,-0.0512223034115051,-0.339906469756245,-0.0484615515662166,-0.663590348551833,-0.701022284466453,0.0214092517725086
"X_Carpobrotus_edulis",-0.178203844813805,-0.428185865402772,-0.174871238754787,-0.410006327204903,-0.0708998205413852,-0.442183743407502,-0.243584767570775,-0.0507746982259238,1,-0.349598515146372,-0.0254115053336473,-0.0586896246104792,-0.426002704853066,-7.16524964967835e-05,-0.0942444310439648,-0.0541011348512103,-0.338866475803566,-0.349055023861669,-0.406212681022668,-0.710960121113778,-0.184002466842377,-0.295340153440427,-0.0853936439569861,-0.193392955020047,-0.0270781697130448,-0.171661799134146,-0.210154998451356,-0.140115869894998,-0.243306232943744,-0.226669873866314,-0.160411926790397,-0.317127216393166,-0.103892423499963,-0.222023018247147,-0.217869525178097,-0.503699914315297,-0.188330391436807,-0.204404029551084,-0.0933401622461636,-0.134646802804206,-0.558143520287772,-0.313832145521554,-0.135229183472567,-0.0290890056336524,-0.0801985542021311,-0.0904374854262175,-0.352689324875317,-0.147484075828417,-0.265199742958511,-0.245047098547615,-0.132307270450077,-0.174982604193123,-0.192565413288053,-0.0636627161931812,-0.0190802944908599,-0.171010264938015,-0.14739020408247,-0.00778460565975721,-0.0679014153381081,-0.0300692057551475,-0.135613560441058,-0.311409319427208,-0.370462183801529,-0.237680846230049,-0.111337646013039,-0.495484392855091,-0.0684621455355321,-0.198162086934188,-0.0606578791715011,-0.0678028421694174,-0.0239474622141829,-0.130722556661245,-0.259609534924706,-0.258357561131844,-0.454870939095052,-0.099005314701584
"X_Cerastium_glomeratum",-0.0036658567299781,0.0104654898699996,-0.0606996713448934,0.00316205586536231,-0.0288577153424336,-0.191103223024949,-0.0634573026713386,-0.655722430628442,-0.349598515146372,1,-0.382504095336275,-0.436362940641769,-0.00275735270336932,-0.429381703196257,-0.442070004080573,-0.165902118401447,-0.0593029248384479,-0.547585439376707,-0.0331035449905344,-0.211060517178807,-0.0239088578789077,-0.0970797206179712,-0.171417631183055,-0.381821050646464,-0.104172966013392,-0.0437734689636012,-0.404879294280643,-0.169045556081308,-0.0620476183184012,-0.027862052488236,-0.0178824068366441,-0.10926283975406,-0.0669830538188657,-0.479882062756161,-0.0926001020019168,0.000856997496322939,-0.0308015824849077,-0.413188479437694,-0.0348359245570988,-0.0388417350510571,0.0020514864141333,-0.137536390862087,-0.328247858981009,-0.195487701741162,-0.252267507052626,-0.180665310014922,-0.0478166608709367,-0.0826253084221936,-0.00740803628708342,-0.233846426249352,-0.22829994256698,-0.579707552806128,-0.080942586276757,-0.304678442591275,-0.443077083329091,-0.181493299785526,-0.198096052788191,-0.436074698269265,-0.313914394285959,-0.663318584463816,-0.473838288644281,-0.0828371967136158,0.001274749640365,-0.289009145601496,-0.217524773675964,-0.530224165418584,-0.411502891670819,-0.54121866919027,-0.243982567030428,-0.158705386894259,-0.281207910676777,-0.118809495869849,-0.354314160544207,-0.038554862311016,-0.0335930778923456,-0.165858810672266
"X_Cirsium_vulgare",-0.224806088829895,-0.452631304937778,-0.180273609425273,-0.45033653284994,-0.0849867369303555,-0.31685399598593,-0.303045818833873,-0.0196702442831602,-0.0254115053336473,-0.382504095336275,1,-0.216485997680586,-0.362806736883359,-0.0132129282245912,-0.0412705807134196,-0.128277191468726,-0.43837748912009,-0.234152767519717,-0.457343559906737,-0.536839518069859,-0.262045479718354,-0.405099666748991,-0.0652093836378285,-0.105367405001713,-0.0551637430103588,-0.167924864248778,-0.124061255317664,-0.0775901223515314,-0.314699625674669,-0.179477652039053,-0.159810547455198,-0.338680187144196,-0.0771899240217512,-0.10469288693911,-0.195601086901468,-0.421590951528401,-0.26095784352792,-0.116673767562809,-0.0804692132832813,-0.0934042145108134,-0.503396521220683,-0.201129736912344,-0.0861613021602986,-0.0741893308013262,-0.0608945099984332,-0.17662803183267,-0.424348729371222,-0.161155271748784,-0.284590784241796,-0.218798208272312,-0.238330275108947,-0.0547909576474729,-0.159579290663498,-0.19112552357808,-0.12719885567164,-0.168739465990194,-0.168575131396805,-0.102433224647319,-0.0989295899691547,-0.00211390231831254,-0.072929542166775,-0.387028098494599,-0.375856556452083,-0.262999245230301,-0.232930857641954,-0.34857678765917,-0.0553339089046864,-0.0648368125568852,-0.156407334639606,-0.0506256979873185,-0.0258749425028064,-0.157142356241248,-0.160147963317011,-0.334861911366874,-0.439471878428857,-0.0585179531385045
"X_Conyza_bonariensis",-0.0263742333643446,-0.156673684377725,-0.157851491539037,-0.245854300406857,-0.0419940672250462,-0.866612614560843,0.104934216355296,-0.508235780524664,-0.0586896246104792,-0.436362940641769,-0.216485997680586,1,-0.505774188793669,-0.116374997250287,-0.658170861069801,0.0507995148220773,0.261889584273674,-0.916557727352089,0.106565214608938,-0.835977253151731,-0.00862375627544766,0.336917731461086,-0.240321844735348,-0.751953275988811,-0.0201289586411141,-0.367987590067794,-0.765025893985657,-0.442862234562546,-0.0493111094216033,-0.44220339305,-0.162795443575812,-0.0430529595528964,-0.278906935959075,-0.804534753469329,-0.346874675691571,-0.59927727506185,0.0127831640543295,-0.808039722857299,-0.199557835462997,-0.247049796892079,-0.612384714605835,-0.770926617252264,-0.372818204553724,-0.0145698667096144,-0.437426858822688,0.118859955452453,0.186488039000555,-0.205508859021962,-0.258358198046996,-0.838251813508058,0.311301557169208,-0.789948774750157,-0.584580200750816,0.091028451936887,0.155415842259871,-0.464433129469197,-0.198619330996557,0.168337717137002,-0.0576081304016037,-0.405005266264172,-0.754479898973666,0.139407905364469,-0.176281932707794,-0.0725484601507823,0.0887550954721357,-0.90294456328322,-0.29890748248585,-0.812840798988304,-0.014198640466202,-0.325977465946915,-0.0987339856920537,-0.13752301099233,-0.79380685933656,0.000400926653804355,-0.166443626867204,-0.339339946267051
"X_Crassula_sp_",-0.00661896628669883,-0.00782465980453356,-0.0591918452959776,-0.00499005462499428,-0.0335829443170435,-0.188925069319635,-0.0801827535100978,-0.550385475966108,-0.426002704853066,-0.00275735270336932,-0.362806736883359,-0.505774188793669,1,-0.53875068738146,-0.424818031251061,-0.195738763641614,-0.0935963939982798,-0.628160633503996,-0.0443716254473888,-0.342912152059929,-0.0221592989265559,-0.116788159901979,-0.160724861759433,-0.470760543565307,-0.103190420085535,-0.0355722776003724,-0.534315887779099,-0.153766728730787,-0.0546265665448591,-0.0190504647833731,-0.0337440151958211,-0.0898007608072965,-0.0543305070723842,-0.588317444810265,-0.0962774747896627,-0.00109630520958479,-0.033213957135403,-0.473591816227249,-0.0280237178882699,-0.0343650965642254,0.000165137872358514,-0.125996561907,-0.264547712446882,-0.233985507955969,-0.318464630101236,-0.232040047066769,-0.059296493134857,-0.0734638978754118,-0.00655672070851075,-0.246301416130568,-0.298057037287855,-0.583595275145639,-0.075370693783918,-0.39016907515852,-0.508273551538662,-0.203865154972572,-0.287351732452804,-0.479343557830153,-0.436492633982143,-0.566223675322585,-0.403809530997165,-0.164203548057279,-0.0302338568314256,-0.422447856200825,-0.281039414899784,-0.59618093575712,-0.514801915050523,-0.528744108638601,-0.258160001996182,-0.15139375385518,-0.205154999537068,-0.176262699559195,-0.400759877985283,-0.0710347014966284,-0.0860028811255494,-0.16556643638421
"X_Cynodon_dactylon",-0.307296497336987,-0.601739584470044,-0.240176335336045,-0.480933911309455,-0.11701292638322,-0.383198936783576,-0.414260389736039,0.0289847471614601,-7.16524964967835e-05,-0.429381703196257,-0.0132129282245912,-0.116374997250287,-0.53875068738146,1,-0.0173872521569216,-0.100794363632674,-0.500304222969295,-0.0527669872271149,-0.556829107878911,-0.363202480254542,-0.325108869623449,-0.489347343972147,-0.129351813656093,-0.0668843670137996,-0.0449900038707052,-0.168979472280738,-0.0609172918076641,-0.105957627469896,-0.426566715179841,-0.301903349276169,-0.175059378844301,-0.472610352559179,-0.137732515558406,-0.0168506562099256,-0.193495475525502,-0.624335617904007,-0.324341965668666,-0.0342155302486529,-0.152472632951152,-0.146242040313462,-0.690236471230754,-0.257973694396213,-0.136526281263604,-0.0471834964806488,-0.0322226221538506,-0.162055501713144,-0.5128701963166,-0.206019434749294,-0.395999382289214,-0.110943866361044,-0.224594457260417,0.0228676378042714,-0.255907755219092,-0.13794983118625,-0.0391420868975565,-0.0909369166273658,-0.131511925025522,-0.0174768402331732,-0.0607148455384238,0.0451129307038126,-0.0745665367825163,-0.386402032829176,-0.372902047618712,-0.224751987669906,-0.227218248126866,-0.183590956916777,-0.010943492206428,0.0119698879652024,-0.144076951663987,-0.040344160120023,-0.0247935891200568,-0.131531820920932,-0.0611894785156648,-0.320771299105628,-0.388382407832107,-0.0669180535989495
"X_Cyperus_sp_",-0.376709323023344,-0.783820336318175,-0.248843785183725,-0.601509673927084,-0.174132744577051,-0.0518934623555063,-0.633315004152265,0.0327360625622201,-0.0942444310439648,-0.442070004080573,-0.0412705807134196,-0.658170861069801,-0.424818031251061,-0.0173872521569216,1,-0.376015182438772,-0.84922938849667,0.0311163187990882,-0.810392800389747,-0.392075104138196,-0.500498248911279,-0.875286881609087,-0.0794933724965264,-0.00364620983083196,-0.144765554678615,-0.133944497673442,-0.00523591542549313,-0.00278396232407686,-0.66455313558791,-0.152167083418179,-0.212155006289083,-0.637592588502648,-0.0574967735504993,0.0380197423800365,-0.187275263707466,-0.489217107639839,-0.523702125956633,0.00811405677436785,-0.110154375491252,-0.109174740342458,-0.657852486944736,-0.0397548859084254,-0.0684294836518266,-0.23791007002303,-0.00769054749958227,-0.473704344202937,-0.816921048875326,-0.240086607496287,-0.393397880593463,-0.032474000163056,-0.668645247217128,0.0416192956629424,-0.134309827239017,-0.589543400999924,-0.396817534131254,-0.0896767821397235,-0.212621821187944,-0.293800697682531,-0.195743575804313,-0.000626637157114066,0.0135102309683052,-0.726620479113071,-0.526177836073087,-0.470983078517358,-0.674291463959925,-0.057939714187764,-0.00930410612293693,0.0688882544684561,-0.381271817541044,-0.0011958505402065,-0.109828303592564,-0.257996433797315,0.0294692436093543,-0.593834817304063,-0.595306463753231,0.00348633836436728
"X_Ehrharta_calycina",-0.0105738212363375,-0.0703634041108269,-0.0708934748687243,-0.0993293856393982,-0.015652540722926,-0.591019437814867,0.0149094281683616,-0.354054315388594,-0.0541011348512103,-0.165902118401447,-0.128277191468726,0.0507995148220773,-0.195738763641614,-0.100794363632674,-0.376015182438772,1,0.0260482833540788,-0.56908827328931,0.000505766625065597,-0.398733153843658,-0.00642407188986047,0.0374661222091692,-0.11563532993233,-0.386516931478664,-0.0147781680718087,-0.158685079953302,-0.430048903246502,-0.27441712129489,-0.0298033289557508,-0.214015635434438,-0.0710643383954442,-0.0246551983103287,-0.126719050768356,-0.499140940540916,-0.14333776570844,-0.25942396771884,-0.000496526718069296,-0.425838995906848,-0.0871306004326906,-0.113279080744577,-0.302742480598288,-0.436803676298677,-0.189547350565984,-0.0077907762947446,-0.204001693755649,0.0187096352769436,0.0171224004990069,-0.0906132892922828,-0.0883483467120521,-0.351203185432855,0.0498435471592102,-0.509200717589453,-0.22995456995117,0.0193713813652582,0.0235939045825246,-0.161261753317766,-0.0582026198653495,0.0122443116453837,-0.0156461211106201,-0.278329725396923,-0.402697793393411,0.0248761909569006,-0.063185702674575,-0.00314705485552388,0.0152372944332458,-0.536235304524521,-0.169739443473061,-0.577122928668152,-0.00689302855790655,-0.160053352576473,-0.0563798667075476,-0.028507417624343,-0.474655712514653,-0.00139337749641212,-0.0546334168353382,-0.205518692035124
"X_Ehrharta_longiflora",0.0379827072890204,0.150354605476102,-0.0801747901821687,0.0609343351572408,-0.00959737719990522,-0.615701843608458,0.409817739096045,-0.771380354629606,-0.338866475803566,-0.0593029248384479,-0.43837748912009,0.261889584273674,-0.0935963939982798,-0.500304222969295,-0.84922938849667,0.0260482833540788,1,-0.893561838222697,0.485495691933208,-0.437880226733736,0.060878722140197,0.811887229288667,-0.241746825220803,-0.842727155293041,-0.0600314036765222,-0.191681057671877,-0.8765536527486,-0.450565133526728,0.0316826009010742,-0.161884560711151,-0.0407880943804222,0.337007594237276,-0.216164318508611,-0.862791224700926,-0.217010683759064,-0.106198856976307,0.0764749401164185,-0.883983250632344,-0.112479258805439,-0.0995579186863983,-0.0844347139908376,-0.552955254495459,-0.398755676149817,-0.112151190867244,-0.66946813717766,0.0970790848770357,0.588657539266527,-0.13322835706252,-0.00802160568779378,-0.687253902073959,0.404796467706873,-0.919996416089438,-0.335385087426866,0.0943157764639315,0.0224782529415868,-0.420468529415557,-0.206519927462829,-0.05977818057315,-0.142817395318828,-0.674063573254696,-0.83686396879654,0.612644135109355,0.225750146477825,-0.00375785428222011,0.0725924494864785,-0.782391967761225,-0.538544338833641,-0.894412139514447,-0.112676680273588,-0.432228347110045,-0.17606537033952,-0.052908674659756,-0.764821609456466,0.174205863942595,0.314455799124368,-0.374794852439303
"X_Epilobium_ciliatum",-0.575943533188253,-0.862374835967409,-0.354812800061262,-0.682055325425228,-0.285669396046017,-0.0781035432710503,-0.776292900582483,-0.0728702020647692,-0.349055023861669,-0.547585439376707,-0.234152767519717,-0.916557727352089,-0.628160633503996,-0.0527669872271149,0.0311163187990882,-0.56908827328931,-0.893561838222697,1,-0.887729970587623,-0.0548666944236937,-0.690065348475179,-0.933080408482352,-0.257467508909182,0.00402007112602654,-0.280982490039778,-0.181665479881716,0.0271672326983931,-0.016958980576442,-0.872547194669822,-0.248476300193203,-0.222341919565987,-0.788300475339374,-0.120630961485846,0.326434103764668,-0.218960930375819,-0.719382349491653,-0.73059569213511,0.0773415318517694,-0.211412174571264,-0.243022359105149,-0.81308078051477,-0.0727192216749009,-0.261531118082158,-0.461578896782496,-0.00067104901068893,-0.645883909054788,-0.89185536703074,-0.360206166825825,-0.60558715569279,0.0272296152020761,-0.840278747487188,0.15526982130514,-0.227522081209187,-0.759056097116102,-0.585579624954832,-0.0168849641743831,-0.201891352495033,-0.565324868111288,-0.212120998047462,-0.21741393273158,0.0332718589947125,-0.750084832002525,-0.493748994620992,-0.51827433956839,-0.887786977835564,0.304246746057332,0.0330299652045592,0.361988400654413,-0.70446164832558,-0.00756639446492327,-0.346143675973115,-0.29608284927,0.269929071439891,-0.633625378102967,-0.536812156580183,-0.0185344133485593
"X_Euphorbia_peplus",0.031475066135485,0.148671299290236,-0.0817268114758373,0.0654246009056442,-0.013804933726364,-0.507804598390791,0.296227090865254,-0.773815902749897,-0.406212681022668,-0.0331035449905344,-0.457343559906737,0.106565214608938,-0.0443716254473888,-0.556829107878911,-0.810392800389747,0.000505766625065597,0.485495691933208,-0.887729970587623,1,-0.458027366074498,0.0577143793357827,0.488790407348371,-0.227966895649513,-0.80112342045163,-0.071608256948415,-0.127904042542656,-0.822869093385245,-0.397082285999703,0.0289075916871032,-0.112954624066237,-0.0316931109821071,0.253473456030595,-0.189396955720856,-0.847182955106905,-0.189353212480658,-0.0291662566102615,0.0676096182796107,-0.877446950787411,-0.085047851641506,-0.0610562072706795,-0.012279185158435,-0.451876179086339,-0.379467279991959,-0.151281631644169,-0.617185024770442,0.0381609718452025,0.427036640229802,-0.120410657261174,0.0138797533027955,-0.650751064825777,0.245160530794897,-0.912669706054504,-0.290659412121449,0.0357755560457893,-0.146036263921202,-0.426353950555058,-0.238532459451307,-0.18282919574967,-0.253536863781061,-0.684883638979411,-0.819254102806414,0.334847169679332,0.166442273093537,-0.148561539930001,0.040252048862011,-0.800698389545733,-0.597713295692763,-0.870790528673814,-0.161758221846908,-0.399759104029265,-0.179114119522824,-0.0900969975565266,-0.737039137542947,0.144294082660451,0.202306443819515,-0.345156974875994
"X_Ficus_carica",-0.183561300692209,-0.41738839959319,-0.224986174970778,-0.289873111753996,-0.182214471513045,-0.403110767792778,-0.449772864502454,-0.749235512383493,-0.710960121113778,-0.211060517178807,-0.536839518069859,-0.835977253151731,-0.342912152059929,-0.363202480254542,-0.392075104138196,-0.398733153843658,-0.437880226733736,-0.0548666944236937,-0.458027366074498,1,-0.327283861670387,-0.536381990306275,-0.410283736168856,-0.225972090428588,-0.278689090901174,-0.157397732314289,-0.250624482766933,-0.200092046309702,-0.565524763406902,-0.223585713960866,-0.0875238207385198,-0.632365324424034,-0.116893019560867,-0.0746608154612983,-0.123904124088624,-0.386531315683314,-0.408653784136967,-0.151835067267413,-0.182900866910491,-0.214921407447402,-0.477596137216822,-0.337903021536796,-0.579968935866544,-0.478434128207123,-0.272985331477376,-0.468553223529895,-0.468029098148454,-0.289653555916963,-0.264836112697993,-0.063736562939687,-0.612199430122634,-0.469082932081038,-0.308481537744844,-0.5616929955457,-0.577425930046628,-0.0322642577210662,-0.119181822761294,-0.618744620297691,-0.18736141856359,-0.809022578082398,-0.472713576636248,-0.332579001925208,-0.205466901961242,-0.277849177372976,-0.655105778272711,-0.0291686334227006,-0.102803619534572,-0.327785105561527,-0.652071501439489,-0.168082548728572,-0.494290885378754,-0.115673953761763,-0.100722100989362,-0.257303590199965,-0.17605134374107,-0.249603954765888
"X_Galium_murale",0.00694944183218988,0.0337748606421749,-0.0402329754609165,0.0112928515036903,-0.00457225529508043,-0.341647959086779,0.0437762811256553,-0.532526392766732,-0.184002466842377,-0.0239088578789077,-0.262045479718354,-0.00862375627544766,-0.0221592989265559,-0.325108869623449,-0.500498248911279,-0.00642407188986047,0.060878722140197,-0.690065348475179,0.0577143793357827,-0.327283861670387,1,0.0607763079912131,-0.108392738176314,-0.530147893423333,-0.0347789568387796,-0.0741133966110291,-0.534751679464107,-0.248847100532859,0.00595666747544624,-0.0695966605254987,-0.0211199279382449,0.0437489092163907,-0.0907981121385583,-0.620981536308123,-0.107881042416516,-0.0199312450037092,0.0135245469711659,-0.579362254664084,-0.0357690606197801,-0.0371293637348089,-0.0237738862227891,-0.278076245698532,-0.211695041744362,-0.0611012033155207,-0.337750760402932,-0.00260253307391401,0.0623051114269084,-0.0553946894496771,0.00173239655743337,-0.349403882548439,0.0250980124416024,-0.678253137702493,-0.128800817343977,-0.00558460216211477,-0.0784299500411464,-0.225656102087425,-0.134837369457726,-0.0862229447270256,-0.114863332351306,-0.468045563855478,-0.515689714203695,0.0463513653130939,0.0204092406340074,-0.0663148889594167,0.00882592506582487,-0.629043390965828,-0.351225020540898,-0.672021579895398,-0.0588108246023848,-0.202924960514323,-0.10222776270215,-0.0424776131083142,-0.520165550602972,0.0183245072252868,0.0187547495634513,-0.209150044404604
"X_Geranium_molle",0.0371668845579871,0.133062466382386,-0.0800264116867787,0.0489747019801402,-0.00825007968420083,-0.647996725703638,0.41606570619548,-0.759272662117657,-0.295340153440427,-0.0970797206179712,-0.405099666748991,0.336917731461086,-0.116788159901979,-0.489347343972147,-0.875286881609087,0.0374661222091692,0.811887229288667,-0.933080408482352,0.488790407348371,-0.536381990306275,0.0607763079912131,1,-0.227186145124941,-0.860428004673471,-0.0553210442045724,-0.207133161945325,-0.888437400857781,-0.457535979601027,0.0412407668154742,-0.179050363007606,-0.0506028307899965,0.344253359237449,-0.22771268988465,-0.893711298673245,-0.23617328256237,-0.130951455797312,0.0764838808736103,-0.914896208282885,-0.127800297751775,-0.113925886786856,-0.101588701971899,-0.584728542677871,-0.381727122832505,-0.100655666076992,-0.647487800732388,0.129996991091277,0.600686116086179,-0.129550317616274,-0.0173608948259292,-0.749019156515593,0.446560602289086,-0.945069448749137,-0.362734137955931,0.111805816535629,0.0512937653426462,-0.471699203302413,-0.207333645631159,-0.0321127405364004,-0.124662621139618,-0.666966636173632,-0.858886589243205,0.605107675503257,0.167865637567938,0.0075313342170304,0.090156009034279,-0.835828240561765,-0.540139854199005,-0.91789696500072,-0.0766271922504607,-0.436969980749691,-0.164214546685131,-0.0636199865048224,-0.801596418470428,0.17079633808354,0.242805767629979,-0.378586813318604
"X_Grape_Vine",-0.0910245352791082,-0.246489558789525,-0.083623863646175,-0.222152376404544,-0.0361016753952274,-0.128816968630827,-0.156334083469433,-0.0741167053516683,-0.0853936439569861,-0.171417631183055,-0.0652093836378285,-0.240321844735348,-0.160724861759433,-0.129351813656093,-0.0794933724965264,-0.11563532993233,-0.241746825220803,-0.257467508909182,-0.227966895649513,-0.410283736168856,-0.108392738176314,-0.227186145124941,1,-0.127198366758848,-0.0427400323595178,-0.0725696374832838,-0.135539847163364,-0.0482445503654838,-0.133918392927183,-0.0634643309286642,-0.0743799370280468,-0.150992615578808,-0.0243435329950792,-0.190858615858342,-0.142994457489162,-0.165059047694948,-0.114841111111293,-0.152808843621983,-0.0193241497572584,-0.0257489958129878,-0.222789423583775,-0.0717319097143861,-0.0426020439185325,-0.0786702914168867,-0.063076519214192,-0.123037316518041,-0.224094197872304,-0.0781330757518297,-0.119987968758778,-0.154819713698955,-0.199198592075088,-0.149727503813083,-0.0694590950139349,-0.210783113693563,-0.215530003842418,-0.130978738621572,-0.121707550143668,-0.18122607051788,-0.152807908639028,-0.0960192629981066,-0.0846428579350013,-0.226549302993355,-0.243154743954843,-0.211413857879728,-0.164941090730146,-0.301513871976951,-0.132386100294765,-0.131452985393884,-0.107484921854512,-0.0621951703760223,-0.0300430553979579,-0.101335792606377,-0.177684979149492,-0.171372913821772,-0.274476210702868,-0.0360874768943191
"X_Holcus_lanatus",-0.402916131744276,-0.7348029144648,-0.238314568087282,-0.593364199385041,-0.186264094711621,-0.173852393607685,-0.661187503342876,-0.102293049817747,-0.193392955020047,-0.381821050646464,-0.105367405001713,-0.751953275988811,-0.470760543565307,-0.0668843670137996,-0.00364620983083196,-0.386516931478664,-0.842727155293041,0.00402007112602654,-0.80112342045163,-0.225972090428588,-0.530147893423333,-0.860428004673471,-0.127198366758848,1,-0.174114563690401,-0.135564962347331,-0.0167735506109773,-0.0316359077917649,-0.699854267447713,-0.207392305188909,-0.167428159315503,-0.663569486982893,-0.0869967320033243,0.0105801980608096,-0.161495553524597,-0.545117391961546,-0.492868019641445,0.000497411924841762,-0.12156313404539,-0.131865672919656,-0.714970007284169,-0.107579233953772,-0.150348982382503,-0.285365998520468,-0.0146025189344497,-0.468358018150778,-0.831140727488702,-0.277849780330106,-0.407257931580498,-0.0214112073197456,-0.719421153011262,0.00845674066231499,-0.185491550075658,-0.552700824331114,-0.444514220722187,-0.0605465689176419,-0.163541534773691,-0.401440153496289,-0.173365694136763,-0.171928818684517,-0.0168378416282008,-0.698075787987074,-0.440925710118228,-0.434572181965231,-0.674201105754557,-0.0414827282895927,-0.016061882763178,0.0118697032266495,-0.360870195071639,-0.0132525302662421,-0.19803583819109,-0.229764161085223,0.00693569123215381,-0.522584394397474,-0.504637463629381,-0.0213758621008793
"X_Hypochaeris_glabra",-0.0437610498963001,-0.10667272062149,-0.0570611869757031,-0.0952783303820797,-0.0144840225783825,-0.254972668507699,-0.0467379180410583,-0.136805178466799,-0.0270781697130448,-0.104172966013392,-0.0551637430103588,-0.0201289586411141,-0.103190420085535,-0.0449900038707052,-0.144765554678615,-0.0147781680718087,-0.0600314036765222,-0.280982490039777,-0.071608256948415,-0.278689090901174,-0.0347789568387796,-0.0553210442045724,-0.0427400323595178,-0.174114563690401,1,-0.0675682812274947,-0.158106555492197,-0.102497277012934,-0.0383953355659641,-0.110516532096464,-0.0490904937528488,-0.0623204650496398,-0.0679775088449886,-0.210543722691732,-0.0701665067447399,-0.166119108860985,-0.0357471151412895,-0.184036153646032,-0.0447192839457888,-0.0546608976190869,-0.170446579775784,-0.174036903441479,-0.0808362507859334,-0.0104174390423309,-0.088044115035936,-0.0182792591685518,-0.0649345693847551,-0.0453911597157195,-0.0725987464361257,-0.167157926172886,-0.0309122305675913,-0.206540150168132,-0.103666879918898,-0.0205051037224039,-0.0177125965893858,-0.0855158392267579,-0.0568398937784317,-0.0201622786051022,-0.0278053019065898,-0.107148385537848,-0.161652115666307,-0.0648587735680686,-0.107011338932364,-0.0612394194986284,-0.0231760135008982,-0.28662075707648,-0.0829743493596822,-0.226549900599569,-0.0179616916239916,-0.0664932067552424,-0.0215714000328126,-0.0500320573253848,-0.208619929078894,-0.0574993248050256,-0.113274639124893,-0.084202617127533
"X_Lolium_perenne",-0.0285825084283248,-0.0810749304079603,-0.0487719726005127,-0.0812884747733611,-0.0317936897085296,-0.0822716621655295,-0.117917910434464,-0.24500624818851,-0.171661799134146,-0.0437734689636012,-0.167924864248778,-0.367987590067794,-0.0355722776003724,-0.168979472280738,-0.133944497673442,-0.158685079953302,-0.191681057671877,-0.181665479881716,-0.127904042542656,-0.157397732314289,-0.0741133966110291,-0.207133161945325,-0.0725696374832838,-0.135564962347331,-0.0675682812274947,1,-0.123723716704384,-0.0629173938720356,-0.0917806827358782,-0.0250513027896488,-0.0308355768208429,-0.105896009145032,-0.0257136756083953,-0.17659528284441,-0.0641945338440623,-0.0355232205435932,-0.0735388423674653,-0.139167962737233,-0.0200272556778993,-0.0264659951030998,-0.0529769693436136,-0.0655288520912774,-0.118629011003763,-0.154033512450211,-0.085681944409553,-0.196653520755951,-0.147963511053978,-0.0482022145656266,-0.0278020711745302,-0.0922962230225727,-0.262207948830223,-0.184029033663299,-0.0435047080361102,-0.281918585013072,-0.312709803647352,-0.09081714308541,-0.11561463215379,-0.296900687041548,-0.216574628668064,-0.27240515384882,-0.140905506360706,-0.213284411324838,-0.0840646357301872,-0.267542715853985,-0.248663674813713,-0.169359107862532,-0.185956706312724,-0.190772963887238,-0.146347007339196,-0.0516509400242917,-0.122480248831338,-0.103093377427836,-0.128260973629373,-0.133774901184613,-0.146165337197303,-0.0702770860756177
