"","X_Arctotheca_calendula","X_Acacia_longifolia","X_Avena_barbata","X_Briza_maxima","X_Briza_minor","X_Bromus_diandrus","X_Carpobrotus_edulis","X_Catapodium_rigidum","X_Cirsium_vulgare","X_Commelina_sp_","X_Conyza_bonariensis","X_Conyza_parva","X_Crassula_alata","X_Cynodon_dactylon","X_Dischisma_arenarium","X_Ehrharta_calycina","X_Ehrharta_longiflora","X_Euphorbia_peplus","X_Fumaria_capreolata","X_Galium_murale","X_Geranium_molle","X_Heliophila_pusilla","X_Hordeum_leporinum","X_Hypochaeris_glabra","X_Lactuca_serriola","X_Lysimachia_arvensis","X_Moraea_flaccida","X_Paspalum_distichum","X_Pelargonium_capitatum","X_Pennisetum_clandestinum","X_Pentaschistis_airoides","X_Petrorhagia_dubia","X_Poa_annua","X_Poaceae_sp","X_Polypogon_monspeliensis","X_Romulea_rosea","X_Rumex_sp","X_Solanum_nigrum","X_Sonchus_asper","X_Sonchus_oleraceus","X_Stachys_arvensis","X_Trifolium_campestre","X_Urospermum_picroides","X_Ursinia_anthemoides","X_Verbascum_virgatum","X_Vulpia_sp","Acacia_saligna","Anthocercis_ilicifolia","Austrostipa_compressa","Baumea_articulata","Baumea_juncea","Caladenia_latifolia","Carex_fascicularis","Cassytha_racemosa","Centella_asiatica","Cyperaceae_sp_","Daucus_glochidiatus","Dischisma_arenarium","Eucalyptus_rudis","Gahnia_sp_","Geranium_solanderi","Hardenbergia_comptoniana","Hibbertia_cuneiformis","Hydrocotyle_sp_","Isolepis_cernua","Juncus_subsecundus","Lepidosperma_gladiatum","Lepidosperma_longitudinale","Lobelia_alata","Lobelia_tenuior","Melaleuca_rhaphiophylla","Microtis_media","Myoporum_caprarioides","Persicaria_decipiens","Podotheca_gnaphalioides","Pteridium_esculentum","Rhadinothamnus_anceps","Scaevola_crassifolia","Schoenoplectus_validus","Sonchus_hydrophillus","Sowerbaea_laxiflora","Spyridium_globulosum","Tetraria_octandra","Thysanotus_multiflorus","Trachymene_pilosa","Tricoryne_elatior","Triglochin_centrocarpa","Unknown_climber","Viminaria_juncea"
"X_Arctotheca_calendula",0,0.0572035904949766,0.0703452740287526,0.104916649595162,0.0364814280841935,0.0841502014480175,0.0606951669369276,0.0494863183552646,0.0790976004918633,0.0414029019777976,0.0342038159147608,0.0290964108673346,0.0745983318885317,0.0447882909545553,0.0769764011431405,0.0295449084986064,0.0698355905938616,0.0685837499533406,0.0765912943249965,0.0768437281651026,0.0781765067525265,0.036509609340527,0.0649761593448746,0.0257786936913726,0.0498205908232504,0.0749166552976437,0.104268837382274,0.0742620701169152,0.0730619546771536,0.0400130058432125,0.0586807058068411,0.0751262926076382,0.0223223810505991,0.0625452982540619,0.0366376175846188,0.0456887647396987,0.0438980019894811,0.0494416866772736,0.0475508520623767,0.0558336898689277,0.0254923283734779,0.0758820984410796,0.0601035401908111,0.0546040042095233,0.0475956958835192,0.0382729823481481,0.0731717929208583,0.0340673144564855,0.108117665491619,0.0556565017917387,0.0581541794378709,0.0866910056186103,0.107142987555222,0.103603921641704,0.0975464472294037,0.0347188523857556,0.110416054368713,0.0773378700973984,0.0440540161927346,0.0372953588116912,0.0523141848493466,0.0829454876700018,0.103022137581162,0.0348014383047866,0.0729961895199043,0.0326691417282452,0.0506878328812664,0.0855897750780411,0.0324663258475373,0.0795941184986068,0.0390677368832718,0.098563702488611,0.0835010632791478,0.0621900704680963,0.0801178997538521,0.0979267556868992,0.105092816415863,0.0581730588409584,0.0599105354479354,0.0465422711661129,0.0864851983361631,0.0519301036415233,0.0443395430190281,0.085931846047795,0.0738200478822422,0.0806088332552022,0.0943213002231702,0.0552748258962475,0.0896253098882109
"X_Acacia_longifolia",0.0572035904949766,0,0.157917066185933,0.219114464110368,0.0804948195952921,0.165750894687685,0.127864194164526,0.107883430550509,0.188061952394182,0.107791348060103,0.0714686293750355,0.0589744235911144,0.156695466854792,0.0933592276258804,0.167078024645413,0.0555892471461023,0.140501719320667,0.146136735083414,0.162180158079529,0.15763573284357,0.151333109401582,0.0805795347824164,0.135325640177192,0.0556143547514808,0.106117449706665,0.152229867715546,0.194806667294909,0.165198580412467,0.167862957978058,0.0786455085078906,0.123841070316132,0.149223915608262,0.0468003157255408,0.124498175188942,0.0729658221796892,0.087732794561126,0.114383982327126,0.103591068654327,0.0942338449904493,0.118227817531211,0.0513748921939004,0.146211054250685,0.136991253723804,0.0962431819969461,0.0891265670377521,0.0774382700852269,0.16785241824114,0.0763277981089432,0.22790795379903,0.107800091436537,0.122902196692664,0.161576102578581,0.247873255255079,0.227805687646235,0.231929420491405,0.0770008856243727,0.229720788839628,0.163993576009796,0.0950219839744921,0.0718412930007348,0.096133777722992,0.164411435033202,0.233000589337915,0.0762329172546682,0.148446629427575,0.0611302368555043,0.105114333330266,0.194372057282158,0.0674542189719024,0.172212247100534,0.0778162930221739,0.223731946924164,0.193635255590324,0.128613109030799,0.154104867071932,0.209401570764344,0.239652379443237,0.118632926178207,0.139592665534647,0.0947572575584278,0.164066464019167,0.096078255133539,0.0936513807500905,0.172091391442478,0.158806030211897,0.160962011795457,0.205220861572606,0.108648705491223,0.196449178101295
"X_Avena_barbata",0.0703452740287526,0.157917066185933,0,0.227401965370556,0.151256968846879,0.190138854225509,0.174945074714415,0.136616505494076,0.201228003581421,0.165859331331067,0.116668884063837,0.105051999111626,0.1686656373096,0.133493561197831,0.147553536472704,0.0904679338707284,0.19781250163195,0.193679256545231,0.162580535119726,0.178523906453038,0.193742876947342,0.146803836127427,0.213701075952356,0.0993520382963184,0.17751377125254,0.16321930299177,0.242157396642264,0.225001867406046,0.136492261785572,0.143595930650936,0.177443700289077,0.217254711685473,0.0793632458947649,0.16909021917481,0.139094160085823,0.17065451106037,0.17048818073273,0.162117402762065,0.137375409644517,0.16587277399961,0.0982964601635114,0.178875979050926,0.175339676318635,0.184829723902231,0.186550048874754,0.0914245350165024,0.149755971101278,0.149893348188431,0.268373803384465,0.190437176232178,0.129467875512036,0.192484791310216,0.2438395818299,0.225533317302223,0.198695209261836,0.118327239058098,0.265997417534813,0.145720039371372,0.0955467652655918,0.151974543807601,0.134053203363977,0.20022495244115,0.24288751697184,0.151869023076267,0.205954197920055,0.0849706428788833,0.119127848751944,0.1863280891971,0.120426999330851,0.221021574317109,0.0986711339069818,0.225001480596378,0.196010148795092,0.170447905269228,0.218735121612129,0.223062192747685,0.22358158083306,0.168733915611405,0.181439148091059,0.171151162126338,0.199462075662682,0.139516661928731,0.129562124333317,0.230755765355028,0.177706371812438,0.229311456943356,0.234943628714623,0.168695646076954,0.210044952134527
"X_Briza_maxima",0.104916649595162,0.219114464110368,0.227401965370556,0,0.146153539062563,0.18515659275632,0.202881948163962,0.181146432798275,0.175704447238335,0.164043064442346,0.12273522626588,0.115377875558158,0.218678926779707,0.171381965544912,0.228919414974758,0.0977261624122718,0.24663456491126,0.223038086347157,0.222759260439312,0.244261624491505,0.228781844679133,0.123328785008467,0.214459135581338,0.0972774933761748,0.192310587195783,0.242698696859607,0.202392040393456,0.231916050710808,0.182035848080787,0.14981250128791,0.203431472813441,0.230929166676123,0.0884293709217491,0.205563418249445,0.140581435039836,0.143569534035816,0.20766818110859,0.172542519086405,0.170437486443586,0.229197709381471,0.111016417262374,0.191535998490878,0.22857593414234,0.205817523746043,0.174974312585938,0.131382786803425,0.159377937719463,0.132200947333543,0.189128458991258,0.210452594850823,0.173494563551165,0.220182707329112,0.131363167433919,0.120374927907617,0.140025360572287,0.123408707561701,0.163641043673026,0.2192047019304,0.125577049926205,0.139001285045604,0.18984116718238,0.164317815945534,0.182361485419368,0.125537339883361,0.208371673550923,0.0973292230473221,0.101618561403086,0.134297488302964,0.118057512484642,0.253949166601566,0.128349922861466,0.166084830712675,0.141861042737031,0.176473628128771,0.223304786946163,0.13470876753856,0.13293886436791,0.197752017330248,0.198209765222183,0.179621678377329,0.204869118446127,0.163775373927593,0.181668284733208,0.236524770709918,0.269492208899026,0.292367883740217,0.176253772060315,0.19356475670149,0.153376104066761
"X_Briza_minor",0.0364814280841935,0.0804948195952921,0.151256968846879,0.146153539062563,0,0.118751830067471,0.113024631203256,0.0757040483747992,0.134593614772045,0.0847297815071517,0.0729152678865692,0.0640295646183689,0.196592982980674,0.0722486384854222,0.197767872686813,0.0508189060150774,0.117732728773309,0.128716485878613,0.198452003303981,0.187410722877941,0.169949197412053,0.0949760720094005,0.153316944059561,0.0566587791394845,0.109095605761079,0.198451486124192,0.180383261236362,0.17036547592377,0.169917684338175,0.0843454163379515,0.0820927318343599,0.142497423506965,0.0464136325527914,0.12176840317339,0.0906709847213476,0.119342001462766,0.0878777608969382,0.114180444504647,0.0788944588796983,0.0952644149623091,0.0578947310181167,0.130538681406564,0.0921709571998663,0.113273427810488,0.122474957839471,0.0582184402555928,0.136246869517928,0.097186378628492,0.159390942108227,0.125705869635674,0.113624327419847,0.19532265874329,0.162694561812981,0.141425249348654,0.172164356941244,0.0608099560349233,0.157772904091062,0.199305190687375,0.114194995270099,0.10059738579982,0.0810855182810703,0.14685661816564,0.149224236248095,0.0954498435358319,0.179114117302627,0.0574901413589397,0.0669076229533882,0.134057151193397,0.0734231786871048,0.126206020904275,0.102374691354541,0.158220667846897,0.119829330999949,0.115494536873849,0.182498114536979,0.13397521359523,0.165015876200018,0.118893606562457,0.0896376747682215,0.102329270454205,0.201417996380775,0.107268546092754,0.0647428750063633,0.147312449237449,0.170379104986469,0.161166368298581,0.157227643638758,0.13027986699685,0.140968882734831
"X_Bromus_diandrus",0.0841502014480175,0.165750894687685,0.190138854225509,0.18515659275632,0.118751830067471,0,0.164925607522154,0.143652017650056,0.172379308571565,0.118804266867989,0.0955929733078284,0.088681171990096,0.19401729085589,0.121452590239263,0.203175576684328,0.0784717328141679,0.195126757102664,0.19074977824286,0.195729926051098,0.212154901055106,0.195186937778568,0.101643480224216,0.185787911753687,0.0780139429857456,0.144195207158553,0.206219760643545,0.2053667883141,0.195501863717479,0.172993575732439,0.109574069596129,0.151499735327121,0.191332769189479,0.06951918170815,0.164800933957357,0.117514628686128,0.114959107989048,0.151189653500472,0.14381062284437,0.133790803585358,0.172535013402469,0.0800816119390369,0.173797538957823,0.16946279721857,0.165967422675015,0.132428916234963,0.105591705972737,0.153675654376103,0.0989695983679776,0.200420294222644,0.167639026447377,0.144400974408197,0.205836484046315,0.18132950938354,0.170478737957405,0.173059086791716,0.0920246207401683,0.195925970309036,0.199676340559915,0.11297171311375,0.11099064539529,0.144489336067594,0.16316829333079,0.193706605629764,0.103190203198345,0.174721054256561,0.0843036125716678,0.0998245445044536,0.155014350641069,0.0870889009365842,0.206886513072933,0.10791977400197,0.183257918517967,0.155108134517232,0.155876988435973,0.203140054511311,0.166350241613532,0.177593670728298,0.156194890063545,0.148248528195866,0.13353059427767,0.200457239219483,0.131351811585304,0.12860842523069,0.204030264391025,0.219891079289405,0.232158499767398,0.183261044867061,0.15522712637596,0.168646977339479
"X_Carpobrotus_edulis",0.0606951669369276,0.127864194164526,0.174945074714415,0.202881948163962,0.113024631203256,0.164925607522154,0,0.12276162521606,0.191330785487062,0.119930914842826,0.106670366560471,0.0859212885751315,0.180538355624517,0.0897753299573495,0.191110699476869,0.0672944626571178,0.15573175237018,0.169445061705866,0.186029753645936,0.170626723044301,0.167008551512253,0.104296200976964,0.166777815973327,0.0779100697608762,0.139148547251865,0.173600371328764,0.195761503196274,0.189648991907162,0.183572564057885,0.0990057915236767,0.131617829283216,0.172964398523328,0.0603202519908519,0.142737943093999,0.105415771557756,0.125795444516571,0.124374981462804,0.145167741160383,0.113816662201536,0.140384858636366,0.071117414812717,0.153313003102721,0.130518950792089,0.15021517315382,0.142000093032238,0.0839175292599851,0.171072491604642,0.111665248984654,0.226872421664736,0.164729087154304,0.136300752896985,0.177038460369223,0.229926676383402,0.211592221414711,0.226743833021519,0.0886160510155458,0.224954453460705,0.188098685346934,0.110770315736159,0.114569742908717,0.114530220825691,0.157641634424712,0.225870302408736,0.118296705958654,0.189649662868387,0.0913782963523793,0.104928057833001,0.189337631198272,0.0810919090028733,0.191583451812679,0.0982291347028874,0.224321517319407,0.183638562088368,0.159916946145137,0.186165851161414,0.190322588168516,0.234838574940012,0.144077796227703,0.124359847472908,0.12607075038652,0.177740548861705,0.114335418972429,0.105981290805202,0.18460907860084,0.176482960894198,0.184822427748073,0.192902359822081,0.139095017277191,0.186634276599805
"X_Catapodium_rigidum",0.0494863183552646,0.107883430550509,0.136616505494076,0.181146432798275,0.0757040483747992,0.143652017650056,0.12276162521606,0,0.153150178780772,0.0815253045875686,0.0758979563974743,0.0577946118958945,0.159808811640059,0.0735676113086239,0.162069033489926,0.0495176293875481,0.124224257633519,0.138527942080815,0.164400231127298,0.164221821968538,0.155884389611699,0.0693319222812799,0.146539587633305,0.0514650264555475,0.104531093307883,0.167490718167121,0.196686483019977,0.172177945516275,0.144638958004576,0.0638672792350042,0.105344882897512,0.151654779708864,0.044121760329013,0.124855205835193,0.0756408922514276,0.0880709743801453,0.0840115485855007,0.113000148814653,0.084844287106224,0.104577221860692,0.0503274487575893,0.138899019012024,0.10620374619027,0.11512389439471,0.100465507427874,0.0727567471738979,0.138766974572862,0.0718399202255383,0.194133855214401,0.112280090424774,0.107190881917105,0.181118842872648,0.197901750812417,0.190200811347117,0.185258028819696,0.0593161873749989,0.209678907673932,0.159511420622777,0.087278393118039,0.0857155132287641,0.0922482826611643,0.16200195397858,0.19462219806636,0.0733445471328444,0.147976304207422,0.0623776399666481,0.0925350034212368,0.153399608711865,0.0557286132822884,0.148667043393081,0.0849222692300621,0.179513090086547,0.162213078938262,0.134220336366653,0.166532376492617,0.18128565007359,0.192727439429446,0.106609166686616,0.109956314081269,0.0805532478157372,0.179381891962378,0.0983556682348715,0.0805337851459626,0.162054307702757,0.159073732759557,0.159395884251612,0.188993487132358,0.110063384224684,0.180780506870424
"X_Cirsium_vulgare",0.0790976004918633,0.188061952394182,0.201228003581421,0.175704447238335,0.134593614772045,0.172379308571565,0.191330785487062,0.153150178780772,0,0.142124139452485,0.114165545207101,0.101116376285776,0.228747101529652,0.141655563853387,0.223227277698278,0.0811634270503649,0.216615929010327,0.196213584299332,0.234241586129831,0.249372983674216,0.23325705201049,0.120771125602422,0.219709557768035,0.0850831904410597,0.167684678740307,0.23924740008303,0.243779493896293,0.232168937549057,0.169869335301412,0.133391224061982,0.176808101475403,0.215680128448818,0.0754996704743102,0.179078017452362,0.125814640751143,0.139643793080518,0.182083645233138,0.165640164569877,0.135445474687645,0.190497679033482,0.0937884649456343,0.17913735854623,0.194096072542733,0.176998054009,0.161147492496016,0.106761572647416,0.144462883607289,0.129798387741944,0.209553952719906,0.186734512820401,0.147467076250365,0.250929280905669,0.165135963346166,0.169598026776293,0.156430009068893,0.107616068461513,0.20817390810632,0.223678239917289,0.122430652952493,0.125812788711694,0.150002262150172,0.208774481494763,0.196410168500231,0.122445577150284,0.214039530468639,0.0827432764381124,0.106259396180025,0.139809466198382,0.109986316433139,0.226786325067822,0.120312216103261,0.170324936599297,0.173692560435169,0.169354182453815,0.239121537073552,0.181360592144409,0.159379448457358,0.176747729593881,0.180259898926509,0.151437142707456,0.246695637287532,0.153178882138767,0.152868024943901,0.224113229190534,0.245896925530269,0.260625271497733,0.218321296064165,0.185983279472352,0.193507203965691
"X_Commelina_sp_",0.0414029019777976,0.107791348060103,0.165859331331067,0.164043064442346,0.0847297815071517,0.118804266867989,0.119930914842826,0.0815253045875686,0.142124139452485,0,0.0747880609947163,0.0641586467599244,0.197601791000014,0.0893040082579424,0.203656619379655,0.0488524260981199,0.11859363350302,0.12312570237603,0.200385566005504,0.181768313121817,0.163998653840968,0.0968565875711087,0.138757746178246,0.0573607265014045,0.106130980439895,0.194871912736242,0.175895404062274,0.157044183144182,0.187015512409275,0.0822374521953294,0.105534453201836,0.132607541867582,0.045908567298232,0.100981496861166,0.0805317120951959,0.111260580916509,0.10153072544495,0.112442691328529,0.0793547522730074,0.108734145878694,0.0563289406162113,0.114513706238488,0.107220247509952,0.099617230526419,0.110400885587484,0.0582720211709365,0.159794808751906,0.0947786246479798,0.165320962192807,0.120690857370344,0.120158431611135,0.188649066800104,0.192988566684963,0.164594656693971,0.199516594790034,0.0908001448802429,0.169091272732151,0.205451112428778,0.117499709496407,0.090463764137957,0.0810213081923159,0.143652731934131,0.169783719589333,0.0997307428794681,0.185120468877317,0.0477036597806195,0.0781983408052483,0.157260534738893,0.0745026198191379,0.129183493316469,0.100654645278949,0.175939224691113,0.135584969416349,0.113567796513654,0.165182878288398,0.146632016375325,0.192713617715867,0.124595920732895,0.115071630269452,0.0999423909960132,0.190745025862851,0.104275377464306,0.0825228462225027,0.140894854477109,0.17705621277277,0.155957868699244,0.150854066528014,0.134303070532551,0.143407336448817
"X_Conyza_bonariensis",0.0342038159147608,0.0714686293750355,0.116668884063837,0.12273522626588,0.0729152678865692,0.0955929733078284,0.106670366560471,0.0758979563974743,0.114165545207101,0.0747880609947163,0,0.0556290008174611,0.124419539260949,0.0540530395543387,0.12970109335521,0.0351472824206892,0.0933365220231438,0.103770370543115,0.126237220187259,0.120109017887633,0.118928101584748,0.0666006116405672,0.110183306190974,0.0471468249568241,0.0870492503393974,0.125941597165113,0.136246801255342,0.128820463360206,0.120506749254015,0.0558385637994659,0.0760781038337858,0.107900709250445,0.0417445058702262,0.0911116100206911,0.066199843189006,0.0768591661738411,0.0701948074045393,0.106065158296633,0.0663805635494337,0.0958058912098725,0.0421488595992042,0.0894411300853758,0.074394608279802,0.086612074311962,0.0829610485224233,0.0508387688443582,0.108876542013988,0.0681282195326445,0.139780422399975,0.100012500425833,0.0832287939783212,0.133531051677586,0.143024437691216,0.130197718466591,0.140316409915171,0.0573660397285482,0.142730328317268,0.129746381217173,0.0813107219667111,0.0733277346617451,0.0654301933866554,0.115167622920674,0.134221113104321,0.0743726757866859,0.123021791691952,0.0619375259771304,0.0681790771841203,0.114811263142291,0.0504891045455575,0.119534790121967,0.0719160171288394,0.135152805527496,0.117328138870145,0.115070404483646,0.123847616131478,0.117879702364407,0.14125694522448,0.0876713584753133,0.0740070997694595,0.0799708313208884,0.133204061105272,0.0798483106135842,0.0607340654248745,0.117813969709649,0.119642520103435,0.122945666289656,0.126398902015921,0.10017826989252,0.125751996571943
"X_Conyza_parva",0.0290964108673346,0.0589744235911144,0.105051999111626,0.115377875558158,0.0640295646183689,0.088681171990096,0.0859212885751315,0.0577946118958945,0.101116376285776,0.0641586467599244,0.0556290008174611,0,0.124960656859801,0.0493450671585149,0.129129914066856,0.0339060810318691,0.0809154589313215,0.0909246341149608,0.129213602142853,0.118876238610138,0.115497155391013,0.0633259181421855,0.106332362936279,0.0414766669831333,0.0746037121201914,0.12519714476273,0.13416029954233,0.120422090404624,0.115732243507597,0.0646996114861962,0.0693637897656084,0.0988515738629619,0.0310612258576992,0.08204984083969,0.0554211731897823,0.0745276045820651,0.0618089050920698,0.0815491025564754,0.0556171572691554,0.075541456355174,0.0345105156481156,0.0840321404655729,0.0710024950701282,0.0842784985606829,0.082861513680609,0.0380944777026037,0.0978224239919293,0.0652781430487037,0.125964708375888,0.0908974794640369,0.0774361036633271,0.129890767087989,0.127073611415774,0.119158042529276,0.128694588239144,0.0465003594304315,0.130365572309769,0.127451520026623,0.0761446253184196,0.0755357922888291,0.0553878960509572,0.107940059291776,0.120633751145649,0.0688646257059157,0.125073082149832,0.0408810164829725,0.0582711214970942,0.104294054813504,0.0483744158594608,0.0983413419366434,0.0690361225395536,0.117018260296923,0.0991084011880697,0.0887306462633104,0.123140929566719,0.108695236615369,0.129308406445761,0.0826161689408845,0.0721622033699471,0.0780675461558749,0.130955721745387,0.0734087381058433,0.0484761471372403,0.107308073501366,0.114598878909604,0.111904831068347,0.113944096171495,0.0870915010140751,0.111153257455923
"X_Crassula_alata",0.0745983318885317,0.156695466854792,0.1686656373096,0.218678926779707,0.196592982980674,0.19401729085589,0.180538355624517,0.159808811640059,0.228747101529652,0.197601791000014,0.124419539260949,0.124960656859801,0,0.138322849609442,0.147379831776296,0.115606985687696,0.209328237933818,0.216098219530275,0.164804145443066,0.17528230833645,0.181462440238844,0.186045961374456,0.236406208109287,0.122341537781449,0.215918264797401,0.139180220123984,0.191579173750726,0.247793470382526,0.148135435211414,0.174997358350909,0.188710201717057,0.230949769697656,0.0907165506244297,0.189358991460397,0.180137697961855,0.220383439450426,0.19084961568609,0.180046409740439,0.166327360189434,0.176348362252974,0.125832674969445,0.205956398285235,0.169304816392873,0.229139490670428,0.238006848221318,0.104023977664073,0.169302938561137,0.193069078256189,0.259411165396234,0.246854149093602,0.160090024049792,0.163293047397611,0.2390688484492,0.201450945442389,0.197603270179734,0.13650854421843,0.242178285128284,0.148616048960505,0.102403196379906,0.1894771020078,0.148485732710719,0.167573192671834,0.233978650260134,0.19064746754566,0.249940309772928,0.10332103488816,0.121007292283896,0.192448443759126,0.140651190172361,0.233534460406375,0.0964992187765514,0.250150234506876,0.178894186832806,0.172534870803534,0.22449265129996,0.208109573413801,0.221489069723728,0.193972164628986,0.184356787191475,0.208168457035884,0.157406106671717,0.14487365519358,0.154142081019567,0.233926854096382,0.186778374971126,0.227178077605696,0.218000298479671,0.181002075143999,0.17833298971772
"X_Cynodon_dactylon",0.0447882909545553,0.0933592276258804,0.133493561197831,0.171381965544912,0.0722486384854222,0.121452590239263,0.0897753299573495,0.0735676113086239,0.141655563853387,0.0893040082579424,0.0540530395543387,0.0493450671585149,0.138322849609442,0,0.150450830068489,0.0417102575289932,0.0992636756129656,0.101799499818131,0.139304742756895,0.123963171570996,0.1130118766973,0.0624080035028938,0.103766315514678,0.04568486957477,0.0803414863397851,0.131109131697555,0.134399925864352,0.121066765227934,0.149163160346731,0.083628630408894,0.111559391400933,0.114114113183877,0.0384897436410453,0.0883428867547572,0.0606934673204648,0.0753400739847607,0.0914424674244339,0.0861976265978633,0.0650243762247835,0.0912928830243958,0.0459096730129457,0.100028555440499,0.107462579629537,0.0775086960256188,0.0795348979349484,0.0575283534284169,0.142199203638832,0.0705524988027046,0.165485687341194,0.0935294225595916,0.0996780894600648,0.128317254401183,0.1867552955001,0.167078537010548,0.186802529689779,0.0624534701293504,0.165915214350039,0.147149555535879,0.0873450008909268,0.0681621699322412,0.0781332980348299,0.114162066149562,0.167905456975742,0.056503471077617,0.136263838868819,0.041254765238132,0.0746896984732504,0.150799466493382,0.0719213198640573,0.131553726916353,0.069465893744466,0.168934481919292,0.131572334406742,0.0890698655065402,0.117012102284072,0.140738998647642,0.189542372408475,0.099321785628414,0.104847015788771,0.0852762485526772,0.122109245822162,0.0781155506284644,0.0733146266108726,0.121185958291133,0.129349856935438,0.127057065973432,0.136326693050394,0.0992797895451435,0.128021131070012
"X_Dischisma_arenarium",0.0769764011431405,0.167078024645413,0.147553536472704,0.228919414974758,0.197767872686813,0.203175576684328,0.191110699476869,0.162069033489926,0.223227277698278,0.203656619379655,0.12970109335521,0.129129914066856,0.147379831776296,0.150450830068489,0,0.116104686124332,0.223515095126784,0.219790509743557,0.129077571651909,0.156160153101833,0.182721112605924,0.189481122370426,0.238345453680321,0.127986016537461,0.223332774333995,0.105841091147595,0.210785505210339,0.249485485531059,0.105105797535197,0.182677783951591,0.195933960090593,0.246718256335535,0.0962323479867712,0.18829987645475,0.182784783856738,0.217085879072954,0.209851449876893,0.181219630989899,0.168076403398417,0.182764863049026,0.126760521303291,0.205873563281813,0.189360614726872,0.230309568040831,0.239969489474745,0.1088694331049,0.14852995901133,0.198575543026518,0.270637307173663,0.245124906955963,0.149591861658156,0.152915660058406,0.236719848463521,0.219177337320107,0.185496850271024,0.146019444375883,0.269152469344446,0.0902091542002643,0.079315203332347,0.194517862256712,0.154927016959391,0.181563666079415,0.248319491835373,0.187840064358696,0.234066660552632,0.103198614746623,0.129630888862736,0.190638783519339,0.147249461012936,0.242235079404305,0.0845872162966799,0.250129777658829,0.196025154104044,0.178318455139994,0.220581966442829,0.228014593467828,0.213811993241803,0.193541548255387,0.203021469029466,0.213352179352549,0.142800605429862,0.144871949228709,0.165877435388837,0.241825735138368,0.172470990817859,0.23199802131994,0.237801147293546,0.182133705857819,0.193025924494022
"X_Ehrharta_calycina",0.0295449084986064,0.0555892471461023,0.0904679338707284,0.0977261624122718,0.0508189060150774,0.0784717328141679,0.0672944626571178,0.0495176293875481,0.0811634270503649,0.0488524260981199,0.0351472824206893,0.0339060810318691,0.115606985687696,0.0417102575289932,0.116104686124332,0,0.0734716502010991,0.0843213445143872,0.118976594004914,0.112125525124434,0.108532941281641,0.0471372372291332,0.0894408808071925,0.0362803008755581,0.0534444595368704,0.119340066006708,0.123711044986314,0.114766107221938,0.0939673303516212,0.0408545296749291,0.0517091385361362,0.0877449700116355,0.0268360041275305,0.0729847721524103,0.04995309507205,0.0604600688096852,0.048599234348156,0.0604674051017516,0.052797877590707,0.0540110614444959,0.0364759866806105,0.0944691690180472,0.0574574025905129,0.0728004989163021,0.0577648310791928,0.043502300906392,0.0735224208928161,0.0504344785957676,0.109027413953246,0.0639094322052859,0.0623937061962869,0.12577854499405,0.102699763117718,0.0990882074283859,0.0961931387933602,0.0348654364710889,0.11625861060049,0.113640963112748,0.0614206434603183,0.0431128478466375,0.0527167946920759,0.105628019940447,0.101847331855656,0.0506614799428511,0.10321609834191,0.0321638862989534,0.0469842404307992,0.0800726366206912,0.0348837267574961,0.0814527890661027,0.0603067444215269,0.0943794632763992,0.0835754082871052,0.0713921270751506,0.117512159625016,0.0981644310155011,0.102137808292422,0.0699300680455289,0.0553634727589539,0.0552292529806993,0.129863186821548,0.0720555061609031,0.0383759592038855,0.0961283988547371,0.105385426307209,0.0985849205085085,0.114174529449719,0.0778819376764584,0.103367971915236
"X_Ehrharta_longiflora",0.0698355905938616,0.140501719320667,0.19781250163195,0.24663456491126,0.117732728773309,0.195126757102664,0.15573175237018,0.124224257633519,0.216615929010327,0.11859363350302,0.0933365220231438,0.0809154589313215,0.209328237933818,0.0992636756129656,0.223515095126784,0.0734716502010991,0,0.18103185439072,0.211874347743845,0.200362377930825,0.191997369526608,0.101062248309552,0.180729655384301,0.0741121990291142,0.129621666933761,0.212397524069536,0.22786458504472,0.207821196561355,0.21625100942857,0.101539066987831,0.142499871053255,0.184207998307572,0.0608955571874764,0.159220241613607,0.105345562199151,0.122574867945329,0.121923663860393,0.137221292166143,0.121657125589417,0.140256070803562,0.0725442871456034,0.182075025775318,0.148895571977135,0.143654104869729,0.134128518002868,0.098416267261262,0.198072113509099,0.101372531429922,0.254214419486562,0.154510782847853,0.156418988216381,0.210569339966912,0.270954633173105,0.244718135270538,0.259409365257283,0.0871764272819019,0.259576964255548,0.217061118657445,0.130995878226949,0.109782822854062,0.125748169078806,0.191400513046511,0.254573655342982,0.105588491304815,0.198646506818951,0.0776370959611806,0.117322099112914,0.220571003738318,0.0874539380635415,0.196251364985929,0.111097696649741,0.249315258999602,0.202229732770305,0.154707978076986,0.208598527906073,0.224783794589087,0.26978346207649,0.155197797374643,0.137790866451179,0.13487916198586,0.21153656384792,0.124030248065804,0.106594330879604,0.202568479147736,0.195390806365004,0.200512618146652,0.226478071323894,0.147658627965902,0.208774683427616
"X_Euphorbia_peplus",0.0685837499533406,0.146136735083414,0.193679256545231,0.223038086347157,0.128716485878613,0.19074977824286,0.169445061705866,0.138527942080815,0.196213584299332,0.12312570237603,0.103770370543115,0.0909246341149608,0.216098219530275,0.101799499818131,0.219790509743557,0.0843213445143872,0.18103185439072,0,0.217543526144568,0.22589790458766,0.217482011097001,0.113100362740611,0.201654145725117,0.0844769381903983,0.157067732805623,0.227158977741561,0.251516402695598,0.231412274983971,0.195192165229703,0.11357006991934,0.137483794770499,0.204789932809128,0.0675354374942444,0.182445909957776,0.121246825240368,0.139386239801081,0.126155584717417,0.155724407352622,0.135405264421916,0.155465362001707,0.0785905894281132,0.203296957071916,0.154395599478753,0.173238463232763,0.151065965704878,0.0993778890383418,0.171687914988333,0.103956239479014,0.247699040038738,0.168208648150451,0.148874520915581,0.240214099157122,0.23114451641539,0.21436345761134,0.216207015643941,0.0885420155766611,0.249950946750022,0.214476983002164,0.127115690210354,0.119221375792516,0.134319964354193,0.20659961249436,0.227513716758999,0.122912442741761,0.19656614510445,0.0929513928995049,0.107509814964526,0.191237941340332,0.0844293230426621,0.216243194059152,0.120590311028788,0.225763892894899,0.187386417360867,0.180650139496278,0.240346814141615,0.210741333467248,0.224480253078898,0.154867897705344,0.136107820679415,0.147815929551436,0.241928370731881,0.141386510989018,0.118971678712315,0.222364579833822,0.217945090636636,0.227104757531144,0.231253041133119,0.165981901425685,0.21289587416141
"X_Fumaria_capreolata",0.0765912943249965,0.162180158079529,0.162580535119726,0.222759260439312,0.198452003303981,0.195729926051098,0.186029753645936,0.164400231127298,0.234241586129831,0.200385566005504,0.126237220187259,0.129213602142853,0.164804145443066,0.139304742756895,0.129077571651909,0.118976594004914,0.211874347743845,0.217543526144568,0,0.168220712225282,0.182347493606138,0.189068319442183,0.236620738639142,0.127739631439218,0.224611869543199,0.123451355482152,0.190073704151474,0.245800275203607,0.143636062515639,0.180592712686219,0.189498058437655,0.239715567691001,0.0956624656981598,0.185034877429221,0.181360385173099,0.216703157836222,0.19587275805504,0.180102734720144,0.169771722881079,0.178093429745448,0.128149729288145,0.20562674302656,0.176370633938888,0.234733240447467,0.23752050673342,0.110978103743498,0.169414163444544,0.190406366865352,0.2551816605714,0.245239547316389,0.158965269125831,0.150915240437957,0.238129552573005,0.210434546953457,0.199687632453345,0.140876499151339,0.246059958280892,0.127426042058105,0.098402297322119,0.18912294134894,0.149125844008483,0.170208806556438,0.246155813105749,0.190023512869567,0.240597034692643,0.106466912568933,0.122975610199796,0.197086149354449,0.142663322098091,0.22574573610818,0.0928217475800478,0.261669009377941,0.182395512296085,0.175620273863786,0.222998692760664,0.21501471364167,0.224035053904803,0.197564143299499,0.193765261029565,0.214395084915008,0.148116277338269,0.144856989913209,0.156039792745928,0.235353556760907,0.180470323703429,0.229997514103351,0.224973832953316,0.182506993641995,0.182357007028566
"X_Galium_murale",0.0768437281651026,0.15763573284357,0.178523906453038,0.244261624491505,0.187410722877941,0.212154901055106,0.170626723044301,0.164221821968538,0.249372983674216,0.181768313121817,0.120109017887633,0.118876238610138,0.17528230833645,0.123963171570996,0.156160153101833,0.112125525124434,0.200362377930825,0.22589790458766,0.168220712225282,0,0.181587088821855,0.170241544913941,0.232104233314951,0.119197655054273,0.20665007245471,0.151730563748649,0.203726602275268,0.247270916842355,0.173010386152079,0.157806990430587,0.175462997046642,0.231813469508965,0.0910346810592883,0.193304985319037,0.172742580296681,0.196762000914098,0.177762552844424,0.171374443296127,0.170314494304986,0.16823952553262,0.116801492370361,0.211485377473475,0.165474032651179,0.218189547922842,0.221028160112572,0.115335747424689,0.18288526758255,0.167907341437849,0.26962813928857,0.235636995528847,0.168391447139623,0.171430919545849,0.267872135016498,0.234726017708458,0.231621752312724,0.130952357901696,0.273917337329919,0.155855404869656,0.110435743313187,0.182980812829525,0.154512507999465,0.174052648258163,0.259224082087582,0.174633131736802,0.229602065131148,0.111071203453725,0.12666828545343,0.219628926637492,0.126089135709805,0.229394485609987,0.100195414243905,0.268891202215136,0.194370219093976,0.179634217350467,0.223828227054824,0.229969607452211,0.254130344648463,0.190372979409309,0.172315774102389,0.196616575237507,0.168032557216067,0.147630545583749,0.148373084644162,0.237230135715295,0.19047737726841,0.221919808732558,0.237123060281912,0.16995055557782,0.200689532875983
"X_Geranium_molle",0.0781765067525265,0.151333109401582,0.193742876947342,0.228781844679133,0.169949197412053,0.195186937778568,0.167008551512253,0.155884389611699,0.23325705201049,0.163998653840968,0.118928101584748,0.115497155391013,0.181462440238844,0.1130118766973,0.182721112605924,0.108532941281641,0.191997369526608,0.217482011097001,0.182347493606138,0.181587088821855,0,0.156170650228725,0.213835693903439,0.107687058461384,0.193935452672688,0.165480817613278,0.188458935872029,0.226330843843628,0.197614956131502,0.141711183885035,0.160292385326642,0.216607997960322,0.086397637755088,0.186853664644114,0.156945833923774,0.17825639751727,0.161419230577702,0.1657799502318,0.168244802153526,0.171758570759293,0.109653212104544,0.203476896294566,0.155342610115172,0.213624525184538,0.201320403532363,0.117603101551002,0.195715592082509,0.152036025974325,0.253297093104114,0.225613187455661,0.17609056318867,0.165015667107046,0.25890687431764,0.206547750286629,0.23449805215489,0.117240302887943,0.24596694992658,0.178980406797843,0.11838300887956,0.164963280504232,0.155267878706324,0.157457923301911,0.235287814001144,0.168352288168586,0.216127202020222,0.106795917272498,0.119505951982008,0.209487800824638,0.111451332022371,0.225301791363836,0.102959524315482,0.26106591559587,0.179286767048884,0.173203967617385,0.213405023369255,0.201120937948752,0.247913459355398,0.181876721951913,0.15717876069011,0.187603299569562,0.162740064960459,0.139164764328003,0.133414234916606,0.224328553493014,0.196743697464996,0.223170428669817,0.207188739586118,0.159233026116689,0.180585815923783
"X_Heliophila_pusilla",0.036509609340527,0.0805795347824164,0.146803836127427,0.123328785008467,0.0949760720094005,0.101643480224216,0.104296200976964,0.0693319222812799,0.120771125602422,0.0968565875711087,0.0666006116405672,0.0633259181421855,0.186045961374456,0.0624080035028938,0.189481122370426,0.0471372372291332,0.101062248309552,0.113100362740611,0.189068319442183,0.170241544913941,0.156170650228725,0,0.141821235822315,0.0588433720777242,0.0980155526187313,0.180125752737751,0.156858905494344,0.154596564904404,0.164618025540941,0.0832908644988015,0.0832036171769146,0.117544571307024,0.038845684551252,0.0955937282011304,0.0823812735601389,0.110633432777759,0.0844519555915298,0.109714065143022,0.0681472629721231,0.0982934508593028,0.0587402312949684,0.102681485147525,0.085057853914996,0.111012563409739,0.109883177049363,0.0477493690002451,0.13258844040839,0.0891599883516928,0.140246740148483,0.121845789461969,0.106802354056786,0.174175132314286,0.145756605287137,0.122938458282061,0.158598780291617,0.0590643811514826,0.135691765358814,0.190060814148326,0.10793158792531,0.0913853554001897,0.0709485939204567,0.126881187177899,0.132396222514985,0.102180596907354,0.175163923150631,0.0470191921071167,0.0623762275405702,0.122860307369908,0.0724273071873177,0.115207753803687,0.0953639101982875,0.143077418190164,0.102896599574619,0.110023624240671,0.163697373967497,0.11438825562287,0.152993922745539,0.118807835169655,0.0937613441992921,0.0976447030263609,0.18046058018088,0.101293176019726,0.0670597694426738,0.130889097442395,0.164173842381064,0.142432151681871,0.132203609156258,0.123540739547816,0.120243842243499
"X_Hordeum_leporinum",0.0649761593448746,0.135325640177192,0.213701075952356,0.214459135581338,0.153316944059561,0.185787911753687,0.166777815973327,0.146539587633305,0.219709557768035,0.138757746178246,0.110183306190974,0.106332362936279,0.236406208109288,0.103766315514678,0.238345453680321,0.0894408808071925,0.180729655384301,0.201654145725117,0.236620738639142,0.232104233314951,0.213835693903439,0.141821235822315,0,0.101133093095057,0.167292322132101,0.233054450798201,0.226410326747459,0.240776474106101,0.218949963580674,0.129691160774018,0.137093115060026,0.20910619783097,0.0790739961566648,0.176716114738458,0.142265024713214,0.16393605896633,0.135483991430385,0.168404219618556,0.144888290109262,0.162596554704826,0.0901950138019131,0.194044051391339,0.147599209794326,0.191842939727126,0.178231830961084,0.100905998723421,0.196602761698454,0.140497799465994,0.232196238536462,0.198796150711257,0.17058011228,0.231355407080107,0.236533316174256,0.207116943625084,0.229750755617769,0.102003120998284,0.233696442084356,0.241995570633221,0.141114223808426,0.149082389322347,0.137037913193552,0.189626906012319,0.230807399724097,0.145349718283665,0.236167018254561,0.10082474016276,0.112780150467557,0.201933685897182,0.101627700108584,0.21018555512857,0.129054055108518,0.239161874801942,0.179648243937247,0.175427192197983,0.239488395884215,0.202135365174102,0.2347136022764,0.178556719260762,0.145356159724002,0.155102817744612,0.236401652244532,0.147009710590235,0.111878058111717,0.221350641776022,0.227684571867945,0.237719975056426,0.217974794994793,0.178137442948585,0.201777262180227
