"","X_Arctotheca_calendula","X_Acacia_longifolia","X_Avena_barbata","X_Briza_maxima","X_Briza_minor","X_Bromus_diandrus","X_Carpobrotus_edulis","X_Catapodium_rigidum","X_Cirsium_vulgare","X_Commelina_sp_","X_Conyza_bonariensis","X_Conyza_parva","X_Crassula_alata","X_Cynodon_dactylon","X_Dischisma_arenarium","X_Ehrharta_calycina","X_Ehrharta_longiflora","X_Euphorbia_peplus","X_Fumaria_capreolata","X_Galium_murale","X_Geranium_molle","X_Heliophila_pusilla","X_Hordeum_leporinum","X_Hypochaeris_glabra","X_Lactuca_serriola","X_Lysimachia_arvensis","X_Moraea_flaccida","X_Paspalum_distichum","X_Pelargonium_capitatum","X_Pennisetum_clandestinum","X_Pentaschistis_airoides","X_Petrorhagia_dubia","X_Poa_annua","X_Poaceae_sp","X_Polypogon_monspeliensis","X_Romulea_rosea","X_Rumex_sp","X_Solanum_nigrum","X_Sonchus_asper","X_Sonchus_oleraceus","X_Stachys_arvensis","X_Trifolium_campestre","X_Urospermum_picroides","X_Ursinia_anthemoides","X_Verbascum_virgatum","X_Vulpia_sp","Acacia_saligna","Anthocercis_ilicifolia","Austrostipa_compressa","Baumea_articulata","Baumea_juncea","Caladenia_latifolia","Carex_fascicularis","Cassytha_racemosa","Centella_asiatica","Cyperaceae_sp_","Daucus_glochidiatus","Dischisma_arenarium","Eucalyptus_rudis","Gahnia_sp_","Geranium_solanderi","Hardenbergia_comptoniana","Hibbertia_cuneiformis","Hydrocotyle_sp_","Isolepis_cernua","Juncus_subsecundus","Lepidosperma_gladiatum","Lepidosperma_longitudinale","Lobelia_alata","Lobelia_tenuior","Melaleuca_rhaphiophylla","Microtis_media","Myoporum_caprarioides","Persicaria_decipiens","Podotheca_gnaphalioides","Pteridium_esculentum","Rhadinothamnus_anceps","Scaevola_crassifolia","Schoenoplectus_validus","Sonchus_hydrophillus","Sowerbaea_laxiflora","Spyridium_globulosum","Tetraria_octandra","Thysanotus_multiflorus","Trachymene_pilosa","Tricoryne_elatior","Triglochin_centrocarpa","Unknown_climber","Viminaria_juncea"
"X_Arctotheca_calendula",1,-0.00260157674322556,-0.0483585767056069,-0.0418504537629228,-0.0233100793676204,-0.0338569906015059,-0.0226042341787421,-0.0129502026871491,-0.00184304083866592,-0.00114146041185073,-0.00852286606269331,-0.000903451443976565,-0.0225739020073918,-0.00792654552099798,-0.0687890142677394,-0.0276376410128089,-0.063332426520543,-0.0263020306885701,-0.0152553786300164,-0.0589095834678543,-0.0738703925529605,-0.0134131418295745,-0.0171477810250472,-0.000679559295767668,-0.0111248650132513,-0.0694756390337549,-0.0624020793034144,-0.0140840721568758,-0.0720161794852198,-0.00306782659317972,-0.00705698403330914,-0.0544467752376038,-0.00341826119352326,-0.0151387592890892,-0.0449045544454045,-0.0327228853111679,-0.00923826043323049,-0.00919532516721639,-0.0208948879240274,-0.0528543898474826,-0.0157245613824849,-0.0514637372241873,-0.0185687960057383,-0.0148900390379417,-0.0246745437535949,-0.00935707467392731,-0.0708306257202772,-0.0306270237633943,-0.0435776533253789,0.000462201573428997,-0.02095159345724,-0.0399177442764211,-0.00153978953671898,-0.0419109134896317,-0.0310296604449606,6.52691776040821e-05,-0.0354444955026004,-0.0364737345169708,0.000725491170003861,-0.00155522138111023,-0.00755654202941437,-0.0096930354210723,-0.0145470984434876,-0.00177016615901068,-0.0396033638987524,9.42378777166151e-05,-0.00479928159144948,-0.0626159687284178,-0.00584029827394076,-0.0192701856274123,0.00138777552711556,-0.0199609106894273,-0.0388068786690183,0.00033599661917538,-0.0261877395181304,-0.0178402133761367,-0.0219750475065521,-0.0705858941090838,-0.000223693399909863,-0.00305674281591135,-0.0545703148456716,-0.00758910403401954,-0.0216210416150691,-0.0357286770326807,-0.0698355206723062,-0.0760937828383881,0.00153984138355087,-0.0385934155184675,-0.00894307292522682
"X_Acacia_longifolia",-0.00260157674322556,1,0.00030169973862416,0.00601204332190677,-0.0017835398642992,-0.00177584915857382,-0.0540543995325525,-0.00563718835900117,-0.000620198563560419,-0.0292089538213025,-0.0771781903860315,-0.0183064772554825,-0.0847303280623941,-0.00416296707035923,-0.0278583524678407,-0.00670590763328953,-0.0198999538833938,0.000147215054663539,-0.00997683108754063,-0.0184739368445838,-0.0189085200138356,-0.0141996428252265,-0.011725210800761,-0.000689743129098371,-0.00600594240160215,-0.0338921017272927,-0.0111427216156494,-0.0318073713382474,-0.0472160650767499,-0.0199022315470381,-0.0381503274258052,-0.025361953221343,-0.0131927201574933,-0.00393467058679187,-0.0183445577144263,-0.0249208549461407,-0.0127830626227554,-0.0973163452363701,-0.00682033222724708,-0.0696333201507834,-0.0473521252295161,-0.0122711449063849,-0.00113856082810338,-0.00756147408930729,-0.00952742407595316,-0.00504089062545095,-0.0285064625020295,-0.0298073809643224,0.00436122137118342,-0.0512253738063625,-0.0912830267731828,-0.0142872743452921,-0.0133732599093178,-0.161023087549394,-0.13820301732223,-0.0102873916284514,-0.00302395679922706,-0.0121711565784539,-0.0160634581261971,-0.015143314435868,-0.00329949667907427,-0.0794149749857012,0.00466585179979093,-0.00154809667643458,-0.0266368785562987,-0.0129469522308993,-0.0783670474562175,-0.0793593752695365,-0.014017422092237,-0.00685384169892529,-0.0682787302260474,0.0203769659408307,-0.162340250677939,-0.157464361264289,-0.0070693020214243,-0.169396910313876,-0.12852310209993,-0.0689095332125223,-0.0221632852148401,-0.0203029748079538,-0.0218524575989192,-0.00856727574728083,-0.0198351919114156,-0.00677761226156112,-0.026284324649223,-0.016391802018002,-0.111623655904373,-0.0238263718407825,-0.0992684044052189
"X_Avena_barbata",-0.0483585767056069,0.00030169973862416,1,0.0567150452380704,0.0737817250769374,0.0735562586554394,-0.121322338606998,0.00959168341045836,-0.289315770967589,-0.102863216072401,-0.142903967880363,-0.0963972973214002,-0.0445563861544044,-0.0440703711161122,-0.0515328554971413,-0.0427248180407769,-0.00327992028634614,0.0421850303407525,-0.00710014859723654,0.00890761858678347,0.0195673467286019,-0.035476896458492,-0.0216974627426506,-0.0514111347701205,0.0100555323507977,-0.079946758667295,0.0179879029610204,-0.045606348391071,0.0465266616016419,-0.0783334241533462,-0.10702467429537,-0.0208112160830698,-0.0261398202553502,0.0154511817445007,0.0620695411897016,-0.0687376977706708,0.0156378406178997,-0.31003436063909,0.029161057963263,-0.115047811422937,-0.0822073058648224,-0.00115351405403882,0.0628534111359695,-0.0159875705205722,-0.0306779287317346,0.0320371544810874,0.0242998450620691,-0.0843579946871156,0.0853679621480254,-0.28000840228398,-0.206918151058379,0.00766772839346233,-0.0297197919392543,-0.176252637627862,-0.21123954847351,-0.0678042978640763,0.0411325294250704,0.00131999602517447,-0.294985098537255,-0.0772178725997262,0.0256239256063146,-0.307287774121391,0.0612284342238226,-0.0238026911226113,-0.0357546898938382,-0.0607497869446694,-0.30358879724258,-0.0688578792023503,-0.0497369379006727,0.0336926463459378,-0.441502187395349,0.0654225774786927,-0.256654467164082,-0.673458483969625,0.080146021708988,-0.533002685073637,-0.13434777315836,0.00543610550441589,-0.100213586536113,-0.116760670255331,0.0430296494085178,-0.040422846057086,-0.00621651040873529,0.0711702965605775,0.012550013199953,0.0308558248483012,-0.523877531421413,-0.0518699939059934,-0.100646786482195
"X_Briza_maxima",-0.0418504537629228,0.00601204332190677,0.0567150452380704,1,0.0305199503570019,0.0310913627882877,-0.174827061417297,0.00216892000244537,-0.0452073707790749,-0.0960228604133611,-0.214454139459353,-0.092929327062962,-0.143143887155846,-0.0348507808241656,-0.0244366328793701,-0.0590646472636094,-0.00226572097262174,0.0186183792129016,-0.00478988428061073,-0.0105111425920266,0.00709744893362391,-0.0626001181155476,-0.0173504306546757,-0.0320059841282627,-0.0200345581730199,-0.0247198737734241,-0.0056255317041978,-0.0518032885392797,-0.058158884554846,-0.0255458408691469,-0.070330028964023,-0.0394653011038084,-0.0247259501749688,0.00432767087209885,0.0244851254629622,-0.119617529347085,-0.012758212065113,-0.349454626765789,0.00587991419560742,-0.110144464097596,-0.125460351109302,-0.00225750097203653,0.0347166190476755,-0.00418371638393759,-0.0345359739740889,0.0133213325035633,-0.0121622290519325,-0.0975707974849119,0.0350739692906518,-0.270892248361877,-0.194455052840965,0.000418212049830072,-0.0360137499244579,-0.320197270581705,-0.27714038406318,-0.0844566958406779,0.013763607636425,-0.0302104717568765,-0.161895855944438,-0.084015138367464,0.00653354013875588,-0.280495713219398,0.0232385752520033,-0.00951577799201829,-0.079912299878823,-0.0530715263805785,-0.266593056589681,-0.130826965283487,-0.0267316558433875,0.0127299255531797,-0.310107792650203,0.0295717720959614,-0.352407632281525,-0.579091091542594,0.0258535441501476,-0.435811081840134,-0.262424571843613,-0.0722342660522107,-0.0691432108457393,-0.109159069610845,0.0117737926135064,0.00192763735753475,-0.0361615638611705,0.0160924546525017,-0.00222002514755777,0.00683165567172887,-0.479006614609457,-0.0433538766817052,-0.250464053433494
"X_Briza_minor",-0.0233100793676204,-0.00178353986429921,0.0737817250769374,0.0305199503570019,1,0.0412113400163616,-0.0383976654156552,0.00990662430263401,-0.150620627855506,-0.0524435839616283,-0.0479339158557274,-0.0449940501390273,-0.013637958463823,-0.0386147658414875,-0.0141801780766941,-0.00792659385459743,-0.00480737589818771,0.0235817782846202,-0.000402740299010571,0.00344624200203201,0.00858631859756961,-0.0105320487036198,-0.0171136483692078,-0.0160485187681375,0.00706865033113474,-0.0287943200578127,0.00803220460805383,-0.0176934456808132,0.012092254039192,-0.034692840614803,-0.0499138046364949,-0.00601370556287202,-0.0138655690135809,0.0110473821770025,0.0428584860418516,0.00339754916400917,-0.000647693619256489,-0.132803522878362,0.0191661095473886,-0.0645300173684367,-0.0376272680665457,-0.000655605215408939,0.037923731311922,-0.0218474442271966,-0.0280313074651352,0.0212517662765984,0.00564655518454158,-0.0319203313450123,0.0520261143006767,-0.128618366786457,-0.0497710578290379,0.00162406110858526,-0.00577653008428282,-0.084409097659731,-0.0536096203310309,-0.0255130723593143,0.0189402650892045,-0.0202279617127402,-0.165373222532476,-0.0318830925029927,0.00916272558210066,-0.0910599443677451,0.0272457635423581,-0.0190503199158963,-0.01344751061059,-0.0230160669844026,-0.0660186213222844,-0.0253616534015176,-0.021876604876065,0.0155914683583955,-0.201376836748369,0.0036655713820482,-0.0722741326916327,-0.296090022969335,0.0370204326751354,-0.155059430243688,-0.0514370575527151,0.00438390608895912,-0.041631819627431,-0.0371751093567672,0.0188645856687773,-0.0153435070376445,-0.00381418031859246,0.0295731816444644,0.00546018560838728,0.0170507942731786,-0.193508135470985,-0.0258450823006994,-0.0385731712272179
"X_Bromus_diandrus",-0.0338569906015059,-0.00177584915857382,0.0735562586554394,0.0310913627882877,0.0412113400163616,1,-0.101836125754467,0.0063881076588926,-0.00747535021167163,-0.0753702751377739,-0.192427627929066,-0.0825364332734772,-0.166568113999938,-0.0238403614700574,-0.00101607961689919,-0.0254887037173595,0.0147419981323602,0.0387888772109146,0.0142997748691616,0.00317876477567353,0.0183786666407968,-0.0352399691536681,-0.0159256120064183,-0.0278854247242828,0.0143750343654705,-0.0193798643986948,0.0160409397603335,-0.0620781170367665,0.0134067843344251,-0.0644492743860121,-0.0823267232628164,-0.0163668738087303,-0.029418370523309,0.00386167290161077,0.0327183881763509,-0.07303096534815,-0.0145507708633746,-0.313909239431853,0.0238184210340375,-0.089346248961379,-0.101940664028274,0.00658358233790736,0.0437254386302615,-0.0040169851626658,-0.0176788526456551,0.0140621460214432,0.0127587680014845,-0.0477360013699198,0.0546260331327097,-0.247270363857932,-0.198998584198077,0.0262622334562566,-0.0312825562672745,-0.328891259104932,-0.295351591250809,-0.0735009032449624,0.0233749352792553,0.00627483884410732,-0.170339741659198,-0.073802698219362,0.0180430770453922,-0.26875376503382,0.0304029028077487,-0.0128927049247369,-0.0434181880788458,-0.0566477884529832,-0.270388857355244,-0.102892693008468,-0.039937535908699,0.0236045491179632,-0.318688794691448,0.0442633768340401,-0.357157153402425,-0.592119623515943,0.0567048868639885,-0.481866160906234,-0.291638159203831,-0.0877635466530076,-0.0898140816914734,-0.105783417452465,0.0399242450406455,-0.0403102235289837,-0.00436155447587821,0.0554159319092359,0.0221635127820221,0.0166668047695979,-0.418500442073857,-0.0462810764542057,-0.239549868753753
"X_Carpobrotus_edulis",-0.0226042341787421,-0.0540543995325525,-0.121322338606998,-0.174827061417297,-0.0383976654156552,-0.101836125754467,1,-0.0434128097091065,-0.259348716101114,-0.0527650746586004,0.00162812647753348,-0.00299487685909137,0.002909951771744,-0.0770352386560327,0.00178655781286021,-0.0353231307279706,0.00242524702124531,-0.0959586442760338,0.000888325960044669,-0.0042256669804845,-0.0164863067803294,-0.00592199937140501,-0.0176545272452083,-0.0563283299520335,-0.0780020228681365,0.00370831325293249,-0.00292056458871169,-0.000981423917323645,5.76997359942092e-05,-0.0476819085306309,-0.0199905219121945,-0.0238330856188475,-0.0307534694194635,-0.0201350849621155,-0.0136633533154403,-0.000270258186179969,-0.090102313668855,0.00611783902996948,-0.083889530400194,0.00983393652149367,0.00715542934992438,-0.0222381350623077,-0.158705476162578,-0.0247775292134312,-0.0242597522911116,-0.0299448932564795,-0.00382854547981253,0.00631964624870038,-0.191828813384348,-0.00576124343664317,0.00182146582603003,0.00172179699433077,-0.00264438159361085,0.00967256694685443,0.00156810008088727,-0.0382665682051511,-0.155076725114365,0.00300634218003238,-0.143678192301351,-0.0045661754136992,-0.0696343578173591,-0.000869852382032864,-0.207532056549195,-0.0574206210844037,0.00211943943765166,-0.00869984494063095,-0.00531077019170595,0.00548433287178851,-0.00433986782931278,-0.0623411418198779,-0.0805877071270172,-0.287380194781458,0.00252303491864401,-0.0578758911204071,-0.0182483047191572,-0.0113117599397284,-0.00141529546084844,0.000694044417724173,-0.0466983277779696,-0.0270462166623148,-0.00153694153361559,-0.0870365017561301,-0.00495315302337567,-0.0631378841556331,0.00275659030167181,-0.0013867530178604,-0.0201702875176205,-0.073064001638656,0.00230573337173452
"X_Catapodium_rigidum",-0.0129502026871491,-0.00563718835900117,0.00959168341045836,0.00216892000244537,0.00990662430263401,0.0063881076588926,-0.0434128097091065,1,-0.0332289352022607,-0.017334051593433,-0.0448042356486023,-0.0279122408430619,-0.0463406618310669,-0.0109566113262855,-0.000222046752797194,-0.00356365196405929,-0.00312583524384432,-0.000434962522268487,-0.00692724829212095,-0.00882477517704065,-7.57234414699619e-05,-0.00437771598930146,-0.00588216019358665,-0.0154468507998145,0.000927287391901887,-0.000234890448955999,-0.00107556444705814,-0.0343447451942672,-0.0258802351042131,-0.0131565763727597,-0.0256884241131222,0.00065806817644583,-0.00748701568664817,8.58946026020355e-05,0.00940129840045904,-0.0103992388280279,-0.00758893564967597,-0.0841268726341576,0.00938177491261616,-0.0770222393668912,-0.0278056394769955,0.00215180420459031,-0.00154368733177013,-0.0125439340246871,-0.0095320661738729,0.00276572149998677,-0.00224192122964768,-0.0168866235851157,0.00335344093215514,-0.0706957131821392,-0.104554994981641,-0.00535127751245254,-0.010727640896028,-0.0958583221542677,-0.0628270907731536,-0.0179526902428216,0.00112548054240151,-0.0188089868203041,-0.0599509563110628,-0.0210288389097354,8.16062136716083e-05,-0.118756113604401,-0.00231156773746491,-0.00698184960042403,-0.0405772152054914,-0.0158789372273741,-0.0714796334046724,-0.0604512496142266,-0.00585086642402785,-0.00398036881041892,-0.103731942824602,-0.00839742029039105,-0.0790289677938284,-0.234210392849716,0.000750939926033612,-0.138606365088699,-0.0831209316363456,-0.0111804709519833,-0.0299711481618487,-0.0342544384630944,-0.0070466987020101,-0.0253084803771941,-0.00453652309745703,0.00842009349251049,0.00629458593193515,0.00416208308294695,-0.19542946958751,-0.00607530921756257,-0.054235616187991
"X_Cirsium_vulgare",-0.00184304083866592,-0.000620198563560419,-0.289315770967589,-0.0452073707790749,-0.150620627855506,-0.00747535021167163,-0.259348716101114,-0.0332289352022607,1,-0.0692409833943008,-0.200970368993379,-0.00863363312054764,-0.308318873048795,-0.0229845304278447,-0.508838103542915,-0.252354156005026,-0.26912668646911,-0.0440943001251545,-0.116486902505802,-0.366798122091757,-0.46610048050447,-0.119181612221517,-0.0754388243048427,-0.0015486895790732,-0.0624728927869332,-0.423816391511788,-0.26887819688613,-0.140996421915673,-0.494047640779779,5.75924552229638e-05,-0.071657689350386,-0.230989065195644,-0.0181742992572575,-0.084386113773942,-0.28285169302274,-0.164696210631425,-0.100069390646657,-0.246018722634891,-0.124368189092009,-0.314078509539822,-0.267245353785103,-0.258393669172513,0.000811545663112639,-0.0478203195175188,-0.120113395617484,-0.104328009221491,-0.472093311588506,-0.168311929327874,-0.0200986484751955,-0.0312604186664323,-0.287580794674323,-0.288073164734071,-0.0419364149170336,-0.481467698891526,-0.412041361159362,-0.0423182499420951,-0.00295548244456446,-0.43968204164907,-0.00365810660405433,-0.0450919844139582,-0.0241214406726081,-0.242908364162858,-0.000629178600492878,-0.00615015113266592,-0.408426973376654,-0.0279588029630761,-0.199620024473547,-0.496322144577469,-0.086744929693608,-0.0787212546164236,-0.0097904657441106,0.000507217803994248,-0.473714317800421,-0.32740408805745,-0.0796641114349904,-0.379393391883477,-0.270689608842491,-0.478172587586965,-0.0361387699994633,-0.0983540040912755,-0.374927705578644,-0.0726533859925193,-0.321903487556441,-0.125160930208181,-0.493721262782436,-0.414318346718939,-0.0799862341735514,-0.176023921290325,-0.290600491659051
"X_Commelina_sp_",-0.00114146041185073,-0.0292089538213025,-0.102863216072401,-0.0960228604133611,-0.0524435839616283,-0.0753702751377739,-0.0527650746586004,-0.017334051593433,-0.0692409833943008,1,-0.00123069975252489,0.00155260845058684,-0.0314821714040384,-0.0416003981502933,-0.121424027551324,-0.0354099415229565,-0.108264858394304,-0.0755338873485572,-0.0221389517870224,-0.0931611854154709,-0.0985269854194163,-0.0232694736006438,-0.0289063603565985,-0.0238844528041924,-0.0550198777282269,-0.118988732223731,-0.103065958579752,-0.0159917247492777,-0.12322563496329,-0.00651626139201023,-0.0130506538076494,-0.070034839519566,-0.0112181457907106,-0.0358860338903052,-0.0794202720844289,-0.0395521314942929,-0.0483595219375219,-0.0259842161197672,-0.0565309388784933,-0.0711428046592632,-0.0307570307358641,-0.0703699442877943,-0.123947351868538,-0.0312795496760329,-0.0507332738122728,-0.022502584664044,-0.110403955668673,-0.0543572385484337,-0.125659544899099,0.00129547641884992,-0.0554393687949045,-0.09764330953903,-0.00330061054734064,-0.0870269842437337,-0.0246238250793895,-0.013085079688287,-0.130121429813312,-0.0737569157164525,-0.0198965987828347,-0.00447157504872671,-0.0254438268091596,-0.00037677735875274,-0.120020047833072,-0.0259443018856228,-0.0374107045874913,-0.000965500123851848,-0.000253014828129913,-0.102357152037451,-0.00470087197648183,-0.0382471802196843,-0.00240224799749091,-0.108182251359501,-0.0499393867677994,0.00745613034002998,-0.0522885039672528,0.00355061445514352,-0.0338825183769446,-0.131736770646981,-0.0123222544114964,-0.00540780496400395,-0.0959744563031131,-0.0431872934850858,-0.0359136319692929,-0.108856088648307,-0.120469353588088,-0.128105879183226,0.00144305269339438,-0.0191731121078676,-0.0159017082816439
"X_Conyza_bonariensis",-0.00852286606269331,-0.0771781903860315,-0.142903967880363,-0.214454139459353,-0.0479339158557274,-0.192427627929066,0.00162812647753348,-0.0448042356486023,-0.200970368993379,-0.00123069975252489,1,0.000972403635895053,0.00399603224286546,-0.0509791937543431,0.00411560853656574,-0.11828925529658,-0.171057835176624,-0.165465464166743,-0.00228987217284824,-0.0360524426594046,-0.0296275459238097,-0.00865680104169483,-0.054219537360829,-0.0298073563345239,-0.0494510687880366,-0.0866901502015733,-0.19688005219249,-0.00108308181568924,-0.0326855197669549,-0.0207371004742392,-0.0104981577771595,-0.0774309479481344,-0.0206507493711974,-0.0575120225562808,-0.0477119006434177,-0.0277677545048996,-0.202001192745191,0.0214592331273858,-0.120325832646906,0.0144390357699526,0.00687176328034128,-0.107182381040076,-0.0962486629738256,-0.0217638089390235,-0.0557777808049115,-0.030822491183395,-0.0335136058412943,-0.000373391185318023,-0.275254431172007,0.00300303954464358,0.00225311345482742,-0.0226188120209216,-0.000761708153598285,0.0322791938910796,0.00302342220205873,-0.0102576919806274,-0.296932353410352,-0.0117740411885647,-0.0617473200688029,-0.00908008952193164,-0.0836080686058833,-0.00375843993849316,-0.206130232701661,-0.0763958989751906,0.00274789478051118,-0.00526149655838584,0.000523123654031458,0.00153415471975936,-0.00377791341226614,-0.144131812874567,-0.0128229838929875,-0.335379373313552,0.0139033850645334,0.0145090868387162,-0.0785928546626087,0.0211876893599175,0.00231480688836445,-0.0281919025890544,-0.0157045342014182,-0.0102799651636893,-0.0143577964325611,-0.047441121858739,-0.0148860797006752,-0.264043032456721,-0.0285273625829867,-0.038710281594301,0.011778544384048,-0.022713926412005,0.00855400421676461
"X_Conyza_parva",-0.000903451443976565,-0.0183064772554825,-0.0963972973214002,-0.092929327062962,-0.0449940501390273,-0.0825364332734772,-0.00299487685909137,-0.0279122408430619,-0.00863363312054764,0.00155260845058684,0.000972403635895053,1,-0.0185511678203324,-0.0225350319392984,-0.045892995834638,-0.049662688883008,-0.108617766797901,-0.081434731914141,-0.012325529231437,-0.0684154016176456,-0.0694704341478303,-0.0127681748758481,-0.0325319116622914,-0.00652088445602348,-0.0148290495151963,-0.0855167268196431,-0.104444887227703,-0.00187467675738317,-0.0436127984141452,-0.0041495670042174,-0.000597366678065621,-0.0391331248729911,-0.00931102994075439,-0.0324816871736889,-0.0236050599853899,-0.028114230725167,-0.0766672562910596,-0.00152567436458238,-0.0412181579258846,-0.0126559061237166,-0.00748611672415122,-0.064074918952649,-0.0301919227137173,-0.0120292178256804,-0.0414761159759538,-0.0171205608298486,-0.0347270959942751,-0.0167566710327459,-0.103888910249478,-7.89219726062126e-06,-0.00163358975849091,-0.0405084463796095,-0.000733105295971353,-0.00522884733167564,0.00120513459531576,-0.00609593664845476,-0.125768846590873,-0.0521093563507962,-0.0109361145670603,-0.00130806768116409,-0.0249253223618018,0.002821803629218,-0.0747542236944185,-0.0199512153764091,-0.0179437499812047,-0.00236778101369642,0.00147040876005291,-0.0288391837087902,-0.00274149020819199,-0.0551533164848636,-0.00178891472934551,-0.0774115886478608,-0.00321884880621916,0.0046722939778304,-0.0380262099574101,0.00193883279716361,-0.00377778945656332,-0.0669035578579555,-0.00382870871288773,-0.000645366190078329,-0.0565481721058647,-0.0266865725008925,-0.0132052473059957,-0.112203647850139,-0.033992880837422,-0.0750747133136397,-0.0028687481501145,-0.0167751860004692,-0.00281315065226368
"X_Crassula_alata",-0.0225739020073918,-0.0847303280623941,-0.0445563861544044,-0.143143887155846,-0.013637958463823,-0.166568113999938,0.002909951771744,-0.0463406618310669,-0.308318873048795,-0.0314821714040384,0.00399603224286546,-0.0185511678203324,1,-0.0666196164250556,0.00655315459620333,-0.00338931332275491,0.0108315469741803,-0.102007999561921,0.00632459155045389,-0.00616756923026592,0.0018428903810604,0.00187168782612709,0.00643427925943198,-0.0416971173690258,-0.0200873062906678,0.0087796748522294,0.000632543660057432,3.17014250976605e-05,0.0158798525954666,-0.0297199944722817,-0.0180448596344546,-0.054829613118681,-0.0315938909992954,-0.00626244102654367,-0.00681372877365231,0.00150154884819095,-0.0225362673223296,-0.013466971445844,-0.122508500520275,0.0249257093207784,0.00636436741672605,0.00258122917759239,-0.0702005591504322,-0.000482085387414415,-0.0275569780020942,-0.0307908686440017,0.00207656717786469,0.0127106909065355,-0.256826628246608,-0.0502992575803248,0.00990373570741608,0.0122018033637243,-0.0059157057394217,0.0279661086902333,0.00104607230601723,-0.0245559783651232,-0.161712684436753,0.0132963365076227,-0.157409847169315,-0.00600828527797173,-0.0471878268189384,-0.00289428654622669,-0.221510373894382,-0.0809527067561163,0.00631405482050509,-0.0147803503442643,-0.0126913322527261,0.0161668405692598,-0.00344106584635546,-0.0199117253766685,-0.131509677905828,-0.366543451677589,0.00680555495586455,-0.162103911161648,-0.0205562467799876,-0.0438230746341952,-0.014221624839343,0.00592920879173478,-0.0241930385505509,-0.0339414969883329,0.00575761556531905,-0.0366873090141372,-0.000687933782162701,-0.123053802038559,0.0109520204280978,-0.00175084612580362,-0.0596832028151747,-0.0395880161084998,0.00420765594311366
"X_Cynodon_dactylon",-0.00792654552099798,-0.00416296707035923,-0.0440703711161122,-0.0348507808241656,-0.0386147658414875,-0.0238403614700574,-0.0770352386560327,-0.0109566113262855,-0.0229845304278447,-0.0416003981502933,-0.0509791937543431,-0.0225350319392984,-0.0666196164250556,1,-0.127333407482266,-0.0244439802763513,-0.0527468318445642,-0.0249140848753311,-0.0305493691870002,-0.0804846420802319,-0.0952155529415115,-0.0321739739219772,-0.0376136241398394,-0.0123408749123903,-0.0154484661984317,-0.0907149006776435,-0.0577125270180754,-0.0480895279917122,-0.166831669894117,-0.033839293619404,-0.0954094482027213,-0.0605239263323396,-0.00420141937412765,-0.00867210046348016,-0.0556243034611037,-0.0491933604726132,-0.0275075420070103,-0.121276381158008,-0.0304476051973507,-0.0980825619469281,-0.086407402876009,-0.0438249333528262,-0.0425654078014656,-0.0154588603510079,-0.0381153369862202,-0.0128660729099378,-0.115155213027242,-0.0577651705886894,-0.0408469550075205,-0.0302813638650513,-0.137400494567863,-0.0826676871180188,-0.0113075818289296,-0.188781640717979,-0.0951751638089339,-0.0270566910719157,-0.0406908681252944,-0.104176856789389,-0.0344765382758564,-0.0184300764495265,-0.00842153379319993,-0.169252927953074,-0.0268549290900979,-0.0233498215172106,-0.102381565504452,-0.0502870162872375,-0.0718351618334271,-0.11769159073861,-0.0321283427499347,-0.0135146665086372,-0.0561745522739239,-0.0259646286093094,-0.139372716747001,-0.1792184392381,-0.0326896787225942,-0.147160673740281,-0.0935071050896225,-0.114768566292677,-0.0598488112672049,-0.0265098044934107,-0.084729298945351,-0.024194490816983,-0.0749081254564224,-0.0622472809208013,-0.121806864278845,-0.0976645532124964,-0.148206044981658,-0.0785219987833012,-0.0785678652852202
"X_Dischisma_arenarium",-0.0687890142677394,-0.0278583524678407,-0.0515328554971413,-0.0244366328793701,-0.0141801780766941,-0.00101607961689919,0.00178655781286021,-0.000222046752797193,-0.508838103542915,-0.121424027551324,0.00411560853656574,-0.045892995834638,0.00655315459620333,-0.127333407482266,1,-0.00753110345330279,0.00991774054217548,0.00313541845096734,0.00766170298622081,-0.00874734762374154,0.00122097754661002,0.00380656454460667,0.00797778673975866,-0.0676625747306003,-0.0183242497383119,0.00979710029746295,0.00084189355697923,0.0012879146982047,0.00873926003812729,-0.0840366356833861,-0.0449470893152369,0.00146699442202218,-0.0470563549682984,-0.0130645908987141,-0.00984566600893763,-0.00558605735525107,-0.0331664637974513,-0.0918848996843743,-0.0231021615164324,0.029753726171298,0.00964251937507795,0.00358855902482445,-0.062551640223439,-0.0073219127229291,0.00694443467237699,-0.000424636395147507,-0.0245844370095141,0.0149716491336731,-0.0129424868423764,-0.129213022067597,0.020910482981431,0.0119419694454125,-0.0114550691332252,0.0239784733116078,-0.00112920792479607,-0.0963788508870479,-0.0440448747363221,0.0140373002548497,-0.368378115334834,-0.0495725098028216,-0.0525154916306247,-0.0388725123483054,-0.0536149922089306,-0.0730665275712115,0.00734398609629836,-0.0462369209823644,-0.0358208601988438,0.017781313502518,0.0010066394368063,-0.0101672289036381,-0.41945662626239,-0.316308152576563,0.00195144568927243,-0.479588382925682,0.00313447568927876,-0.230935722802448,-0.0564484303850023,0.00553148005819875,-0.0872227837483493,-0.0818567123916782,0.00457350182563892,-0.106840703826756,-0.00224239645682734,-0.0247896728192759,0.00469956026192027,-0.0149678899564062,-0.268541948189952,-0.0502694340788468,0.00665407553455147
"X_Ehrharta_calycina",-0.0276376410128089,-0.00670590763328953,-0.0427248180407769,-0.0590646472636094,-0.00792659385459743,-0.0254887037173595,-0.0353231307279706,-0.00356365196405929,-0.252354156005026,-0.0354099415229565,-0.11828925529658,-0.049662688883008,-0.00338931332275491,-0.0244439802763513,-0.00753110345330279,1,-0.00361406604884216,-0.0257558051123797,-0.00208341682736021,-0.004735459331687,-0.00198049686281429,-0.00340081310073684,-0.0119618761037616,-0.0380675604845286,0.0019676181856099,-0.0144218885554393,-0.0142869050491935,-0.0240223659506157,-0.00876204926410407,-0.0232252258456849,-0.0209989321630644,-0.0336638650227166,-0.00731666634672391,-0.00532817546135686,0.00890581548082818,-0.000209598370928037,-0.00961535271907612,-0.192375126222614,-0.00914596226125527,-0.0276763093215886,-0.00964977374034468,-0.000297589291244726,-0.0619628905396249,0.00248027148511799,-0.0027134630046636,-0.00207709864542551,-0.00532445507861589,-0.000798792103040421,-0.0677794799893073,-0.159038054699468,-0.0501810356876547,0.000872886465938663,-0.0175009949961371,-0.0887373824843752,-0.0961757335977646,-0.0508251207079372,-0.0570529756954904,0.00424131212291699,-0.175244772981768,-0.0503872371250547,-0.00917150430033405,-0.14991315749128,-0.0456263122499247,-0.0432232182286226,-0.00642172468803027,-0.0227426869313116,-0.08784054242028,-0.0240008916469435,-0.0208319026577119,0.0117347468202139,-0.224023613638383,-0.0749815613901682,-0.18368719449302,-0.267424636581016,-0.00196383590064586,-0.203335434587783,-0.103491538625238,0.00375302780523617,-0.0309656027729884,-0.0379057821523568,0.0105748017371486,-0.0306724875544771,-0.0244731369539795,-0.0160718564686745,-0.00226910802952628,-0.0187313268569618,-0.23764571364443,-0.0251580789096609,-0.138472369993814
"X_Ehrharta_longiflora",-0.063332426520543,-0.0198999538833938,-0.00327992028634614,-0.00226572097262174,-0.00480737589818771,0.0147419981323602,0.00242524702124531,-0.00312583524384432,-0.26912668646911,-0.108264858394304,-0.171057835176624,-0.108617766797901,0.0108315469741803,-0.0527468318445642,0.00991774054217548,-0.00361406604884216,1,0.0185245000999667,0.0169280647209852,-0.00561498879723463,0.00987597747068892,0.00369460472190563,0.0092760073192935,-0.0493690912910142,0.00657027381425297,0.0060911646204912,0.0104195437656638,-0.00492498641427901,0.0465773973814557,-0.0633285243539729,-0.0306258801169227,0.000652711209373205,-0.0280130757433488,-0.00960691767805194,-0.00173542680004401,0.00695638894820793,-0.0259508738145128,-0.370891842017052,-0.00226446467833753,0.0320724370020442,0.00289381436018496,0.0070557923903752,-0.00706434661491014,0.00856470580340356,0.000797146071324299,0.00562033373369737,0.00346496681015071,0.00640284376841907,0.00864520555631626,-0.324014669490494,-0.137100921925247,0.027634680554488,-0.0205818951246205,-0.0549176982815193,-0.0663054695924186,-0.0889616404185339,0.00278688596477628,0.0346944008366377,-0.297467332755817,-0.091345482831344,0.00444309323894427,-0.2627475369956,-0.00893412564093929,-0.0221035144890919,0.0126837409009171,-0.0448281622670284,-0.193082304396613,0.026679982495873,-0.00628295218265472,0.00693430087657979,-0.456332834258905,-0.0106727006191852,-0.165144958312986,-0.646654471806108,0.0248804329779741,-0.404132930225607,-0.113509217004914,0.011218991326831,-0.073179270682957,-0.0890465764565395,0.0243992646377763,-0.0876338974918847,0.00637723498228852,-0.00552288698981305,0.0150150789403406,-0.00122740897023827,-0.51842825390854,-0.0378901191508992,-0.148469562028978
"X_Euphorbia_peplus",-0.0263020306885701,0.000147215054663539,0.0421850303407525,0.0186183792129016,0.0235817782846202,0.0387888772109146,-0.0959586442760338,-0.000434962522268487,-0.0440943001251545,-0.0755338873485572,-0.165465464166743,-0.081434731914141,-0.102007999561921,-0.0249140848753311,0.00313541845096734,-0.0257558051123797,0.0185245000999667,1,0.0156829309827952,-0.00923073973771938,0.0154345848322339,-0.0194990618306399,-0.0138816027363425,-0.0320051175726012,0.00977725447557962,-0.00986968623519936,0.0071060948992009,-0.0781622643036184,0.0255893605649894,-0.0458287566922694,-0.0703773138184967,-0.00448775058308664,-0.0278628476908358,-0.00224497305116819,0.0197913574890241,-0.0439545423840486,-0.00878926164706853,-0.302949477038804,0.0124568102750248,-0.142744604713997,-0.0774866589395876,0.00612064726500203,0.0295753928218784,0.00737598496697843,-0.0140298012762072,0.0162798406245289,0.0118819995248857,-0.0437360056007616,0.0372303956432373,-0.244881142172893,-0.213945710730537,0.0291172487867687,-0.0264191923227039,-0.2585424570222,-0.1626353330565,-0.0690923740938255,0.015238871932581,0.0150492389499076,-0.173657025668678,-0.0709965681366603,0.0143332432425487,-0.269830728681004,0.0202736880710562,-0.0057696226199569,-0.103971842619086,-0.0548633430779695,-0.230397417061301,-0.0936418339973653,-0.0289797938634546,0.0194702967712677,-0.311238443787158,0.0358498588372686,-0.225525397599105,-0.532225227742719,0.049484392177359,-0.414937528643119,-0.225403286105993,0.00593215764810847,-0.0685074430375507,-0.0898929513629866,0.0353809082257808,-0.0194505486383954,-0.00759626988442331,0.0305101238473702,0.017432998939008,0.00849996706512611,-0.42507081277668,-0.0411933581074478,-0.185560480925973
"X_Fumaria_capreolata",-0.0152553786300164,-0.00997683108754063,-0.00710014859723654,-0.00478988428061073,-0.000402740299010571,0.0142997748691616,0.000888325960044669,-0.00692724829212095,-0.116486902505802,-0.0221389517870224,-0.00228987217284824,-0.012325529231437,0.00632459155045389,-0.0305493691870002,0.00766170298622081,-0.00208341682736021,0.0169280647209852,0.0156829309827952,1,-0.00440783774057655,0.00818181680470184,0.00073381202683683,0.00523712737142863,-0.0139892370018495,0.00614156066968406,0.0018654493438701,0.0114011931105591,0.00110762162133053,0.0420448586909832,-0.0216775364764283,-0.0115196684668096,0.00181191252075358,-0.0111930743515749,-0.0084138975379532,0.00112341041806266,0.00566428153683261,-0.0203471833601933,-0.0276747120357172,-0.00451119318857037,0.0254556539139427,0.00315760593737446,0.00392476827375387,-0.0203778365586349,0.000102055985189379,0.00444272839401553,0.00514619140621891,-0.00062689043021677,0.00565066341127349,0.012536330666201,-0.034238553855178,0.00367431643456161,0.0240812739615324,-0.0077002764055601,0.0106935499852564,-0.00304630219597278,-0.0345638601612496,-0.00437391011854876,0.025229524495175,-0.0881485096896551,-0.011843945137263,-0.0091977255259759,-0.0208463209542948,-0.0129173009764389,-0.0222447770433856,0.0130793083130007,-0.0202041361848972,-0.0251822930654729,0.0194123798059924,-0.00262769822539335,0.00386525983860534,-0.110511441284323,-0.0702150698360273,-0.00975314678227285,-0.117650388810284,0.0202197162652191,-0.0843066795971163,-0.0322421114780674,0.00867600528004097,-0.0308610355412367,-0.019392054653858,0.0242961438289329,-0.0487904039737298,0.00357800461197974,-0.0021758128794797,0.00835516134422348,-0.00152424848817802,-0.0797766529977888,-0.00928004733929065,0.00290478152765266
"X_Galium_murale",-0.0589095834678543,-0.0184739368445838,0.00890761858678347,-0.0105111425920266,0.00344624200203201,0.00317876477567353,-0.0042256669804845,-0.00882477517704065,-0.366798122091757,-0.0931611854154709,-0.0360524426594046,-0.0684154016176456,-0.00616756923026593,-0.0804846420802319,-0.00874734762374154,-0.004735459331687,-0.00561498879723463,-0.00923073973771938,-0.00440783774057655,1,0.0012051942620287,-0.0047385073511344,-0.00766653015221283,-0.0521464158786626,0.0096800700744795,-0.0122068792395413,0.00337456504777676,-0.00375759141695155,0.0038861925711848,-0.0553455333220247,-0.0300776552399259,-0.00197072212696217,-0.0312244654791362,0.000973277704070272,0.00702305568612153,0.0018365434426323,-0.0202073399900079,-0.191873200233093,0.00875034805248346,-0.0309586545304962,-0.0173482776281621,-0.00200382257483909,-0.00829525779453493,-0.0108866152705975,-0.0120080468493,0.0041621108462871,0.00136362617777486,-0.0156887838333211,0.00389671966725054,-0.208721904796666,-0.0130979619347905,-0.00570462963574118,-0.00171931927503051,-0.0342643401998181,-0.00986013540832861,-0.0323704952196412,-0.0126827644373183,-0.0101933024676567,-0.316019929327832,-0.0569367753014205,-0.0185396607392412,-0.0669836821239942,-0.0243552165945545,-0.0381461748505269,-0.00581947758359783,-0.0357643336674354,-0.0634073430936994,-0.015425206196344,-0.0042261126297976,0.00148300990094301,-0.423142272996645,-0.0756807292161415,-0.0130059533838594,-0.548829737369501,0.00843055608050908,-0.199735166988045,-0.0129883390448445,-0.00245073840994854,-0.060339830045162,-0.0727761475953796,0.00359889517893221,-0.0150862443312983,0.000726296705244426,0.00832337666066238,-0.00238943600009433,0.00564634722489369,-0.321244057484469,-0.0229442699416244,-0.0156822516581427
"X_Geranium_molle",-0.0738703925529605,-0.0189085200138356,0.0195673467286019,0.00709744893362391,0.00858631859756961,0.0183786666407968,-0.0164863067803294,-7.57234414699615e-05,-0.46610048050447,-0.0985269854194163,-0.0296275459238097,-0.0694704341478303,0.0018428903810604,-0.0952155529415115,0.00122097754661002,-0.00198049686281429,0.00987597747068892,0.0154345848322339,0.00818181680470184,0.0012051942620287,1,-0.000432564837062096,0.000134273014062433,-0.0647100809947623,0.0140347966229709,-0.00657532530285528,0.0074607496745098,-0.010115749309927,0.0300137018985839,-0.063070343931479,-0.0396315956701665,-0.0030729136050197,-0.0353713584972033,-0.000949897219853953,0.00773833017163606,0.00396874277527192,-0.0187301326970196,-0.160404359375587,0.00658163619982002,0.0112455676554149,-0.00742598627861435,0.00394108374545152,0.0135503418895046,0.0021004717534619,-0.00395858083723593,0.00743980736709248,0.00945362465163102,0.00515768099562749,0.0160266620370656,-0.193926549991567,-0.0134539409376696,0.0144821081493685,-0.00796745180733313,-0.0112121322825965,-0.0640315959968311,-0.0361394374128552,0.00921599498459138,0.0184355921488538,-0.359227291294142,-0.0513762337893193,2.51856846728005e-05,-0.161913798245141,0.0115079169845408,-0.067522321652032,-0.00228120115143647,-0.0414403548123203,-0.164082347780965,0.00717313434388971,-0.0128087110979073,0.00948997333593905,-0.422054330560877,-0.150756664547059,-0.0475316158769818,-0.53697065766599,0.0236316877056472,-0.35066243583716,-0.0478311966668992,0.00638990198795929,-0.052857504969667,-0.0795388369954873,0.0180539774046067,-0.0307305201028521,0.00449425517466914,0.00971085202894703,0.0116634001306313,0.00521053712265546,-0.326797933944136,-0.027941356257152,-0.0100202364296728
