"","X_Arctotheca_calendula","X_Acacia_longifolia","X_Avena_barbata","X_Briza_maxima","X_Briza_minor","X_Bromus_diandrus","X_Carpobrotus_edulis","X_Catapodium_rigidum","X_Cirsium_vulgare","X_Commelina_sp_","X_Conyza_bonariensis","X_Conyza_parva","X_Crassula_alata","X_Cynodon_dactylon","X_Dischisma_arenarium","X_Ehrharta_calycina","X_Ehrharta_longiflora","X_Euphorbia_peplus","X_Fumaria_capreolata","X_Galium_murale","X_Geranium_molle","X_Heliophila_pusilla","X_Hordeum_leporinum","X_Hypochaeris_glabra","X_Lactuca_serriola","X_Lysimachia_arvensis","X_Moraea_flaccida","X_Paspalum_distichum","X_Pelargonium_capitatum","X_Pennisetum_clandestinum","X_Pentaschistis_airoides","X_Petrorhagia_dubia","X_Poa_annua","X_Poaceae_sp","X_Polypogon_monspeliensis","X_Romulea_rosea","X_Rumex_sp","X_Solanum_nigrum","X_Sonchus_asper","X_Sonchus_oleraceus","X_Stachys_arvensis","X_Trifolium_campestre","X_Urospermum_picroides","X_Ursinia_anthemoides","X_Verbascum_virgatum","X_Vulpia_sp","Acacia_saligna","Anthocercis_ilicifolia","Austrostipa_compressa","Baumea_articulata","Baumea_juncea","Caladenia_latifolia","Carex_fascicularis","Cassytha_racemosa","Centella_asiatica","Cyperaceae_sp_","Daucus_glochidiatus","Dischisma_arenarium","Eucalyptus_rudis","Gahnia_sp_","Geranium_solanderi","Hardenbergia_comptoniana","Hibbertia_cuneiformis","Hydrocotyle_sp_","Isolepis_cernua","Juncus_subsecundus","Lepidosperma_gladiatum","Lepidosperma_longitudinale","Lobelia_alata","Lobelia_tenuior","Melaleuca_rhaphiophylla","Microtis_media","Myoporum_caprarioides","Persicaria_decipiens","Podotheca_gnaphalioides","Pteridium_esculentum","Rhadinothamnus_anceps","Scaevola_crassifolia","Schoenoplectus_validus","Sonchus_hydrophillus","Sowerbaea_laxiflora","Spyridium_globulosum","Tetraria_octandra","Thysanotus_multiflorus","Trachymene_pilosa","Tricoryne_elatior","Triglochin_centrocarpa","Unknown_climber","Viminaria_juncea"
"X_Arctotheca_calendula",1,-0.0140764102370414,-0.124024022236395,0.000429474281861599,-0.0585644935349582,-0.00575520572022502,-0.18335193381542,-0.0150580155609181,0.000339911122610818,-0.139680771244851,-0.0973397328036346,-0.0617471065184474,-0.16707330352981,-0.00954047771307032,-0.211177820422135,-0.0258741373415816,-0.0702763439208301,-0.0385778876431325,-0.159939116411662,-0.13645875405955,-0.0949369283081291,-0.0870749197518803,-0.0639035562368808,-0.054103064260367,-0.045925217138897,-0.136336547967537,-0.0451412788457002,-0.232143242107919,-0.240447041684048,-0.0585419786610356,-0.222377989017757,-0.0493010703171008,-0.0344602569892111,-0.0231135410903482,-0.0542098707090478,-0.0891189040845352,-0.0315668988717111,-0.124200392318085,-0.0312174023271812,-0.136318312252429,-0.0555907952732033,-0.0281901861485128,-0.00738921795180624,-0.0588299099298898,-0.0930429396318848,-0.0104492692833258,-0.255820764805465,-0.0873977177492527,-0.00737499337781321,-0.0820687874554647,-0.186577489444821,-0.0934163597732979,-0.387649558895489,-0.362283069459243,-0.336868913974322,-0.11169443988576,-0.00968827890696568,-0.206022465481645,-0.0646687395675229,-0.072258011361145,-0.0148534015600705,-0.276705219753159,0.000577493735935309,-0.0805709402136233,-0.167341966117531,-0.0917345522721117,-0.174677651302286,-0.315936038680669,-0.120603362257266,-0.0152324358492445,-0.088308760823689,0.00047783755855996,-0.292426738809794,-0.218532372470972,-0.0638051282055727,-0.344639805675228,-0.391366102002111,-0.167295039654938,-0.213131407129906,-0.0815950558545432,-0.085297792857931,-0.139068265412598,-0.12859424715575,-0.0294472318421631,-0.145064692179072,-0.102538288754505,-0.305914954602418,-0.122063147159961,-0.29991268595974
"X_Acacia_longifolia",-0.0140764102370414,1,-0.227513801533886,-0.079489145826802,-0.115924241149782,-0.0722804964402868,-0.435483488607117,-0.0368159731311899,-0.0703873812043828,-0.332344560995979,-0.236032801898119,-0.130703869293475,-0.363807169014355,-0.051121524769833,-0.474667555369911,-0.057469349869849,-0.159331255429634,-0.0573931061912443,-0.376654476401396,-0.244249537894084,-0.136955597532489,-0.177476835580978,-0.126380110428117,-0.0998665386044291,-0.103309653826434,-0.274833625558512,-0.116406739988646,-0.581542604340994,-0.530853919744541,-0.117985452512548,-0.438431437988771,-0.118046264827652,-0.0732892754675016,-0.047718379636027,-0.0939229955665117,-0.167726313447896,-0.0913290847409518,-0.314395247205117,-0.102257856739638,-0.375896499889388,-0.133119146353577,-0.0738218113144012,-0.0517949128668995,-0.107675257784201,-0.155179875636177,-0.0219891261675524,-0.571769113395293,-0.200133810644517,-0.0884765545519797,-0.21558363119131,-0.416471454182966,-0.177294326190616,-0.86064914080809,-0.795617777407215,-0.814982042520442,-0.248924656544642,-0.100396186428404,-0.44291885485043,-0.150295410089932,-0.142033309654328,-0.0379811753492558,-0.592382468881309,-0.082551123293711,-0.164371660216007,-0.427217820258357,-0.199517374999826,-0.397258193351682,-0.687750654859192,-0.22314476915963,-0.0558058205939083,-0.185496088290897,-0.0811405266709687,-0.672796993504156,-0.444623516687578,-0.132450857285132,-0.733995544136411,-0.839389659747512,-0.314837855519082,-0.501640947784577,-0.184570097416435,-0.168782990990434,-0.296427750263435,-0.316524763661309,-0.067560773010191,-0.337167901274028,-0.237069464691634,-0.731530259699937,-0.25571704134207,-0.702996676162983
"X_Avena_barbata",-0.124024022236395,-0.227513801533886,1,-0.202567042153267,-0.537969872937722,-0.271548291494136,-0.156537501647781,-0.276025185563228,-0.124641357958788,-0.598070744788165,-0.0929297241725122,-0.0076310423321398,-0.82934528063975,-0.0648090874571759,-0.836032588910154,-0.290678960675115,-0.471229823129929,-0.522992123055323,-0.834859165832003,-0.773902459492644,-0.714332184382962,-0.559081326352665,-0.709026105331953,-0.35638951475733,-0.571404396214704,-0.799177221850123,-0.692368866156102,-0.145904683194341,-0.766319146477239,-0.0211831883061561,-0.601676311075048,-0.598406277154819,-0.230196134758598,-0.421209557455952,-0.500369819396836,-0.641216853105863,-0.180360314166205,-0.0312251582752929,-0.274672120632128,-0.178131304559385,-0.325028205662618,-0.478227408817654,-0.161190124943611,-0.587143290293523,-0.640923686932557,-0.178459550757717,-0.683755001987512,-0.593566087537023,-0.405585866526156,-0.0114049841996547,-0.561686901017267,-0.804517961821025,-0.784568228609887,-0.605631797572782,-0.832307735313027,-0.391108574500738,-0.446566336364911,-0.832358564675756,0.158092436427044,0.00305364617594738,-0.277464399923481,-0.197857436917433,-0.266891924811061,-0.582943757663934,-0.820958482709844,-0.0723046631712876,-0.324265511000682,-0.669822137669764,-0.485710893191523,-0.421334675460312,0.0781502981178455,-0.1279283641156,-0.476613129800974,-0.126958799076996,-0.737274604429783,-0.503927758956174,-0.800410974786279,-0.644634421108208,-0.650115107450234,-0.0223500462571515,-0.802326243275046,-0.0499028408303162,-0.338348541399029,-0.575696765638742,-0.755134096260266,-0.646175606226241,-0.37489327104872,0.0157840420565632,-0.332391249001289
"X_Briza_maxima",0.000429474281861599,-0.0794891458268021,-0.202567042153267,1,-0.284141407405772,0.0573599544815431,-0.53166827324922,-0.0514309213537901,0.141868011303037,-0.543914655892473,-0.326978181646129,-0.221403981922399,-0.514651484677685,-0.0489815260806449,-0.609796267750397,-0.105127744116297,-0.305368975787474,-0.069067872061322,-0.552416546704199,-0.465729015055638,-0.268468950929031,-0.327185060160263,-0.223904799423194,-0.211940081829663,-0.255905322716894,-0.475107267064811,0.0316628590678479,-0.679925395501333,-0.69145235907201,-0.169461672259719,-0.774585092897653,-0.191135326120426,-0.151628937032138,-0.0691266974401553,-0.238210473993051,-0.330190714004269,-0.207464230952509,-0.386320742031978,-0.152604621602666,-0.476966083371581,-0.308342769214602,-0.0389898387474354,-0.0276517809753139,-0.252953172999393,-0.352596221289674,-0.0231544761748366,-0.71476491376981,-0.371910445186578,0.213898578121927,-0.308584521022165,-0.579346083110954,-0.263001508998649,-0.925213866749492,-0.862624945839042,-0.878967271318267,-0.449884271532498,0.299484593234787,-0.625934627033169,-0.108130160965959,-0.243857046821923,-0.0527586044824878,-0.681882369496251,0.220496738497452,-0.309875744999046,-0.536938468019086,-0.327524104759276,-0.511653132915033,-0.791276082902084,-0.439243710397861,-0.00642547991878254,-0.247349811506691,0.229634059765223,-0.773106113726411,-0.594726005194996,-0.200828701881417,-0.813722792891196,-0.907980087214499,-0.549139203780508,-0.770185065083125,-0.306875562330071,-0.195531185151807,-0.429654784956562,-0.617037054222012,-0.0499083779087735,-0.522246216481418,-0.403085671333312,-0.816102794642811,-0.367040553028622,-0.809731903374565
"X_Briza_minor",-0.0585644935349582,-0.115924241149782,-0.537969872937722,-0.284141407405772,1,-0.161431799165076,-0.394503180223817,-0.0629143523060104,-0.347834991589671,-0.0868869500450556,-0.27072381269416,-0.217054532598709,-0.0281790196809654,-0.178849089285186,-0.0510801841573287,-0.0243267320940494,-0.0847847184251379,-0.0391472686341246,-0.0385806926105796,-0.0354095691954611,-0.0278735762757939,-0.020187088497169,-0.0270052943866715,-0.0169287038615822,-0.0458252383655022,-0.0351618170644293,-0.0499952287532783,-0.616449368481125,-0.0805085851166472,-0.304715699196343,-0.14398748980941,-0.0542834121563914,-0.029860023266463,-0.0539834743570774,-0.0246163050943792,-0.0180590862065607,-0.238451088318087,-0.42348500665307,-0.113133955418812,-0.316101274759365,-0.0520738876867323,-0.0454245229347215,-0.204587995131773,-0.0314269901629672,-0.022507054940331,-0.0452394967735441,-0.111272696364837,-0.0237841674090938,-0.19813439427814,-0.415295907107644,-0.0910651050272916,-0.0213682478419278,-0.282142867129687,-0.344401616472334,-0.191035871314764,-0.0940729222756351,-0.165145356881135,-0.0548433530586505,-0.430057202600732,-0.336097752206925,-0.073968147185956,-0.529749376121413,-0.276027059078915,-0.0216180873291876,-0.0353398028762546,-0.178263170644295,-0.181124829482421,-0.209507796955469,-0.0382319592383736,-0.156811457012431,-0.383128244089543,-0.415295921069543,-0.335150239529922,-0.429352047720485,-0.0147228469020087,-0.399171713426792,-0.236063520499662,-0.0498656861231682,-0.153815559327443,-0.388098524284619,-0.0206661953705159,-0.397317275447778,-0.151456602043475,-0.0641710963165082,-0.0430012603613665,-0.0571965685958324,-0.537660666119163,-0.485526014555498,-0.483643987069771
"X_Bromus_diandrus",-0.00575520572022502,-0.0722804964402868,-0.271548291494136,0.0573599544815431,-0.161431799165076,1,-0.481543983839184,-0.0371689512725385,-0.00525510300773625,-0.392029520387278,-0.285998306929333,-0.210532831344542,-0.336959049940201,-0.0435352063979293,-0.425433157525547,-0.0721160853743576,-0.197468207232812,-0.061567177893576,-0.341062429178042,-0.298002598157704,-0.169534144362614,-0.185262426192714,-0.154067234441806,-0.142085721161288,-0.12994527641358,-0.302170867279101,-0.0526575678270268,-0.61122123036505,-0.503485654713764,-0.163853866701176,-0.562033490867991,-0.137042273885725,-0.105766145561712,-0.0313413202828501,-0.147016669467109,-0.188055676638245,-0.14668826678487,-0.371698349847792,-0.103605044484445,-0.413553553517619,-0.178326184621915,-0.0247527003946553,-0.0210437806013586,-0.151982183873554,-0.200470680834314,-0.0222450405746976,-0.56201055645658,-0.222453623543968,0.0326342004052671,-0.297166902014453,-0.426398383070003,-0.185590649110658,-0.77571337011248,-0.741035151521972,-0.708190039508758,-0.319691098386069,0.0595848905829791,-0.420406138635302,-0.176878971878387,-0.264143138034712,-0.0405662552232391,-0.605313980648267,0.0526014787495192,-0.191138284998495,-0.365360863208309,-0.292335244892993,-0.415969104870406,-0.633970519961353,-0.287829716001476,-0.00995558558693468,-0.246574047409521,0.0201235266885942,-0.640844326431191,-0.54037424051127,-0.13274101512237,-0.71106874470874,-0.745955812957565,-0.37040930631443,-0.555055530117212,-0.304664330487574,-0.17825236769524,-0.375673606491483,-0.450741484262926,-0.0512942450244488,-0.369164977585683,-0.272381695263316,-0.721072608442175,-0.355487233160425,-0.68174843931309
"X_Carpobrotus_edulis",-0.18335193381542,-0.435483488607117,-0.156537501647781,-0.53166827324922,-0.394503180223817,-0.481543983839184,1,-0.440519505599835,-0.44644013310639,-0.329892389088361,-0.0097300291822324,-0.046713214938106,-0.668823341182604,-0.208349761333871,-0.651260423805301,-0.209862733080515,-0.494233011713315,-0.6110884768308,-0.660710042531811,-0.647702401326905,-0.667520553129141,-0.379159298548838,-0.610343256616204,-0.274365457332557,-0.481945911902542,-0.680993346309905,-0.750474157827695,0.0169134571799409,-0.523921446841348,-0.090378320386249,-0.243131921277605,-0.61690129327866,-0.193344880115193,-0.513568980856936,-0.400090176212298,-0.478279176347399,-0.271330901467471,-0.00746506728838292,-0.306769873782534,-0.0579045642833457,-0.184450112871237,-0.548972053444229,-0.377861116974885,-0.554821395820498,-0.507562896460874,-0.300676796582495,-0.398671855522968,-0.374505676393248,-0.679405122997866,-0.127738419399769,-0.352766567798185,-0.730965448109638,-0.315908675364557,-0.223149981334073,-0.441531642735242,-0.191696836147305,-0.691369891198617,-0.650381828926995,-0.0338529474228389,-0.0281650493358877,-0.393992609433005,0.0272827940910926,-0.619790488377474,-0.397632468492725,-0.64137964832639,-0.0233080891481026,-0.0950969436945991,-0.332444178846904,-0.233521756415196,-0.623934939707692,0.00508273173606339,-0.503179217741973,-0.135644482189843,0.00497691337142727,-0.716083431482667,-0.131174042379083,-0.39169521169283,-0.453033497272831,-0.234342461892367,-0.0400428981287378,-0.73682296669703,-0.0166514722840122,-0.116274708235289,-0.65191735658994,-0.619018476466171,-0.636967225948138,-0.0344216398437032,-0.0203587742104021,-0.0390116440746383
"X_Catapodium_rigidum",-0.0150580155609181,-0.0368159731311899,-0.276025185563228,-0.0514309213537901,-0.0629143523060104,-0.0371689512725385,-0.440519505599835,1,-0.0857248981446818,-0.201196779203556,-0.246441154806429,-0.171694428192975,-0.188356795785425,-0.062202692425341,-0.243601220920198,-0.0309693832842684,-0.110805586450569,-0.0263156846945052,-0.218806800091088,-0.165052392120347,-0.0856857378855507,-0.110897399693252,-0.0686357272771921,-0.0642145657259684,-0.0597535504062522,-0.17515934299456,-0.0480478416045428,-0.647520633833579,-0.340571432700672,-0.131049693497665,-0.360801394991363,-0.0544738127341064,-0.0475651307204151,-0.0211910942069041,-0.0734318958025533,-0.0853837685335771,-0.0928074880415859,-0.37234475650573,-0.063648902306325,-0.342476750133882,-0.0988683451165073,-0.0253645795978638,-0.0381144393882527,-0.0545063819750787,-0.0954896631171537,-0.0111990536532099,-0.449337507898301,-0.10342490102098,-0.0341020682140883,-0.295807646186418,-0.295407658574519,-0.0954115393710608,-0.705296982443002,-0.701445588553461,-0.613472064882535,-0.176717432163444,-0.0372960289987847,-0.252836129839036,-0.226123355727161,-0.221459455648447,-0.0267601972804554,-0.616392592988024,-0.0566257005460378,-0.0903899866326918,-0.206175199361828,-0.186553084880652,-0.34710143677634,-0.55210667418132,-0.139799587210734,-0.0292755551168903,-0.272917293213802,-0.112320173000829,-0.598035011113345,-0.498425363518652,-0.0708575894559848,-0.668763162162623,-0.685409690866327,-0.186337911942812,-0.357007305069725,-0.224730492046146,-0.0851644221166633,-0.332740613029543,-0.242781647189875,-0.03901177120449,-0.206512477603736,-0.104657944277518,-0.710547154780231,-0.322113630788059,-0.685892300123391
"X_Cirsium_vulgare",0.000339911122610818,-0.0703873812043828,-0.124641357958788,0.141868011303037,-0.347834991589671,-0.00525510300773625,-0.44644013310639,-0.0857248981446818,1,-0.503343334540008,-0.256818035008626,-0.131382796115596,-0.646359645044289,-0.0399142866304975,-0.711842174557506,-0.12853816932771,-0.328608093176851,-0.223210037125595,-0.668772439119984,-0.589670143029188,-0.434633167653597,-0.389153445183454,-0.414147694930055,-0.221160147530991,-0.331153758021378,-0.603655753532455,-0.276578698769646,-0.543887800944272,-0.68161705389951,-0.102239881332013,-0.685330282050735,-0.330624559758967,-0.160590412511213,-0.141576115306121,-0.260084527974795,-0.401439892889009,-0.181524395739562,-0.307923650363097,-0.169129113255477,-0.395888235056107,-0.273067602417638,-0.145688838329046,-0.0373659457154281,-0.329576348999996,-0.422792071005946,-0.0555930183740863,-0.676934406935615,-0.390993950261343,0.0128078323428496,-0.177967015292751,-0.535650019847805,-0.511325566040351,-0.841010702133281,-0.768630477955674,-0.829585541497876,-0.424648619969214,0.00367876470495117,-0.694072756309594,-0.0361214504846821,-0.131087385177867,-0.10284404783125,-0.558358882134947,0.106717108827227,-0.35657677698835,-0.664075279831612,-0.245749979023193,-0.443322539724526,-0.712374267351903,-0.406401593936752,-0.0937785680108912,-0.148187120167644,0.163981418629736,-0.700704378927607,-0.457893300733392,-0.428926003366589,-0.713533720405457,-0.840648045862188,-0.545056939142708,-0.680968045371534,-0.203572893107515,-0.495013812554253,-0.279941704582426,-0.531203243772395,-0.191449446024996,-0.608804048002759,-0.440762564426246,-0.7074081645464,-0.263777386584566,-0.681701534759444
"X_Commelina_sp_",-0.139680771244851,-0.332344560995979,-0.598070744788166,-0.543914655892473,-0.0868869500450556,-0.392029520387278,-0.329892389088361,-0.201196779203556,-0.503343334540008,1,-0.189744212842217,-0.223728787762567,-0.108299339976462,-0.313659783651066,-0.069777744125909,-0.0869615102538517,-0.232126330700159,-0.260362047354802,-0.104858376415573,-0.145487793174333,-0.210085363739001,-0.033780924590685,-0.194017471711904,-0.0461151898829883,-0.189640679554729,-0.131830317301528,-0.364297640752998,-0.442227026484156,-0.0399584585744482,-0.310248983086745,-0.0389040856248849,-0.255646332509948,-0.0558938499895584,-0.255563191811494,-0.0941937306903178,-0.0605416519675193,-0.318299066812355,-0.366730466879946,-0.213932259636115,-0.282976383289136,-0.0393805466750434,-0.269850297790479,-0.379802522174255,-0.172914941982768,-0.0886871003199706,-0.161662776942899,-0.0235932828194998,-0.0559340439911906,-0.512975940097169,-0.408779639659431,-0.0301516013147039,-0.212542167054361,-0.044731583507374,-0.100083134426559,-0.0220236556659146,-0.0152128632230405,-0.499895660028953,-0.0733099883413632,-0.423225625264927,-0.304956734731505,-0.230955085818732,-0.315544913922411,-0.580116252358837,-0.0346345748394,-0.0707957889786054,-0.129379929315859,-0.0646112617181552,-0.0328355173553715,-0.0136324742315696,-0.377143397676965,-0.336320419862253,-0.63568276433003,-0.0960002188905513,-0.262190111647102,-0.210378366812091,-0.123723406229456,-0.0400001987838501,-0.0577089822345978,-0.0315877420066946,-0.337455157521445,-0.204685375308301,-0.300370642907882,-0.0795889402394867,-0.342187985879619,-0.135592238366323,-0.256257978481494,-0.223354389822656,-0.441731018519385,-0.20271455973582
"X_Conyza_bonariensis",-0.0973397328036346,-0.236032801898119,-0.0929297241725122,-0.326978181646129,-0.27072381269416,-0.285998306929333,-0.0097300291822324,-0.246441154806429,-0.256818035008626,-0.189744212842217,1,-0.0235599808884495,-0.454094443637284,-0.121185571187122,-0.452778758690737,-0.112705652562023,-0.304610224235877,-0.374847704632152,-0.477377695653993,-0.44680160840116,-0.441831963196293,-0.238099437601853,-0.413305761894651,-0.167170744181671,-0.286108997197867,-0.468105198890275,-0.513097298495114,0.00245145034884307,-0.362103995397297,-0.0556032660054955,-0.125317512366245,-0.395580255425239,-0.126152087463599,-0.331888253808973,-0.236625559905695,-0.282672932637822,-0.163458525342103,-0.00379075416906572,-0.170240253878652,-0.0348877810319908,-0.12417883745798,-0.313561135411906,-0.207371800006419,-0.296174858883774,-0.308160032083089,-0.166338723357667,-0.285884464212886,-0.237707227180213,-0.416792238227182,-0.05083042395208,-0.230876527009167,-0.530416246039628,-0.230981837929188,-0.139996609031747,-0.30698787748786,-0.0964612471395785,-0.463948462714435,-0.462886002876488,-0.0345341351350606,-0.0171532266517001,-0.241491594609087,-0.00111167350485401,-0.377012505414813,-0.266702351461944,-0.437354302483593,-0.0126719072157778,-0.0662056314732207,-0.222884100619831,-0.150515245265946,-0.379128842964806,-0.0114119104798939,-0.295955378250483,-0.0828291534249807,-0.00351907976612988,-0.470449752356268,-0.0906232526599117,-0.276495319748046,-0.277239044005014,-0.147909215461274,-0.026767376145561,-0.538838901161866,-0.0171346532807679,-0.0684397698288656,-0.41253348020479,-0.419932845290713,-0.418907471816234,-0.0212916442427641,-0.022635771785921,-0.029290039738746
"X_Conyza_parva",-0.0617471065184474,-0.130703869293475,-0.0076310423321398,-0.221403981922399,-0.217054532598709,-0.210532831344542,-0.046713214938106,-0.171694428192975,-0.131382796115596,-0.223728787762567,-0.0235599808884495,1,-0.486726248890619,-0.0574685278966672,-0.50008516831395,-0.101032534742008,-0.238907536550849,-0.300224713589215,-0.49325951091334,-0.437941540714784,-0.409466403558235,-0.222933054862463,-0.391323748431232,-0.142062045882033,-0.243171171485318,-0.49243799970607,-0.460791037156408,-0.0385367604195299,-0.441200649144051,-0.0169409852940467,-0.214044630979101,-0.319801675252235,-0.103735414689397,-0.233146143296926,-0.179423786988616,-0.281610433540236,-0.112130885323766,-0.0158596406551927,-0.134951151657165,-0.052891398315528,-0.108053346545134,-0.268706031775712,-0.120766589505925,-0.279587800203569,-0.290778771981584,-0.0984587928264698,-0.34303394951926,-0.239972000936975,-0.283928026518483,-0.0162130762632096,-0.271069412909467,-0.501596847032393,-0.351371831409056,-0.256874425967492,-0.425644906244839,-0.129584797314866,-0.314977454647582,-0.496343358224554,0.00207048630790615,-0.0036523322667487,-0.13399522271386,-0.0712217616474802,-0.224859872038246,-0.252010461898603,-0.469345611151529,-0.0316361808979511,-0.113583161413349,-0.298597141486311,-0.167375412945914,-0.256102771887914,0.0026142928554171,-0.14087226570241,-0.184341792589743,-0.0479172242806935,-0.443342661388801,-0.180354570063783,-0.377070510455688,-0.282242350763854,-0.213954673213644,-0.0114752535302215,-0.501189604777821,-0.0170649769045615,-0.0987202117625923,-0.318482279335086,-0.436413486399945,-0.382302334059459,-0.119600936788027,-0.00666566647027087,-0.136309396496729
"X_Crassula_alata",-0.16707330352981,-0.363807169014355,-0.82934528063975,-0.514651484677685,-0.0281790196809654,-0.336959049940201,-0.668823341182604,-0.188356795785425,-0.646359645044289,-0.108299339976462,-0.454094443637284,-0.486726248890619,1,-0.45040059116972,0.375293789445566,-0.046815996094133,-0.188434912466747,-0.0893073065272025,0.350120341689214,0.267060130482333,0.183136615361591,0.0252104636801839,0.0258723668625073,-0.0391345641448826,-0.117256460334139,0.374022896250192,0.121448866610655,-0.908170333863966,0.266715927249427,-0.679765390692271,-0.184414665857583,-0.0893845555119843,-0.0541858857540165,-0.0962367470273887,-0.0398997143973494,0.0289345888343151,-0.535023708426337,-0.714379707870794,-0.251149522406071,-0.556169649011711,-0.0833243477310286,-0.11861677470562,-0.443034515532504,-0.0911681224232218,-0.013105248837188,-0.107446267770319,0.0675866171524864,0.0139573535984691,-0.447224961144244,-0.839555674141284,0.0181020935273502,0.311529545381051,-0.190205424765205,-0.305005846188954,0.0689147090906084,-0.123962330426049,-0.334867268831239,0.380441081499324,-0.617865020163886,-0.753025169966112,-0.188140003717085,-0.699214711031798,-0.562458662167317,-0.01838095011362,0.136843184461665,-0.36545631954348,-0.231073747969644,-0.0959408905660694,-0.0183669322112771,-0.344994108558491,-0.55973217783697,-0.746510893566864,-0.353365164353482,-0.651183412908202,0.127497378789145,-0.478558351911913,-0.0864218159530224,0.0533951865108893,-0.127782503202755,-0.777144498329612,0.355211364218973,-0.606692894554408,-0.333815904156835,-0.173257186547168,0.208001661512269,-0.0885171160282002,-0.702582311933459,-0.776404598184211,-0.585706820571412
"X_Cynodon_dactylon",-0.00954047771307032,-0.051121524769833,-0.0648090874571759,-0.0489815260806449,-0.178849089285186,-0.0435352063979293,-0.208349761333871,-0.062202692425341,-0.0399142866304975,-0.313659783651066,-0.121185571187122,-0.0574685278966672,-0.45040059116972,1,-0.553774364848311,-0.0711814303321609,-0.163324698596273,-0.107041188667638,-0.461139142079571,-0.371775600139259,-0.25589195163948,-0.220731721769141,-0.229606315918007,-0.136745538628117,-0.161139352581812,-0.412025491415217,-0.16069038954783,-0.291865810347544,-0.539460263258582,-0.0402359973469661,-0.381353937186098,-0.17011097563999,-0.0954006844376007,-0.0914424135685642,-0.143472599689261,-0.231990947860438,-0.0541104975703006,-0.139212128863173,-0.0802663946279782,-0.200584738988246,-0.124593567342155,-0.100382911885061,-0.0402747076315064,-0.15349210394563,-0.227116888982505,-0.0360371483084522,-0.531928603777863,-0.238770077311617,-0.0785307435627597,-0.059031174050357,-0.386481140786255,-0.340205751399406,-0.681127368523399,-0.621679016316569,-0.704079712569864,-0.203921230510668,-0.0644309176813202,-0.520123445481589,-0.042144975756736,-0.056780369741939,-0.0632483266726367,-0.338590114437176,-0.0466566230378515,-0.148298817222159,-0.474346728896659,-0.119530341412647,-0.272282276496537,-0.560316532200915,-0.255291069256542,-0.0630790355704085,-0.0715931027363566,-0.0409816039808965,-0.450052768614227,-0.260828904625171,-0.269390837575031,-0.49393001402721,-0.701677968759012,-0.345610390127336,-0.363211617420323,-0.0738628626478183,-0.298744438431613,-0.128541887351308,-0.244022331295735,-0.117998784406075,-0.385700397414351,-0.262163623460088,-0.454682695307008,-0.146255840235383,-0.443618338388243
"X_Dischisma_arenarium",-0.211177820422135,-0.474667555369911,-0.836032588910154,-0.609796267750397,-0.0510801841573287,-0.425433157525547,-0.651260423805301,-0.243601220920199,-0.711842174557506,-0.069777744125909,-0.452778758690737,-0.50008516831395,0.375293789445566,-0.553774364848311,1,-0.0645632231554273,-0.270722635668453,-0.168945655929695,0.473414603222717,0.311148954663076,0.179114873186978,0.0243676948669236,-0.0151244255966791,-0.03888228039214,-0.155813540278379,0.524820728354564,-0.00258959844612888,-0.886282106714283,0.473413429352254,-0.702084806408354,-0.141407233716394,-0.167427860690018,-0.0610243832349937,-0.140234288936384,-0.0506722035413798,0.0346866523034337,-0.616618536110467,-0.709786257734046,-0.300555029897846,-0.557133316875976,-0.0866622203729192,-0.150285671191803,-0.567834612524786,-0.139155472251485,-0.0333496423083439,-0.171566879938182,0.186019938489133,0.0117237450898869,-0.578076397003396,-0.844908705128393,0.0746418803426616,0.365169827484053,-0.0998603161495814,-0.253849133733679,0.183283568492183,-0.119864359771504,-0.486262616924602,0.650364218029352,-0.625876228736479,-0.773266376826131,-0.250843066176169,-0.667112540185193,-0.691399486535698,-0.0343049006842064,0.143175129104045,-0.334230259339324,-0.210169688204234,-0.00984230507288415,-0.00461290267964242,-0.443897224166212,-0.551318439953197,-0.826600578971649,-0.318516040526928,-0.621844928762159,0.0802103213034628,-0.42574324134539,0.05163041010734,0.0720207588841816,-0.0851854585456137,-0.791952546311134,0.386614272264251,-0.597473778108591,-0.298096453235609,-0.264585747660333,0.266619639863575,-0.0779906295569548,-0.656434065979194,-0.766460095689827,-0.537063897473002
"X_Ehrharta_calycina",-0.0258741373415816,-0.057469349869849,-0.290678960675115,-0.105127744116297,-0.0243267320940494,-0.0721160853743576,-0.209862733080515,-0.0309693832842684,-0.128538169327711,-0.0869615102538517,-0.112705652562023,-0.101032534742008,-0.046815996094133,-0.0711814303321609,-0.0645632231554273,1,-0.0553908977679394,-0.0434836118405622,-0.0540053319217951,-0.0482989309891481,-0.0481390190659311,-0.031437534482166,-0.0486166245823087,-0.0190753428520183,-0.0317645646337426,-0.0499669340097047,-0.0724262426520089,-0.377652250284995,-0.0865918766804143,-0.126628416242862,-0.130089603258187,-0.0520845259489107,-0.0198750517803145,-0.0389020529728397,-0.0245956476928559,-0.0257868523767844,-0.11408891610085,-0.195505570579622,-0.0364671736467529,-0.152468825304809,-0.0391187235804367,-0.0368506566357747,-0.0756995577700058,-0.0384971534670418,-0.0370177242223186,-0.0257536027079329,-0.127039618994634,-0.0279686753023286,-0.107259696913224,-0.208401347759782,-0.083833574666442,-0.0552424119134038,-0.251855706638245,-0.26951510736074,-0.186854816812382,-0.0728240761451558,-0.111409516859627,-0.0605343870658929,-0.192343019017189,-0.155855094471022,-0.036575859449535,-0.368507633766147,-0.135676934513634,-0.0343339034301034,-0.0517141734668499,-0.109291060759352,-0.128880896657124,-0.183021333742525,-0.0431661225857306,-0.0772525395623241,-0.211094453857489,-0.155377497704831,-0.239228466558973,-0.23335683003675,-0.0486760868775463,-0.288205958602881,-0.230270183984162,-0.05194003669457,-0.141252109498407,-0.177123270527744,-0.0557167201408276,-0.267486595684035,-0.109719907908602,-0.0630561697784898,-0.0544840715341073,-0.077220291893754,-0.372157362017234,-0.277712994781761,-0.349053119161261
"X_Ehrharta_longiflora",-0.0702763439208301,-0.159331255429634,-0.471229823129929,-0.305368975787474,-0.0847847184251379,-0.197468207232812,-0.494233011713315,-0.110805586450569,-0.328608093176851,-0.232126330700159,-0.304610224235877,-0.238907536550849,-0.188434912466747,-0.163324698596273,-0.270722635668453,-0.0553908977679394,1,-0.0908155208716721,-0.211340114422585,-0.156006544683809,-0.103741022704972,-0.0836911974440242,-0.10754391601646,-0.0618951258220268,-0.102217802727148,-0.184699968011822,-0.151776935194321,-0.650179961672473,-0.363168412342354,-0.289476572665249,-0.382059920159227,-0.126248375412303,-0.0771420067518682,-0.0917531010214908,-0.0717775183887514,-0.0851139983418137,-0.183800834446575,-0.438282662149436,-0.135788817111021,-0.398380737650027,-0.121236022896278,-0.115584492741836,-0.189579580438237,-0.0697215932265625,-0.0986524540173418,-0.0710972485734188,-0.397998084613101,-0.0890847398594883,-0.271696944641726,-0.432631658547617,-0.302024135168381,-0.127833666955289,-0.614172267768905,-0.607574451201897,-0.52025787871245,-0.182967990824989,-0.2719797764158,-0.246412430787219,-0.345259441896264,-0.342418788333002,-0.0967417366589502,-0.583334005306456,-0.362201060858611,-0.0899201872311086,-0.180344700395747,-0.244815017376827,-0.311472035630696,-0.504810455322476,-0.156300071705872,-0.186599960355727,-0.346357284302671,-0.354546766728064,-0.562518821068433,-0.523877512563147,-0.109173245464025,-0.618638383067064,-0.57865784758827,-0.233130062758508,-0.377941121841275,-0.435268988165319,-0.121814729364194,-0.395254166829196,-0.355891590220023,-0.152741031304339,-0.197777567130102,-0.190323101353989,-0.679876453137394,-0.453019010213687,-0.605421943591643
"X_Euphorbia_peplus",-0.0385778876431325,-0.0573931061912443,-0.522992123055323,-0.069067872061322,-0.0391472686341246,-0.061567177893576,-0.6110884768308,-0.0263156846945052,-0.223210037125595,-0.260362047354802,-0.374847704632152,-0.300224713589215,-0.0893073065272025,-0.107041188667638,-0.168945655929695,-0.0434836118405622,-0.0908155208716721,1,-0.0960488530678154,-0.0770353916560227,0.00130780946208434,-0.0733030915874416,-0.0109993756072173,-0.0510342471714079,-0.0423037651050133,-0.0683387999900022,0.0397594571703472,-0.829198720615924,-0.291497544032455,-0.341287741051761,-0.421408380577395,-0.0129007887652147,-0.0638966328182028,-0.00263588067490509,-0.0437768587838585,-0.05153041676037,-0.186727204767084,-0.544383053411193,-0.133665185829712,-0.479721312565838,-0.1263167741309,-0.00509721451478257,-0.0755848323884225,-0.0323392822727161,-0.0662835650925888,-0.0147503659943569,-0.405734598810413,-0.0862936725222739,-0.0396877149792196,-0.534210869018184,-0.285820179518714,-0.00513963752881097,-0.741343926205996,-0.729447141105517,-0.57390532122963,-0.235440339689555,0.00162098722437529,-0.132823416469455,-0.401375066086314,-0.392131445939158,-0.0306625456364147,-0.745833588921482,-0.0783750533696536,-0.0847854881274687,-0.110454448729629,-0.33526677154602,-0.365449611934128,-0.554639189586955,-0.170492232041316,-0.0516682035380206,-0.414416409531455,-0.231344166254339,-0.665997029060551,-0.654821823581662,0.008349552243518,-0.735718731298676,-0.669959941061137,-0.196486279540704,-0.423500598994892,-0.502024766014208,0.00828153024817617,-0.504075652297538,-0.423091954929275,0.00591356682624234,-0.110801366891213,-0.102329784101789,-0.84872724549944,-0.539568734007224,-0.787354235349154
"X_Fumaria_capreolata",-0.159939116411662,-0.376654476401396,-0.834859165832003,-0.552416546704199,-0.0385806926105796,-0.341062429178042,-0.660710042531811,-0.218806800091088,-0.668772439119984,-0.104858376415573,-0.477377695653993,-0.49325951091334,0.350120341689214,-0.461139142079571,0.473414603222717,-0.0540053319217951,-0.211340114422585,-0.0960488530678154,1,0.275153915343343,0.161759352606177,0.0293747085244309,0.0252533468070297,-0.0392658518925316,-0.130576946206958,0.48230433174346,0.12142446297454,-0.908501471942382,0.317036565368829,-0.718186984777624,-0.178728090249932,-0.0912553832848699,-0.0542271580138002,-0.101170919500231,-0.0463210094684095,0.0351956176290438,-0.565173974085307,-0.719490177590642,-0.265026279763181,-0.557476024821887,-0.0801501240760539,-0.114994582011259,-0.503428597507723,-0.0852538380588958,-0.0149306792465579,-0.122113731069674,0.0988060048200513,0.0137388537692915,-0.462694120822212,-0.826801635352753,0.0381109898813745,0.359698503040691,-0.175529926085339,-0.294918147619922,0.0997938278648266,-0.123621913004138,-0.384613475100956,0.468208198157973,-0.629052995095302,-0.752715330263564,-0.199765585372,-0.710090810133938,-0.61588660871744,-0.0288691404407909,0.143344489353868,-0.359170947586537,-0.228369350256334,-0.0750884448912498,-0.0208711189380477,-0.347923735410745,-0.566030682015079,-0.767750171212889,-0.35653570156245,-0.659569918403221,0.115531665814415,-0.462391508257036,-0.0271305178635415,0.04591368021612,-0.133668771313004,-0.792087240726598,0.389680644003226,-0.616137717960536,-0.312052676355315,-0.195114936063517,0.229763129969525,-0.0687640181010747,-0.713142507363333,-0.775509676217652,-0.565999812422625
"X_Galium_murale",-0.13645875405955,-0.244249537894084,-0.773902459492644,-0.465729015055638,-0.0354095691954611,-0.298002598157704,-0.647702401326905,-0.165052392120347,-0.589670143029188,-0.145487793174333,-0.44680160840116,-0.437941540714784,0.267060130482333,-0.371775600139259,0.311148954663076,-0.0482989309891481,-0.156006544683809,-0.0770353916560227,0.275153915343343,1,0.166733092010797,0.00273231224375099,0.0136979078887168,-0.0419602313210837,-0.0828643882853437,0.30770217042349,0.0625501275055489,-0.87814635851254,0.173491304087008,-0.59660563502214,-0.293681342287337,-0.0574303532861777,-0.0524015141382444,-0.0770318030019514,-0.0327637323693436,0.021982176874457,-0.466382583956928,-0.687921032897024,-0.232660997841211,-0.540560183157452,-0.089921071054797,-0.0858927280897608,-0.397083634510661,-0.0561909718812261,-0.00301853575743882,-0.0874094834810251,-0.0341259441059364,-0.000401521088852853,-0.412521699099893,-0.772364162860007,-0.0579455797355463,0.263605940373459,-0.366743597345123,-0.461105719825067,-0.10154854741985,-0.15390115497479,-0.369192291144924,0.307911898787813,-0.579187309287574,-0.712799693937794,-0.152483669531783,-0.716945401131173,-0.557948507383256,-0.0296586075066626,0.106209547816762,-0.390531822862598,-0.286473898513052,-0.234156346491316,-0.040839478474281,-0.267483712504073,-0.544780808865933,-0.680448118188856,-0.469081360091197,-0.658213136088224,0.117347227273123,-0.580123751382127,-0.229817448097441,0.00730269556883409,-0.187671779440499,-0.727559267336106,0.289905984807684,-0.594873350183909,-0.333917274416799,-0.147026536357791,0.140254322282107,-0.0350283315303414,-0.757120803983012,-0.701663704270264,-0.640026377635832
"X_Geranium_molle",-0.0949369283081291,-0.136955597532489,-0.714332184382962,-0.268468950929032,-0.0278735762757939,-0.169534144362614,-0.667520553129141,-0.0856857378855507,-0.434633167653597,-0.210085363739001,-0.441831963196293,-0.409466403558235,0.183136615361591,-0.25589195163948,0.179114873186978,-0.0481390190659311,-0.103741022704972,0.00130780946208434,0.161759352606177,0.166733092010797,1,-0.00539727925985968,0.0488036403043333,-0.0463137789007312,-0.0607875175348271,0.252051510002662,0.180970396246817,-0.858585586760539,-0.0498794328079379,-0.511360122788621,-0.365661012474105,-0.0042564970185065,-0.0538185765615161,-0.0110465448120361,-0.0258975383226311,0.00929553041729662,-0.364202582380037,-0.654461054778953,-0.194616503900678,-0.548340821745833,-0.103884145056505,-0.0103414025890345,-0.260475695140199,-0.0420284372210291,-0.0269428695270234,-0.0573749925508322,-0.209095723780196,-0.0260943014721932,-0.200595696743947,-0.711619066645216,-0.181972648259631,0.270084981334316,-0.541303858697489,-0.584785185611829,-0.318589544969502,-0.195854007028298,-0.104889963403509,0.160011807766747,-0.512660664218268,-0.640635780267765,-0.0852379556661166,-0.750589188625363,-0.29877061431174,-0.0536180764782297,0.0726654700134725,-0.382109757482571,-0.348765547872547,-0.372657702467969,-0.0843166851187973,-0.151490529183599,-0.500686378109751,-0.50718391897885,-0.576341800670335,-0.693794215848539,0.13173207251544,-0.657934257321212,-0.456543417739409,-0.0511211841346261,-0.300199792385956,-0.685390765156294,0.338590671354757,-0.590382289161614,-0.403446060583676,0.0121128340239235,0.0871255823610996,-0.0416868878011279,-0.802539687003059,-0.665951157785431,-0.73316244805229
"X_Heliophila_pusilla",-0.0870749197518803,-0.177476835580978,-0.559081326352665,-0.327185060160263,-0.020187088497169,-0.185262426192714,-0.379159298548838,-0.110897399693252,-0.389153445183454,-0.033780924590685,-0.238099437601853,-0.222933054862463,0.0252104636801839,-0.220731721769141,0.0243676948669236,-0.031437534482166,-0.0836911974440241,-0.0733030915874416,0.0293747085244309,0.00273231224375099,-0.00539727925985968,1,-0.029812211925758,-0.0176880555848652,-0.0632809390351448,0.0251434446401822,-0.0548568261496567,-0.575218637275984,-0.00204063366567232,-0.292021496708138,-0.0770547215759046,-0.060085012964949,-0.0234331138434063,-0.0736703550921139,-0.0214741963033959,-0.00245991424502665,-0.217284122198529,-0.399691594862645,-0.115611896094798,-0.343379328817204,-0.0313722361691388,-0.0743101683660499,-0.259833108645327,-0.0569423531614071,-0.0120948208145803,-0.0694950056901089,-0.0331002175948954,-0.00555845897370615,-0.26007784846116,-0.440756427657932,-0.0235199175485729,0.00503573446941811,-0.123554288755034,-0.197626957834552,-0.0591280766707304,-0.0563428828663283,-0.219660835925748,0.0258320958372326,-0.421063127508048,-0.344132038200345,-0.113061321874603,-0.45798445375825,-0.335021295573253,-0.0111044483343503,0.0135627782119251,-0.149208951794399,-0.110048810906412,-0.0752537168594784,-0.0153499726310239,-0.197654853591429,-0.389383437583803,-0.456853313668479,-0.211893546876932,-0.390174640857699,-0.0152344441969039,-0.291078214536142,-0.0980686114312626,-0.00324994613438009,-0.0704263958661813,-0.378079662102592,0.0120658429812593,-0.389506907228779,-0.134237556463941,-0.102993959535589,0.00816239839492851,-0.0616659854369416,-0.415692423125107,-0.45518460862365,-0.395942593482607
