"","X_Arctotheca_calendula","X_Acacia_longifolia","X_Avena_barbata","X_Briza_maxima","X_Briza_minor","X_Bromus_diandrus","X_Carpobrotus_edulis","X_Catapodium_rigidum","X_Cirsium_vulgare","X_Commelina_sp_","X_Conyza_bonariensis","X_Conyza_parva","X_Crassula_alata","X_Cynodon_dactylon","X_Dischisma_arenarium","X_Ehrharta_calycina","X_Ehrharta_longiflora","X_Euphorbia_peplus","X_Fumaria_capreolata","X_Galium_murale","X_Geranium_molle","X_Heliophila_pusilla","X_Hordeum_leporinum","X_Hypochaeris_glabra","X_Lactuca_serriola","X_Lysimachia_arvensis","X_Moraea_flaccida","X_Paspalum_distichum","X_Pelargonium_capitatum","X_Pennisetum_clandestinum","X_Pentaschistis_airoides","X_Petrorhagia_dubia","X_Poa_annua","X_Poaceae_sp","X_Polypogon_monspeliensis","X_Romulea_rosea","X_Rumex_sp","X_Solanum_nigrum","X_Sonchus_asper","X_Sonchus_oleraceus","X_Stachys_arvensis","X_Trifolium_campestre","X_Urospermum_picroides","X_Ursinia_anthemoides","X_Verbascum_virgatum","X_Vulpia_sp","Acacia_saligna","Anthocercis_ilicifolia","Austrostipa_compressa","Baumea_articulata","Baumea_juncea","Caladenia_latifolia","Carex_fascicularis","Cassytha_racemosa","Centella_asiatica","Cyperaceae_sp_","Daucus_glochidiatus","Dischisma_arenarium","Eucalyptus_rudis","Gahnia_sp_","Geranium_solanderi","Hardenbergia_comptoniana","Hibbertia_cuneiformis","Hydrocotyle_sp_","Isolepis_cernua","Juncus_subsecundus","Lepidosperma_gladiatum","Lepidosperma_longitudinale","Lobelia_alata","Lobelia_tenuior","Melaleuca_rhaphiophylla","Microtis_media","Myoporum_caprarioides","Persicaria_decipiens","Podotheca_gnaphalioides","Pteridium_esculentum","Rhadinothamnus_anceps","Scaevola_crassifolia","Schoenoplectus_validus","Sonchus_hydrophillus","Sowerbaea_laxiflora","Spyridium_globulosum","Tetraria_octandra","Thysanotus_multiflorus","Trachymene_pilosa","Tricoryne_elatior","Triglochin_centrocarpa","Unknown_climber","Viminaria_juncea"
"X_Arctotheca_calendula",1,-0.000447243394113287,-0.0180115619394721,-0.00779324011090371,-0.00721865526055083,-0.0128979450442514,-0.00819722566782011,-0.00337838361427168,0.0091215801088647,0.00145461876615697,-0.00159649279664612,0.000898147103470035,-0.00824079054206445,-0.000261912907415969,-0.0265430318449215,-0.00709486107017651,-0.0241163677792078,-0.0118749693250343,-0.00758225817845346,-0.0170063395927855,-0.0220333632665652,-0.00366631265609272,-0.00604084858036574,0.000876211250203238,-0.00469069701575753,-0.0239673605519844,-0.0188162414993795,-0.00394799777319294,-0.0308415817172166,0.00183873172728894,-0.00269777897370727,-0.0163134904676813,-0.000753538095428477,-0.00454693244526971,-0.0165223120535418,-0.00912017484662126,-0.00252716550563055,-0.00247081929725651,-0.00660281219352289,-0.0175822090165366,-0.00593328439648951,-0.0150177922946789,-0.0066968113158525,-0.0062819242945747,-0.0074698862191687,-0.00575020859740914,-0.0246779455002017,-0.0106185075460861,-0.012495253048048,0.00299525415931191,-0.0102598275394785,-0.0203650516301528,-5.70847063490784e-05,-0.0148438301029327,-0.0067053119858365,0.0028390537614318,-0.0127553812571946,-0.0150160916069005,0.0116129247974709,0.000526223301978836,-0.00296894904942819,-0.00122736649398571,-0.00575103139870782,0.00105846006599703,-0.0107080080398196,0.00181616751249754,-0.000145218013635837,-0.0221077824279487,-0.00146239027623001,-0.00765616715182512,0.015932032010377,-0.00298701990671362,-0.00955950261223494,0.00975431880583529,-0.0122462139435387,0.00478247976712211,-0.00304977194171526,-0.0260255856678295,0.00187168953871436,0.000539380223804396,-0.0207265748473933,8.15470537548894e-05,-0.00735864091734281,-0.0126449178152708,-0.0274275386836321,-0.0254033374515858,0.00947050024934624,-0.00698070927551589,-0.00337829269413944
"X_Acacia_longifolia",-0.000447243394113288,1,0.0580495672665898,0.0437394936038255,0.0174582532596294,0.056035273460748,-0.0230931658465893,0.012075624741405,0.0225456078306315,-0.00909690389746727,-0.0226742292458104,-0.00623339557240567,-0.0183297799683058,0.0192966414660583,-0.00641159115398466,0.00852976506007412,0.029650730747986,0.0519807830416018,0.00079094018700839,0.0091716633841261,0.0147792748165082,-0.00119787527834197,0.00334750545059348,0.00934579860819234,0.0136630197981537,-0.0005405086476861,0.0244958939612961,-0.0117801615746754,-0.00969717306891245,0.000515598989403588,-0.0113063634119548,0.00886083807198724,0.00779521994955028,0.0160564410745318,0.0155856734269703,0.00342436081961166,0.00737251013853565,-0.0383176600455329,0.0265200273683388,-0.0235690230162479,-0.0181266147105281,0.0139231137960078,0.0433368901732643,0.0126517352090693,0.00137685668931387,0.0101443668900515,0.0016567484376806,-0.00794413223827965,0.0701677919587359,-0.01449542974617,-0.0315160261514268,0.0138446121274296,-0.00429527803469087,-0.0573189427931249,-0.0363322117821404,-0.00100255815418355,0.0733367678293345,0.00232719506254364,0.00370268941331201,-0.00382922900910865,0.0137446492067881,-0.0330691574102666,0.0728996600865459,0.0116248292256545,-0.0106380522917815,-0.0069664415443359,-0.0302462157604461,-0.0274413599013325,-0.00361372844219481,0.0233890318358711,-0.0255088191869064,0.0706304116783645,-0.054277658849413,-0.0617807354827676,0.0206886001623005,-0.0615991728721055,-0.0312354845536856,-0.0105976521683977,-0.00619340710509322,-0.00450021051967309,0.0103394899444693,0.0097046661552183,0.000816451759066297,0.0421228797296902,0.0183639319220346,0.0253108815335164,-0.0365272601173506,0.00328055084700494,-0.0263689015077284
"X_Avena_barbata",-0.0180115619394721,0.0580495672665898,1,0.300275629150661,0.17740472320043,0.359372078072707,-0.00517961030818976,0.0963872217437986,-0.0192514437817042,-0.0509452631363751,-0.0581659606639936,-0.040674440723223,0.0481465667920206,0.0528387435659805,0.296469373043018,0.115728118287224,0.409822111939392,0.350633265723301,0.0876024875020304,0.257602330106093,0.352433214426516,0.0396784172768789,0.0951031254559239,0.0205128205817201,0.0847809823321121,0.300636387440078,0.313260776478659,0.00123773052343264,0.28456962141955,-0.0201400299799251,-0.04040281974112,0.198781299913518,0.0430461953614562,0.123521249262631,0.226118103447922,0.113305367121182,0.102567192515444,-0.153941925465019,0.174571343445336,0.0592104842569611,0.0011741476486203,0.227330360455886,0.265903147760472,0.0901605945076242,0.10554865948112,0.117554859155002,0.303513993512822,0.0612711718707672,0.432390029825242,-0.0971512781091849,-0.0250468994203252,0.264665611344788,-0.0136425477547211,-0.0638728194591183,-0.0456876950417046,-0.0192332796664005,0.475443324860554,0.190220371030631,-0.12117695137375,-0.0298059335709962,0.0863847887733485,-0.15530805650388,0.361205325151025,0.0294400307792608,0.0868019753123285,-0.0372006621204603,-0.120835187077807,0.156438720448797,0.00967369984552095,0.161139740440349,-0.265443529716445,0.287777309898092,-0.0975904219134416,-0.406916105847649,0.194874247258139,-0.263771871530566,-0.0605672132851251,0.28251895950915,-0.0453497625077258,-0.0466611724717549,0.273970959496197,0.0867741887743865,0.0990354925154864,0.316291174475068,0.373406301574471,0.427544361251882,-0.253073747886486,0.0781354127180418,-0.0568765047775598
"X_Briza_maxima",-0.00779324011090371,0.0437394936038255,0.300275629150661,1,0.100624902423957,0.25223063881009,-0.0646007286349601,0.0689233478617725,0.0700894696284195,-0.0380027574260224,-0.0718129260541543,-0.029241549742027,-0.0181668274213609,0.0491461820862344,0.0995971903115403,0.0527959613188786,0.246947157987851,0.240686193180978,0.0356662221828225,0.128762078862202,0.184535300246826,0.0155115487879528,0.0651314942141587,0.0232449287180921,0.0463767646255861,0.137490330110655,0.196387297922872,-0.0251946211459584,0.0646199249302816,0.000216173839084257,-0.0321145576055664,0.104349077658494,0.0253489620600547,0.0795065516001903,0.100436700576308,0.05388100003166,0.0655332249025209,-0.158953432660841,0.123524124786168,-0.0135861104802668,-0.0283994555328319,0.133944738866175,0.202280243048726,0.0516293260749356,0.0578342044852052,0.0577408155599568,0.107387005241918,0.000546490449288998,0.347667704976327,-0.0755517868116451,-0.0974245130272958,0.113946194158291,-0.0165901626594523,-0.142783039639424,-0.110961741019176,-0.00942361269990825,0.36707835343064,0.061198642133237,-0.0445258113125753,-0.0296115847551635,0.058389101621283,-0.146072179724372,0.28311338793743,0.0406014827548853,0.000475635843112782,-0.0220765712875088,-0.120452764228955,0.00554758947845456,0.00264817806269282,0.107187831322379,-0.148719168722536,0.291257460683815,-0.169685155151821,-0.3068905426126,0.100217043097428,-0.228093742106744,-0.0814153085841401,0.0898391820960795,-0.0218577656041816,-0.0371454079516296,0.114097139205637,0.0660146564942922,0.0126046720093899,0.221925028504637,0.160761872137924,0.23154694685868,-0.192265724012331,0.0557556566812614,-0.090632254900153
"X_Briza_minor",-0.00721865526055083,0.0174582532596294,0.17740472320043,0.100624902423957,1,0.128352878138754,0.017482189379434,0.0354796757708191,-0.0306425378645722,-0.0225711523488963,-0.0170436763981833,-0.0148407760156907,0.0352089559551534,0.0199471469251466,0.132005934616521,0.0485383875334922,0.153335322040151,0.121796856080385,0.0360972302742563,0.112503314786581,0.147303668013716,0.019765605650158,0.0350310243226751,0.00763049207553078,0.039461406837786,0.127669450016465,0.121102979263306,0.00939684181035579,0.133973130150218,-0.0138214311372482,-0.0143428795342499,0.0730195058168682,0.0133355840136077,0.0432651360662621,0.0947549937241089,0.0497678615653812,0.0398007402517745,-0.0490022871133359,0.0681281352564972,0.0389435828610783,0.0182843244491932,0.0916668787885264,0.0834757116993299,0.0313361361880836,0.0433030097774695,0.0433873707094424,0.132311495586652,0.0350187471011206,0.142216111669048,-0.0356886050277248,0.0109312525646573,0.111920211926785,-0.00222458957615501,0.0131737413297329,0.00663097258937098,-0.00514272631782404,0.156629069416505,0.0935744574636448,-0.0545522332811044,-0.00738772684582603,0.0273050845523914,-0.0410090404339326,0.110945323844023,0.00731492761243326,0.0535028592551612,-0.0131633014992927,-0.0295598233227721,0.0867943412328904,0.00545315454996739,0.0600198868419428,-0.100820268128813,0.0714051380766417,-0.00764488679149521,-0.137722742673894,0.0787094823958515,-0.0748025606933441,-0.00365267418549432,0.131054969067839,-0.0126968341818182,-0.0150699433578547,0.119811150677932,0.0301180581695733,0.0466902109869821,0.121401175558859,0.154559168180463,0.170702145147,-0.082858074273622,0.0244850579045884,-0.00800612489843527
"X_Bromus_diandrus",-0.0128979450442514,0.056035273460748,0.359372078072707,0.25223063881009,0.128352878138754,1,-0.0410537669982306,0.0840384983027415,0.0404350116207575,-0.0422127857207678,-0.075904333207122,-0.033374024323743,-0.00191925147373899,0.0640114561967597,0.172949973838025,0.0644365639484572,0.306437161602773,0.296910772294443,0.0622228478350089,0.148599490380545,0.222260826000643,0.0236329618375762,0.0713159364649009,0.0251570346084876,0.0711499645470272,0.187869315383422,0.223485661916028,-0.019927452655661,0.161148100972444,-0.011955078126642,-0.0327748199978793,0.148581240118143,0.0334380659173654,0.0887711749708869,0.154721811377937,0.0667479032451361,0.0715591905638105,-0.134406237269037,0.146878796342142,0.016884541464398,-0.0168751138176625,0.158756133285639,0.221313092447667,0.0743267545014013,0.0733482432398647,0.0864351657828017,0.172307762821941,0.0384871746913836,0.379710154749727,-0.0829663393198776,-0.0542823146421682,0.192162417449823,-0.0175745644409267,-0.105035890415662,-0.101978114248666,-0.0221827672701683,0.399048198304879,0.105719155175243,-0.077068839925201,-0.025471999355062,0.0700984809752804,-0.138016305901383,0.317857346959319,0.0354837251017882,0.0135284876110257,-0.0314148713606106,-0.117662879962216,0.0597573480786726,0.00179469468834544,0.136323066563298,-0.203598801765749,0.285153431977615,-0.155474377679649,-0.324001551731347,0.164027261601707,-0.276734974843651,-0.0956779023843528,0.165708125607976,-0.0323761355985441,-0.0317141075328879,0.173939428755395,0.0496289973401933,0.0421009828774745,0.254623095210094,0.253237891779981,0.288777891495756,-0.213919368303111,0.0572080425377851,-0.0806722673074406
"X_Carpobrotus_edulis",-0.00819722566782011,-0.0230931658465893,-0.00517961030818976,-0.0646007286349601,0.017482189379434,-0.0410537669982306,1,-0.00920963570971275,-0.131672537354325,0.00620076287958654,0.0512603947231662,0.00485752257348841,0.0845249932897797,-0.0413419810595631,0.177318486954723,0.0311560583390292,0.063181796467818,-0.0361134426410498,0.0368379623049758,0.0991765302446434,0.100116785228153,0.0253097430083024,0.0157811074503092,-0.0232891324340046,0.00565109821842559,0.135840075757291,0.058174658515714,0.0518263651142661,0.203263575441645,-0.0159214640193404,0.0274813297954566,0.0705304470227787,-0.0111823839188613,0.000600261125752455,0.062864606263091,0.0442456118347263,0.00104529830008919,0.0855641357294952,-0.00373725311045032,0.124224685718055,0.06826471351921,0.0523322631932752,-0.0609483454802116,0.00768511292201006,0.0320746838255372,0.00922287503324985,0.156171817267798,0.0717863954979682,-0.0839932341586321,0.00892081746212898,0.120186113543657,0.097332998620119,0.0129364318333801,0.201293314651648,0.125820903637479,-0.00830919940793595,-0.0830795196316223,0.103612321761638,-0.0720763233817722,0.00962876326320917,-0.0124195123706518,0.0762751271625676,-0.113022310544851,-0.0281649577582569,0.108232851758256,0.00508541053822891,0.0709591592924545,0.189737176815401,0.016293657762373,-0.000892743032024329,-0.0359013738705243,-0.154286958194692,0.180133694010438,0.0691157834248737,0.0189144555447715,0.117050131573462,0.0825220339452842,0.172937810822625,0.00158927832264964,0.0108554608622352,0.116024416832216,-0.0108756688711385,0.0666857373312286,0.000702967471760479,0.132286833131094,0.0970190525590185,0.0325842840768922,0.010963592146122,0.0806677410154721
"X_Catapodium_rigidum",-0.00337838361427168,0.012075624741405,0.0963872217437986,0.0689233478617725,0.0354796757708191,0.0840384983027415,-0.00920963570971275,1,0.0039078902617889,-0.0096588557652381,-0.0187617288481823,-0.00957551449977648,0.000970764123917027,0.0149980194363516,0.0519275970881711,0.0186401348529494,0.088592127772884,0.0830819436724173,0.0167577573399764,0.0414715531347795,0.0651403775267529,0.0122877708838099,0.0212245589253922,0.00464824317939442,0.0180742510969475,0.0527334196136646,0.0592506516280957,-0.00598831976239894,0.0456651038595713,-0.0028456383935476,-0.00795812916830596,0.0397872478681222,0.00813530028637297,0.025383953730325,0.0428557944008228,0.0250486397084821,0.0152960289284748,-0.037426368027192,0.0382908413591861,0.00104326269859376,0.00251465695375898,0.0462842993237393,0.0485908471775001,0.0180210046612624,0.0280957868134435,0.0264186927041185,0.0474080039561367,0.0140121226286697,0.0994812443331836,-0.0220601385966537,-0.0185599280762606,0.0534208325839941,-0.00452274582003388,-0.0213795559540753,-0.022734543269523,-0.00442766761282715,0.107641953315344,0.0318699212551299,-0.0271496927318757,-0.00799167111966788,0.0159031457181357,-0.034117593526272,0.0891774350825889,0.0105514597646872,0.00489651720341841,-0.00670578157678856,-0.031548912417517,0.016945053463284,0.00200761711741729,0.0369080668028669,-0.0544374748720159,0.07593348719691,-0.0334590405944843,-0.0889050548566386,0.0443077885276342,-0.0641881634987238,-0.0250283153059875,0.0556056876012007,-0.00486066195636205,-0.0090722805933277,0.0511773090934303,0.0113425430249975,0.0144134915348045,0.0693489824514093,0.0724061712533857,0.0854591269479735,-0.0590486508905709,0.0193855561891872,-0.0191481920446177
"X_Cirsium_vulgare",0.0091215801088647,0.0225456078306315,-0.0192514437817042,0.0700894696284195,-0.0306425378645722,0.0404350116207575,-0.131672537354325,0.0039078902617889,1,-0.0086824494718873,-0.0628199679105383,-0.0028829306763772,-0.101828514897532,0.0383731935171757,-0.214525655043313,-0.0524537809430981,-0.0833742356352589,0.0313814488002862,-0.0408489289818637,-0.133850502919004,-0.139721946651997,-0.0319788139451224,-0.0159022289728177,0.0290350135364697,-0.00528624973606782,-0.165859088029432,-0.0736485381824949,-0.0616378851407028,-0.237867077139488,0.0221169858737089,-0.0244220361545818,-0.0845435871868674,0.0105631709652026,-0.00968960165918933,-0.0828718130195866,-0.0580032617353556,-0.00552704974807582,-0.0876124724450772,0.00185848687474162,-0.135693758229399,-0.0783890292332676,-0.0716776079702432,0.0736797452966581,-0.00956426448492773,-0.0445709312056982,-0.0162783119962576,-0.196048019029999,-0.08355788024836,0.094627079958721,-0.00620996520409576,-0.129521267706743,-0.112051185579145,-0.0172901382646287,-0.227527399004827,-0.164908784641327,0.00560196553322528,0.0850548610482775,-0.136730636303217,0.0850251964308571,-0.0115327034977837,0.0146594633178617,-0.084927849253231,0.113978761700675,0.0351404275528111,-0.143308342151616,-0.00627576118133737,-0.0868214118297204,-0.230757035208078,-0.0198287903706051,-0.00600108388923836,0.0441672622010803,0.183241542402153,-0.225778747332531,-0.0632365512405444,-0.0219547968567891,-0.154951276911992,-0.100823022798386,-0.217053553691579,-0.000286899839360733,-0.0122697600553976,-0.152201400362791,0.00704045279357962,-0.0910520173504929,-0.0032593348281308,-0.165026508524783,-0.127573824974367,-0.0326156003535347,-0.0109238718999538,-0.099293994046037
"X_Commelina_sp_",0.00145461876615697,-0.00909690389746727,-0.0509452631363751,-0.0380027574260224,-0.0225711523488963,-0.0422127857207678,0.00620076287958654,-0.0096588557652381,-0.0086824494718873,1,0.0130494118431454,0.00486999132643878,-8.30920219801007e-05,-0.00656341003153908,-0.0243423811482646,-0.00987076301634808,-0.0410203986222853,-0.0407602482726964,-0.00601949312723893,-0.0291005863425963,-0.0344887348689638,-0.00479972592965743,-0.00901866597903985,-0.00676024332712668,-0.0142899017655799,-0.0268153699274451,-0.0350732092694223,0.0033050240883492,-0.0161369842251252,0.00272858265004011,0.006250107154707,-0.0174818490325911,-0.00374431689667349,-0.0147876037946515,-0.0276648176542025,-0.012909117302035,-0.0101536840921051,0.0255725000764515,-0.024043762149244,0.000818470135024157,0.00367853136281125,-0.0259543542341495,-0.0382340225461981,-0.0116029991380264,-0.00715553987490845,-0.0105118298025464,-0.0252771221677129,0.000352203271791383,-0.054133796368185,0.0116369631691596,0.012751748879319,-0.0279258681839162,0.0018301089665123,0.0196168406777762,0.017902695302393,-0.00153240718584171,-0.061548066373825,-0.0152042057630226,0.00923869420814628,0.00442525576105544,-0.0106878729135562,0.0235540388661272,-0.0477123951251964,-0.00821139510752333,-0.00466107530190219,0.00375855794358211,0.0192811517485846,-0.00153479171142652,0.000373199132145187,-0.01842630928846,0.0280952317674718,-0.0396768478822123,0.0250871663881991,0.0514469644256836,-0.0197830484688373,0.0398274303434224,0.00853596288567044,-0.0192152614521371,0.00144229519743901,0.00457270127413664,-0.0234036620646268,-0.012773894842796,-0.00666274796421791,-0.046113273065971,-0.0360508638136187,-0.0454839142674584,0.0277962133121995,-0.00293720942061087,0.0132958436066298
"X_Conyza_bonariensis",-0.00159649279664612,-0.0226742292458104,-0.0581659606639936,-0.0718129260541543,-0.0170436763981833,-0.075904333207122,0.0512603947231662,-0.0187617288481823,-0.0628199679105383,0.0130494118431454,1,0.0106301090439267,0.0419321178462092,-0.0252208716909198,0.0460218247827635,-0.000321190050508543,-0.0287100387566718,-0.0666308725645699,0.00703437708190539,0.0120437967394852,0.0142605782734639,0.00555005343081407,-0.00526276368833228,-0.0139066849739036,-0.0145105951928134,0.0236210853276185,-0.0241586724011271,0.0272405396714621,0.0554233563371525,-0.00392864331559233,0.0163752375735734,0.00546778166741945,-0.0088718957165043,-0.0160665576990674,0.00351434891432073,0.00171449655541654,-0.0223149602683273,0.0643001575072385,-0.0326183244763745,0.0529102164277187,0.0344635066231157,-0.0074571544964825,-0.0522492582541256,-0.00798677063958166,-0.00040648031831892,-0.00677552771490583,0.0391929928898275,0.0241480133032772,-0.102331695366882,0.0248057083136495,0.0632822225232623,0.00496353179119825,0.0087813329369457,0.107928742302909,0.0823188314330081,0.00313858675339183,-0.10632690703343,0.0271396734661848,-0.0165947185420113,0.00797493297240049,-0.0213173106127686,0.0590520463051707,-0.100209123133726,-0.0227574736959612,0.0487273045298662,0.00555445448292549,0.0519416221142067,0.0772018555049932,0.00936169750289082,-0.0327613371507412,0.0189759661830599,-0.115423875163812,0.114140725881039,0.0767444136165337,-0.0253683987893313,0.109404542258504,0.062042914275556,0.042480826973211,0.00449856725917942,0.00520086913300848,0.0181049716983408,-0.0136427090199655,0.0269714176249595,-0.067391217593961,0.0232217912234982,-0.00320604530274179,0.0565719923729299,0.00760131777602498,0.059352899893763
"X_Conyza_parva",0.000898147103470035,-0.00623339557240567,-0.040674440723223,-0.029241549742027,-0.0148407760156907,-0.033374024323743,0.0048575225734884,-0.00957551449977648,-0.0028829306763772,0.00486999132643878,0.0106301090439267,1,0.00121537988370965,-0.00477809656600929,-0.0163638317596301,-0.00967478184702338,-0.033644114843887,-0.0311588920420185,-0.00467738678970962,-0.0183471855110559,-0.0236109810400788,-0.00224065181884313,-0.00736137470962101,-0.00200031900407455,-0.00773454176833144,-0.0198889863789387,-0.0261842841519464,0.00341789721816188,-0.0138257966398164,0.00199054409014741,0.00504076822156472,-0.0133643487673474,-0.00350600618275646,-0.0112871919153557,-0.0147866643055677,-0.00883635386705648,-0.0135833587135769,0.0193307549097383,-0.017386673106998,0.00307694415793288,0.00437785899756432,-0.018623473285032,-0.0203099450830794,-0.00654359420727506,-0.00916053509286475,-0.00842147060688751,-0.0182752696328189,-0.000897740024801321,-0.0409061050149122,0.0112300176079582,0.0116214305089347,-0.0171155482456759,0.0016255769507146,0.0160481922658585,0.0118554844244273,0.00204852500087479,-0.0458230634213699,-0.0103199334804893,0.00644818031532431,0.00348698040845841,-0.00879142033318813,0.0190975338659527,-0.0362067803888038,-0.00504232518389526,-0.00063255376661284,0.00217982045341508,0.0135057611410789,-0.00322178124019288,0.000725258251499608,-0.0170538695138398,0.0201040437344845,-0.0302143728138992,0.0188895930693177,0.0358684536842286,-0.0158258801547552,0.0291699198957314,0.0117337594869026,-0.0182937330720323,0.00295285437684703,0.00319383797327821,-0.0180075273036168,-0.00801737812722396,-0.00324689242954269,-0.0322543947907238,-0.0216508441149076,-0.0303218878021165,0.02529508979423,-0.00231244771580624,0.0115646794378639
"X_Crassula_alata",-0.00824079054206445,-0.0183297799683058,0.0481465667920206,-0.0181668274213609,0.0352089559551534,-0.00191925147373899,0.0845249932897797,0.000970764123917026,-0.101828514897532,-8.30920219801012e-05,0.0419321178462092,0.00121537988370965,1,-0.0256557152206039,0.174028232089913,0.046469325603292,0.0920987156940146,0.00521367731167169,0.0421723535673997,0.107129830733572,0.127850465950384,0.0232653880310355,0.0279979910205604,-0.0121968048858313,0.012474550550651,0.150575722929892,0.0792658397348642,0.0444827135022641,0.195160619768583,-0.0127153787826497,0.0210842623271732,0.0524288001500565,-0.00375662238333393,0.0127979397259735,0.0817402817379067,0.0485084656575078,0.0166106196329716,0.0452516062564166,0.0102732564159749,0.115577634670286,0.0657120765892514,0.0695145134972827,-0.0158733758191253,0.0129784044237475,0.0314310985340729,0.0231493611944564,0.15299108248171,0.0702336148069763,-0.0258751028525626,-0.00297568750481477,0.103352623385564,0.105643605310469,0.00793519639392232,0.164342027206379,0.106371431920435,-0.00953609310137575,-0.0210005605885157,0.115645065712628,-0.0733751245408709,0.00140590492723111,-0.00441712178435143,0.0507015187790317,-0.0555210476071495,-0.0188001800548004,0.10913650884961,-0.00307141499687746,0.0461042585340203,0.174236650805771,0.0131333276422547,0.0127082498349968,-0.0619543933297652,-0.106039464673109,0.138296894853775,0.00822141128179574,0.0344708310482545,0.0778178349595077,0.0721187374925954,0.171098583695184,0.00144105608250104,6.07924153841776e-05,0.124406615027648,0.00251547913158028,0.0632982897063799,0.0172723070348523,0.148506362721045,0.126788898830783,0.00353414314760726,0.0273882783696927,0.0634178791918736
"X_Cynodon_dactylon",-0.00026191290741597,0.0192966414660583,0.0528387435659805,0.0491461820862344,0.0199471469251466,0.0640114561967597,-0.0413419810595631,0.0149980194363516,0.0383731935171757,-0.00656341003153908,-0.0252208716909198,-0.00477809656600929,-0.0256557152206039,1,-0.0410070309046377,0.008463015584951,0.0140243441271186,0.0578040400125347,-0.001186965359542,-0.0201858256942571,-0.000852123710857096,-0.00644213642324382,-0.00275439564800041,0.0140285158599035,0.0268912225960178,-0.0408145825974784,0.000825838900450604,-0.017027052569634,-0.0381815394208054,-0.000143087190539971,-0.0185120376878186,-0.00740367104511283,0.0141383376729994,0.00791425647801818,0.0124377812350795,-0.00303430453441501,0.00398030232638827,-0.0434868462666245,0.0161201835568438,-0.0319816294498761,-0.0220114049228808,0.00521250823933747,0.050907019324342,0.00962669738472155,-0.000936187145218811,0.0171186945754784,-0.0301812176206054,-0.0120827299036086,0.0751628949225399,-0.01298610363242,-0.0380187433843522,-0.00449892025872131,-0.00514824885171602,-0.0868054627105839,-0.0394598425919671,-0.00180775810503121,0.0713814986710479,-0.0115384141381371,0.0175794688536945,0.00231930035158244,0.0137630906045321,-0.0304381742025356,0.0913666222887436,0.00881744846672988,-0.026965891394784,-0.0120694820742095,-0.022611056590726,-0.0508743120009943,-0.00838433501651136,0.0248443445847606,-0.0154159023236439,0.0843362344661147,-0.0682859709696599,-0.0596924665944742,0.0264536703299586,-0.0715890301453768,-0.0368725612457377,-0.025337745851552,-0.0103752165414173,-0.00227618651880468,-0.0036672860702397,-0.000936914395679027,-0.00905051582348674,0.0258140928396775,-0.0152271618966751,-0.00484528682486913,-0.0471756270869033,-0.000363087692723344,-0.0324013050902431
"X_Dischisma_arenarium",-0.0265430318449215,-0.00641159115398466,0.296469373043018,0.0995971903115403,0.132005934616521,0.172949973838025,0.177318486954723,0.0519275970881711,-0.214525655043313,-0.0243423811482646,0.0460218247827635,-0.0163638317596301,0.174028232089913,-0.0410070309046377,1,0.115560103030526,0.405737352775033,0.179215180206284,0.13371762279108,0.338875262150208,0.400755340071523,0.0759502156121791,0.103985857868419,-0.0267031014262553,0.0638631360323473,0.452651195986912,0.315322296695242,0.0890499188096508,0.534013243415031,-0.0327942275848867,0.0326958133017764,0.271380188838537,0.00296217509595478,0.0850495392226419,0.260248825877907,0.151553495419694,0.0595942840099514,0.0473127601578032,0.111006758628957,0.265800850341144,0.122034410616158,0.247849255603888,0.085820337557684,0.0741331403622176,0.118746367740172,0.0963197600744548,0.460284801668043,0.167184025706327,0.167779706270859,-0.052346610003482,0.187460930758746,0.372305297504304,0.010164525403544,0.306024528134947,0.153797596259902,-0.0319588489538665,0.191200487497603,0.292139323872663,-0.220862661973117,-0.0102521412000859,0.0318976113330891,0.0255018834161795,0.0549624452771109,-0.0236390659819088,0.23609918824842,-0.0156359510536775,0.0364515541121574,0.426817070032447,0.0385916129433625,0.104034554862744,-0.248761668120656,-0.0582750006637611,0.22404221241873,-0.155761040981131,0.162413605960998,0.00565144587989679,0.0856999350654237,0.486187605779985,-0.0218006927792031,-0.0103313665080293,0.380987075220989,0.0303079853993393,0.17037133186447,0.217452636299399,0.491705154460214,0.460122580878117,-0.125963720987154,0.0757148933672443,0.0917484720567377
"X_Ehrharta_calycina",-0.00709486107017651,0.00852976506007412,0.115728118287224,0.0527959613188786,0.0485383875334922,0.0644365639484572,0.0311560583390292,0.0186401348529494,-0.0524537809430981,-0.00987076301634808,-0.000321190050508544,-0.00967478184702338,0.046469325603292,0.008463015584951,0.115560103030526,1,0.122514082643181,0.0716240068226955,0.0265473057312904,0.105623231071847,0.120104998866624,0.0151246227455631,0.0292330719029142,-0.00230961604985841,0.0201431649472088,0.123160781850126,0.114330671279835,0.0154669840570905,0.124803969886847,-0.00633432096421749,0.0064066242336385,0.0397976696213115,0.0049056200306974,0.0366519088720702,0.0806790355942641,0.0509057118515499,0.0414751343290567,-0.0282444891050202,0.0302257932695836,0.0632166153604559,0.0212226615983224,0.0872971782494345,0.0238993169063361,0.0217647492691463,0.0385055285702115,0.0268341300439246,0.108668024307273,0.0453444719515926,0.0655006789065491,-0.0292908314738089,0.031328932980039,0.0821778809424303,0.000498569826801207,0.0367454815418989,0.0375033502282772,-0.010804300391521,0.0870676827957516,0.0904316111232438,-0.0488627436822259,-0.00722921948372011,0.0199821995441456,-0.0131618180715392,0.0519878475515305,0.00141055244431729,0.0688180444827378,-0.00783083869762012,-0.0025959195532222,0.0947985712561395,0.00161535229981842,0.0505423242812313,-0.0733067676212126,0.0231248650700918,0.0349270490628925,-0.0713250807286558,0.0493679067861883,-0.012308677049274,0.0129888568117166,0.123116015567382,-0.00521441415548441,-0.00460593780706308,0.107284808273432,0.018288133089362,0.0404340202694358,0.0835974820312077,0.109545027685074,0.124385766650889,-0.0549641423070511,0.0229889445077429,0.00014922353183502
"X_Ehrharta_longiflora",-0.0241163677792078,0.029650730747986,0.409822111939392,0.246947157987851,0.153335322040151,0.306437161602773,0.063181796467818,0.088592127772884,-0.0833742356352589,-0.0410203986222853,-0.0287100387566718,-0.033644114843887,0.0920987156940146,0.0140243441271186,0.405737352775033,0.122514082643181,1,0.30498681358831,0.115006830058436,0.302476551103297,0.385205890663734,0.0580868470541962,0.119459486375883,-0.00610913030642044,0.0795444025984298,0.392909740398694,0.35491495261519,0.0297500990503702,0.402581781578046,-0.019258543919277,0.00831268563080197,0.247063741847918,0.0204522948781165,0.116231159194763,0.242956929049306,0.139278253137501,0.0997628858825962,-0.0778400065508645,0.159563133991998,0.17462651001965,0.0578454582251954,0.26721636867908,0.189278584340482,0.0926551015613369,0.13436018576826,0.108501754932239,0.364977858083964,0.118828568493964,0.358961919134521,-0.0966057959213679,0.0612235881087931,0.332158952392821,-0.00838804366381735,0.0894789033814573,0.00401424855669529,-0.0394367507353283,0.404250109791952,0.234967587469561,-0.175682075516215,-0.0303383044181271,0.0748597922679833,-0.0889658567267949,0.253079571893615,0.0148009830773821,0.137787714596538,-0.0284719538480591,-0.0702592038644124,0.280290948301656,0.0214477449631575,0.162178054181998,-0.279145835159764,0.194710313425952,0.00485812788653905,-0.31722418772219,0.199360311875983,-0.195624973680392,-0.0270312630311861,0.387668667208272,-0.0319411976594638,-0.0299439889415863,0.332753632029194,0.053824697620674,0.109402926744733,0.319619033856274,0.428804503531592,0.458496662444465,-0.23968242990467,0.084258344004467,-0.0190205572794454
"X_Euphorbia_peplus",-0.0118749693250343,0.0519807830416018,0.350633265723301,0.240686193180978,0.121796856080385,0.296910772294443,-0.0361134426410498,0.0830819436724173,0.0313814488002862,-0.0407602482726964,-0.0666308725645699,-0.0311588920420185,0.00521367731167169,0.0578040400125347,0.179215180206284,0.0716240068226955,0.30498681358831,1,0.0590451877138089,0.155187448571987,0.226439364233579,0.0286042367888792,0.0716341057213523,0.0223882102489282,0.0627404236262874,0.192701169282079,0.22582147323372,-0.0183029403786957,0.152937224052492,-0.00463591572065578,-0.0262387113077545,0.136247683829486,0.0300223450764555,0.0905602479621753,0.152725103709128,0.0691655487037359,0.0696265588386428,-0.129798341981049,0.130455976680478,0.0161735115591492,-0.00986085024284458,0.161446204083863,0.210386558713049,0.0717205130119227,0.0792002542455199,0.0855226641965284,0.168484697006429,0.0405312685030582,0.359703249775509,-0.0802248293270598,-0.0505390398663603,0.186671050044749,-0.0163204614492408,-0.0984773223851308,-0.0897540586159655,-0.0197732209854321,0.393837340619256,0.115162541284877,-0.0823684482866351,-0.0278748988938719,0.0667946367218534,-0.134806446925941,0.312945830666737,0.0368229926163261,0.0246905581011209,-0.0284724591788224,-0.110659679785363,0.0617565748119647,0.00279791370393129,0.13043181532286,-0.194651326396941,0.271820873664715,-0.136681678886848,-0.320393487346604,0.144267898740635,-0.24790864308471,-0.08577073099546,0.172312243729648,-0.0257687913741287,-0.0304472982867584,0.176477742330429,0.0532152200325446,0.0546092107704474,0.250324636916292,0.246390919069028,0.289812894656766,-0.20563978165467,0.0548580991546957,-0.0728740022512687
"X_Fumaria_capreolata",-0.00758225817845346,0.000790940187008391,0.0876024875020304,0.0356662221828225,0.0360972302742563,0.0622228478350089,0.0368379623049758,0.0167577573399764,-0.0408489289818637,-0.00601949312723893,0.00703437708190539,-0.00467738678970962,0.0421723535673997,-0.001186965359542,0.13371762279108,0.0265473057312904,0.115006830058436,0.0590451877138089,1,0.0780656649092309,0.101246931534223,0.01819193970606,0.0311134017813248,-0.00480155764505277,0.0243713299387678,0.11209612424406,0.080875419327993,0.0194216575090969,0.145612819582412,-0.00738651500485581,0.00872054045422469,0.0720280405029772,0.00274942099802703,0.0222563537548406,0.0672106119602908,0.0380150560701943,0.0151112913266621,0.00969877265668371,0.0368685623024621,0.0730973481792668,0.0332140407445232,0.0636556655170992,0.0333738033302409,0.021829645639981,0.030118872702153,0.0307525557760554,0.114769899201291,0.0460621488434662,0.0640057178894981,-0.0160768564934451,0.0522887210023423,0.107264278829913,-0.000168561424889504,0.0700545813015375,0.0260854179256067,-0.0132141468048808,0.0632979937362014,0.0770449317876867,-0.0575942217142234,-0.00269138427016527,0.0122433411568827,0.00560475006799449,0.0300044112181668,-0.0059681881540994,0.0535217328853277,-0.00907161392322402,0.00275192502628351,0.104930366183721,0.00896945278962524,0.0311376079400624,-0.0758377102558658,0.0054338430820957,0.0368799249474349,-0.0514452473311106,0.0576384353266572,-0.0259074139932645,0.00708479025117618,0.119084229858635,-0.01017480328796,-0.00565050294190839,0.0981448683865798,0.00224468398392478,0.0408779010961809,0.0593121568677467,0.133396799765293,0.120718469094845,-0.046814040640273,0.0246826676258511,0.0168214232782194
"X_Galium_murale",-0.0170063395927855,0.0091716633841261,0.257602330106093,0.128762078862202,0.112503314786581,0.148599490380545,0.0991765302446434,0.0414715531347795,-0.133850502919004,-0.0291005863425963,0.0120437967394852,-0.0183471855110559,0.107129830733572,-0.0201858256942571,0.338875262150208,0.105623231071847,0.302476551103297,0.155187448571987,0.0780656649092309,1,0.309157821434851,0.0507130101715029,0.0770743292316696,-0.0121275048627815,0.0400508035221467,0.322419126173797,0.262909986224286,0.052288706583826,0.330677904142973,-0.0199414396730605,0.0114204032395168,0.178943038405891,0.00320820003059934,0.0794392645304837,0.182732478020271,0.115468441852697,0.0619162031046476,-0.0283852903767473,0.0972825055279847,0.159272138098461,0.0686425603445216,0.198349787986657,0.0893094492547172,0.0550184187170808,0.0886711811506229,0.0606122630118558,0.312085638041248,0.0963766870336721,0.170956317262582,-0.0556420985544319,0.0840681248273753,0.233823180401591,0.00526356550681426,0.146643794840251,0.0868839363356592,-0.0139400851541545,0.20435053065471,0.213201888341588,-0.139868372588139,-0.0142227367895861,0.0351785158937233,-0.0176881877055963,0.0862805171486069,-0.00416743346064602,0.173014722439564,-0.010240527486326,-0.00301335506764648,0.267721798774094,0.0245806030906473,0.0907624574703577,-0.176822067375246,0.0245106695308274,0.113156365159181,-0.174789047445797,0.105607957435699,-0.0171405157049333,0.0502255240419824,0.3136503716964,-0.0137112899133927,-0.0154350449886054,0.267296955148757,0.0537537419337657,0.112901659754387,0.202614116182247,0.325259301675362,0.339437954951042,-0.115541989079348,0.052966149250334,0.0338404236562517
"X_Geranium_molle",-0.0220333632665652,0.0147792748165082,0.352433214426516,0.184535300246826,0.147303668013716,0.222260826000643,0.100116785228153,0.0651403775267529,-0.139721946651997,-0.0344887348689638,0.0142605782734639,-0.0236109810400788,0.127850465950384,-0.000852123710857095,0.400755340071523,0.120104998866624,0.385205890663734,0.226439364233579,0.101246931534223,0.309157821434851,1,0.0585461158442791,0.0977109544986326,-0.00751021563557775,0.0616969684906252,0.377233456198713,0.305288926002095,0.0539276332336409,0.398422875944489,-0.0267716969765159,0.00481302128626027,0.220837942036868,0.0155781096317993,0.0969148879415696,0.236823601405752,0.131623753835471,0.069852154290122,-0.0443875380706697,0.130722532329722,0.182799642669347,0.0816481926910145,0.241769922041979,0.151854988335294,0.0798885132693238,0.116272380948748,0.0921311898465564,0.380442973494563,0.117124967702837,0.254721066002334,-0.0671503590107318,0.0851716910664098,0.289190820720506,0.00262267152712927,0.160761033166759,0.0933401561881205,-0.0196888158639251,0.292488116633933,0.253464092452137,-0.165989907414035,-0.0200194817974851,0.045629567130026,-0.0395133171587192,0.1617933885185,-0.00158599268759416,0.191004539265853,-0.021580949586446,-0.023454929823976,0.317321260130415,0.0289462334434393,0.118286146765068,-0.236669171148674,0.0738364138771438,0.11139656221684,-0.258420910659584,0.146427134447076,-0.060460577054363,0.052559927764269,0.386082968289594,-0.0212935714001448,-0.0275617115466183,0.327295854806072,0.0590238566798653,0.135476755194619,0.232746988009449,0.419639147447973,0.433327633843765,-0.161992466027526,0.0870206356143013,0.0423121544087439
"X_Heliophila_pusilla",-0.00366631265609272,-0.00119787527834197,0.0396784172768789,0.0155115487879528,0.019765605650158,0.0236329618375762,0.0253097430083024,0.0122877708838099,-0.0319788139451224,-0.00479972592965743,0.00555005343081406,-0.00224065181884313,0.0232653880310355,-0.00644213642324382,0.0759502156121791,0.0151246227455631,0.0580868470541962,0.0286042367888792,0.01819193970606,0.0507130101715029,0.0585461158442791,1,0.0156640478822154,-0.004180695393637,0.00749088199044699,0.0619610176704358,0.0429657926453728,0.011729723599351,0.0730572811236587,-0.00271990001911969,0.00576082016999994,0.0386374865749415,-0.000976655271449457,0.011998010564002,0.0344186679161802,0.0292836567912279,0.000115082458022619,0.00739038467110139,0.0153887706608219,0.0380304359851597,0.0261850940057026,0.0366779453752409,0.00596885712654758,0.0108517040281122,0.0229242565883225,0.0141709208122104,0.0638285795742666,0.0266579901469437,0.0224563158929847,-0.00633629285197817,0.0232963012575481,0.0547597135227447,0.00151294956210539,0.046505861510155,0.0228990302209986,-0.00292897673862004,0.0285599186063803,0.0482034883813304,-0.0338625453821429,-0.00190258272909765,0.0018040987645133,0.00524285929279951,0.0116992033043748,-0.000514167807956133,0.036294460763877,-0.000375743589046562,0.00639518078763175,0.0548718633660183,0.00584921726973289,0.0129590128287663,-0.033568582707537,-0.00752534415523461,0.0355155339485586,-0.0249805429313777,0.0227221089086222,0.00763775199825527,0.0108562876392925,0.0694684360190055,0.000267089802469291,-0.000515770006075309,0.0548625060742127,0.00419619128940459,0.0280871132864325,0.0336326011280735,0.0701304587672192,0.0684196879858587,-0.0181382401783535,0.0095912962858057,0.0155764278058833
