"","X_Arctotheca_calendula","X_Acacia_longifolia","X_Avena_barbata","X_Briza_maxima","X_Briza_minor","X_Bromus_diandrus","X_Carpobrotus_edulis","X_Catapodium_rigidum","X_Cirsium_vulgare","X_Commelina_sp_","X_Conyza_bonariensis","X_Conyza_parva","X_Crassula_alata","X_Cynodon_dactylon","X_Dischisma_arenarium","X_Ehrharta_calycina","X_Ehrharta_longiflora","X_Euphorbia_peplus","X_Fumaria_capreolata","X_Galium_murale","X_Geranium_molle","X_Heliophila_pusilla","X_Hordeum_leporinum","X_Hypochaeris_glabra","X_Lactuca_serriola","X_Lysimachia_arvensis","X_Moraea_flaccida","X_Paspalum_distichum","X_Pelargonium_capitatum","X_Pennisetum_clandestinum","X_Pentaschistis_airoides","X_Petrorhagia_dubia","X_Poa_annua","X_Poaceae_sp","X_Polypogon_monspeliensis","X_Romulea_rosea","X_Rumex_sp","X_Solanum_nigrum","X_Sonchus_asper","X_Sonchus_oleraceus","X_Stachys_arvensis","X_Trifolium_campestre","X_Urospermum_picroides","X_Ursinia_anthemoides","X_Verbascum_virgatum","X_Vulpia_sp","Acacia_saligna","Anthocercis_ilicifolia","Austrostipa_compressa","Baumea_articulata","Baumea_juncea","Caladenia_latifolia","Carex_fascicularis","Cassytha_racemosa","Centella_asiatica","Cyperaceae_sp_","Daucus_glochidiatus","Dischisma_arenarium","Eucalyptus_rudis","Gahnia_sp_","Geranium_solanderi","Hardenbergia_comptoniana","Hibbertia_cuneiformis","Hydrocotyle_sp_","Isolepis_cernua","Juncus_subsecundus","Lepidosperma_gladiatum","Lepidosperma_longitudinale","Lobelia_alata","Lobelia_tenuior","Melaleuca_rhaphiophylla","Microtis_media","Myoporum_caprarioides","Persicaria_decipiens","Podotheca_gnaphalioides","Pteridium_esculentum","Rhadinothamnus_anceps","Scaevola_crassifolia","Schoenoplectus_validus","Sonchus_hydrophillus","Sowerbaea_laxiflora","Spyridium_globulosum","Tetraria_octandra","Thysanotus_multiflorus","Trachymene_pilosa","Tricoryne_elatior","Triglochin_centrocarpa","Unknown_climber","Viminaria_juncea"
"X_Arctotheca_calendula",1,0.205370193962903,0.187724129549405,0.382542369641197,0.0884808649691116,0.310084470728599,0.0665279796949144,0.166626178016517,0.280353557757221,0.0159553427451895,0.0374863841920896,0.0611658336445376,0.17239370734111,0.158031102130588,0.123245207771192,0.0856551515774316,0.205290658555101,0.230614319261211,0.169557904939348,0.199162192755217,0.239682353753817,0.0636028292761211,0.209298316356786,0.0470997176125725,0.150611314419173,0.183609145576799,0.331378970090343,0.0821202344800099,0.0517360314085701,0.103888364883857,0.0024819087196231,0.238852525718532,0.05941759993073,0.207402854956469,0.0885791758889643,0.107590779360147,0.145771049288338,0.0705899172356534,0.157112669021809,0.105748330724873,0.0342847802574196,0.253645783554714,0.217383910351564,0.187800564057873,0.115671063885542,0.132190254011616,0.0153624552641326,0.0536304449711959,0.369426398533368,0.157423453336128,0.0392835712497874,0.255615687444072,-0.00215157274577227,-0.000434958354825588,-0.00131137572010738,0.00825054970324431,0.385330536106531,0.135986226702846,0.122432211314008,0.0915880722250245,0.188200274037752,0.0359716111151208,0.373539548942223,0.0559086980427583,0.145916283757669,0.0149920101100565,0.000428464751698177,-0.000735591769560692,0.0143153487702492,0.266270811038582,0.078551100292618,0.354062941334083,0.00320391759786743,0.0363899371582671,0.257978492514502,0.00473864082174836,-0.00156920778812583,0.0771498524837524,0.000246418481167449,0.126511983732778,0.265222062426089,0.0598662001017867,0.0229206458121374,0.291768904742491,0.168134275157384,0.241157415439422,0.0218128272083706,0.112639292872403,0.0160676697242905
"X_Acacia_longifolia",0.205370193962903,1,0.454233986285869,0.769102551943035,0.236935427171605,0.574287753422255,0.111685282414089,0.379388501498761,0.666112783994429,0.0696597504404083,0.0749927643235332,0.131652442084014,0.334125536190772,0.319411114482054,0.285849012824506,0.165925322394298,0.448226182565941,0.561166344314485,0.340821367671663,0.460499296836278,0.493079032867175,0.1416171051633,0.456534482884253,0.128039946745035,0.285528612608491,0.355702795825715,0.702694981935314,0.140512173655227,0.128972106655344,0.232075689481733,0.0388167188328193,0.49093929159916,0.128322676304653,0.412676141938665,0.190139842493719,0.205530028554933,0.379756848061135,0.138205069243078,0.287380809847204,0.158623039816544,0.0863757975940858,0.534253046428008,0.473873126595156,0.2866994476685,0.216480199078249,0.261661843904337,0.0866953543888025,0.124660368697029,0.819724769276055,0.285635158712617,0.101004480765644,0.529044084294132,0.0887229645102528,0.0914748855899212,0.0974280653936382,0.040134105909394,0.812300480335803,0.264906301123029,0.265157237701405,0.162677830865783,0.33226715131526,0.0777750402988684,0.83754374048701,0.146960984598349,0.250049203200485,0.0377127584356758,0.0362444984779055,0.0702065454040056,0.052686526667642,0.635140781490047,0.167006639333035,0.782164976055455,0.0640521055577632,0.0662773671482647,0.550859975194394,0.0863345558353537,0.102987018059592,0.160524809696592,0.040253554160549,0.23316626211194,0.527229766528268,0.110437559142119,0.0489299942106634,0.627062099214025,0.368463668373997,0.50086138434043,0.0823750644360626,0.246170715673917,0.0743928888111207
"X_Avena_barbata",0.187724129549405,0.454233986285869,1,0.662363566141777,0.0639931379705467,0.454374038140595,0.537781811999748,0.286768509145492,0.627346391903952,0.0589528372476883,0.36238543428994,0.392196116415788,-0.190540266541847,0.459705472507883,-0.288280025457447,0.071819838869721,0.296592315532793,0.288239300225484,-0.231844971009148,-0.112589219555228,0.0340969850128452,0.00318155804770421,0.119590862681856,0.0389969264702154,0.185568699972289,-0.198301999506455,0.218018722895544,0.694756265126915,-0.246144369080279,0.543750626549467,0.11536575025839,0.238473844661035,0.0689360594670473,0.268454293091342,0.084302625146629,0.00273372960065139,0.521651904315301,0.570724944264736,0.274265957720709,0.486154095371617,0.0629834897493809,0.224454122900361,0.543330947594649,0.175977162724165,0.0575846027440193,0.202732408333619,-0.0799304066484753,0.00710445805626329,0.606774609376726,0.659050533227085,-0.0473960653467983,-0.0671814228746129,0.133484827200321,0.244817023584466,-0.0806484095972734,0.077708651002651,0.550193003184212,-0.307979441831076,0.530100673297994,0.592828816257015,0.311431897331608,0.586518944993042,0.666238923093133,0.0316938672673349,-0.0908800872248759,0.259349022930254,0.15071698877894,0.0398901094168571,0.00725218218265165,0.498666260758316,0.467481107581574,0.747634197071855,0.267954562879187,0.517043053215149,0.0496118582716182,0.344026318793301,0.0353698004336553,-0.0023467192012647,0.0755598291222981,0.610135704806441,-0.0476757011918829,0.497649532692449,0.255509495732816,0.38436641830195,-0.0570152422829696,0.22470148759974,0.530601432649795,0.654140351033967,0.472708441698773
"X_Briza_maxima",0.382542369641197,0.769102551943035,0.662363566141777,1,0.36478768160722,0.770297224327702,0.235911172457688,0.643024931225472,0.782571944102658,0.0759574794582798,0.15455748217731,0.253182014587061,0.352025894745193,0.610779920904727,0.273922765746032,0.300368932957056,0.628784939571003,0.773693585081887,0.297449153500457,0.483681417165314,0.60094066721701,0.187154487644918,0.603891341134614,0.184897058046322,0.574741802853562,0.462524611945558,0.790945652122233,0.199180258889163,0.0276536418798477,0.44425440881067,-0.0266019416071933,0.671535975874073,0.204092236488796,0.706751219151471,0.36838074332156,0.282225120469362,0.652533685773635,0.287298744305479,0.515889921719875,0.391318576691155,0.17555650618974,0.709627536295031,0.800545751261558,0.62812469744303,0.385799471376391,0.498247138258013,-0.0902438409370778,0.196581875743901,0.909141971648238,0.548705730149234,0.11371377049317,0.568236331926937,-0.428173338548572,-0.399230167802646,-0.351933623383961,0.0427497716962856,0.90897507214331,0.236836225295326,0.379954213025335,0.339975290536152,0.725130656053875,-0.0538730117100901,0.908661120635176,0.221655098010736,0.28533566061079,0.0428763524339996,-0.111467419749427,-0.269917502733965,0.0301882841051242,0.846739347731827,0.261908070891065,0.874317507258365,-0.239523000173933,0.101197925397961,0.639927763899998,-0.290746698870917,-0.410448795330201,0.235287110860659,-0.0360913276678409,0.46662446071802,0.56331728071368,0.2144686080299,0.120768661267328,0.783203714415173,0.511946183273968,0.689056491907915,-0.139418735970894,0.415428757293524,-0.216764832218928
"X_Briza_minor",0.0884808649691116,0.236935427171605,0.0639931379705467,0.36478768160722,1,0.347646905867404,0.0390278027117122,0.237828060678676,0.224418801478754,0.273994513739112,0.0181524446251656,0.0292396108394284,0.724571333530311,0.107671956055143,0.722820952190366,0.178784072350019,0.391631259824661,0.455313304835983,0.722844308499456,0.688538392508211,0.630350086651697,0.350279833826619,0.545987234871157,0.195261121920848,0.372904522628979,0.725100285978783,0.660383618980278,0.0293806419089837,0.587748042082462,0.0398704944091497,0.219983069263634,0.512301821395031,0.159006964374178,0.445397854835879,0.300118087389348,0.420943482804834,0.142611626413598,0.0222299146993172,0.221911672696848,0.0564945153050365,0.157793500629388,0.461644279900092,0.190471341939878,0.404046189812526,0.444135626533929,0.185435210075579,0.433241713107099,0.351978301183555,0.488147056268136,0.0591459564829249,0.390566524564745,0.747998386811147,0.3991446777588,0.246458911316402,0.537282785638456,0.155411750380896,0.502922205973491,0.72133867752299,0.0354452379193169,0.0170877454463326,0.233603511709854,0.0393157068630076,0.370062267156721,0.318094987712911,0.657058503881372,0.0244876468667135,0.103525738692097,0.359188662827282,0.24787605155043,0.401644082765517,0.0172532439044115,0.275022583030869,0.154351551329881,0.0330513708038258,0.678057344930939,0.156665308956194,0.449627423208083,0.420607928690383,0.218609517855697,0.032131420064077,0.76611913152057,0.0246060999392571,0.115138270633415,0.524329719932341,0.633525850918388,0.574534817458408,0.0876050976461521,0.0298914144889735,0.101811621273541
"X_Bromus_diandrus",0.310084470728599,0.574287753422255,0.454374038140595,0.770297224327702,0.347646905867404,1,0.142964705412734,0.529391979197598,0.64953039466638,0.115074808525719,0.103720799561088,0.159364750006568,0.412454655304048,0.427419037352481,0.350320550273129,0.24824167878886,0.562258175559241,0.657834641179735,0.405353201602653,0.497086060042965,0.568215003914137,0.243446272005101,0.566701072341042,0.190733445338324,0.479197532103883,0.481286138497177,0.740857890269326,0.102041714533497,0.188458611223001,0.301752240615698,0.0137509891948106,0.611177108050944,0.173826433181084,0.602436103844974,0.36291192369209,0.292247712027067,0.490231930065748,0.194447909769519,0.417935719778198,0.279053415843084,0.14426816346695,0.640457637446314,0.6039923726221,0.528714124129815,0.372428243549198,0.392053518386553,0.04823772464956,0.193219273114658,0.794632565547815,0.381918453732358,0.145957360254271,0.595803936901139,-0.072969465113415,-0.10255473443894,-0.0315573881176667,0.0463688185902982,0.797734863416319,0.334439185810002,0.26221565382422,0.202422164155404,0.55440985942238,0.0172207642685384,0.763812602030787,0.26092010982827,0.334771890185625,0.0388763822343187,-0.0240195322355345,-0.0545711000393938,0.0613321722431371,0.697944129718785,0.17187069079138,0.729077810037645,-0.0476435199565905,0.0830675579740953,0.611027696911207,-0.0711457829444272,-0.0641256615622896,0.25569914991907,0.00428259004109705,0.284853290760548,0.608738073641176,0.13385923710283,0.0779222590046648,0.706122062203998,0.488274007782273,0.61824919756675,-0.0289495049384864,0.269034068573894,-0.0226564514998971
"X_Carpobrotus_edulis",0.0665279796949144,0.111685282414089,0.537781811999748,0.235911172457688,0.0390278027117122,0.142964705412734,1,0.0672812639035166,0.314651788024794,0.166931636556689,0.381859230911012,0.303307925143854,0.0155069313192296,0.19350585058511,0.0787798228315741,0.0565724005904753,0.121036468141095,0.0477113154368373,0.0467404030426574,-0.00480312231503502,-0.0333753472255228,0.0374201183970122,-0.00708781279475375,0.0469401144222482,0.0499654985759125,-0.0325934253028785,-0.0204857947524199,0.723798056087976,0.178823824827334,0.328810493157663,0.343349227336332,0.0384900713268676,0.0345124375632953,0.0306774885080548,0.0338156801802141,0.0149446481087374,0.258104798298941,0.551558711525109,0.156090581431762,0.505191894493519,0.0851539322527505,0.0343147282500595,0.172875964191287,0.0415904606999935,0.0359167952043528,0.0443858703171284,0.278524972328355,0.0639027681297138,0.186074926044109,0.515294518304931,0.187927291818627,-0.0584972116246524,0.545260511982161,0.595631774842579,0.421852378143031,0.179040784265654,0.162658292780789,0.0804901615967713,0.390117524639081,0.429604402884323,0.0642286303878279,0.635567288253084,0.257586298540915,0.0550499670797098,0.0405684944490224,0.339256375422793,0.322380799348183,0.430335561812601,0.0963006627057478,0.142470544205605,0.381196448758503,0.363939934299692,0.603207669828199,0.595727450282563,-0.0314000627848454,0.616786238128719,0.500443244796205,0.125046030301945,0.292789710696608,0.463943711744731,-0.0723114286897382,0.445567664129018,0.34226077078244,0.0580639698237045,0.0617135240836339,0.0870972319658372,0.707526316037998,0.529260876164033,0.681947581156348
"X_Catapodium_rigidum",0.166626178016517,0.379388501498761,0.286768509145492,0.643024931225472,0.237828060678676,0.529391979197597,0.0672812639035166,1,0.554760855431617,0.132158968906705,0.0410908812020792,0.0770899455539464,0.503584969500462,0.22537223436623,0.431588029404076,0.153345292323492,0.393096892056876,0.507627670748539,0.495206983561903,0.527059847768109,0.557524381971868,0.175379576244798,0.55054144200121,0.157998586824186,0.318417559000072,0.527962007175993,0.732119207160252,0.0635215920588805,0.283215526291889,0.139920400860031,0.0595207594554185,0.55470038491216,0.132750387014732,0.482811637561656,0.21982415213097,0.259564883823785,0.259147985996222,0.0860566324383711,0.276898955076622,0.114016029513775,0.106114851233161,0.508571077869386,0.383641584190947,0.3811994301952,0.29206778332829,0.255204771879898,0.151337250799583,0.206840943921536,0.729368971069323,0.201578096030274,0.165895684674721,0.665011167371404,0.106439927554767,0.0503038827748164,0.150833379158813,0.0509009942502566,0.791725565475488,0.436401605005685,0.154673881472069,0.116146506459085,0.331620073003136,0.035251271909111,0.698931215207564,0.219344104320654,0.422241089472433,0.0193314098399754,0.0241998096181761,0.0961159946435882,0.093912770152689,0.569204893945443,0.0814703425822288,0.635757694519502,0.0276209652731277,0.0545673869809713,0.599871708145816,0.0334738775496701,0.111057573505016,0.273898870397986,0.0660181695595146,0.138332412955724,0.627574630789551,0.0782688988083259,0.051698390799945,0.616818360077744,0.496775374394104,0.55879910821329,0.0270796318460096,0.142469638846846,0.0224774892796497
"X_Cirsium_vulgare",0.280353557757221,0.666112783994429,0.627346391903952,0.782571944102658,0.224418801478754,0.64953039466638,0.314651788024794,0.554760855431617,1,0.0531930327809826,0.215920503955804,0.278504736847448,0.218556929972682,0.523931708693672,0.124179598221824,0.192409370477061,0.498951033488389,0.579832990139865,0.213403064333467,0.35018480972862,0.460539612177321,0.123070486235244,0.473802661644188,0.115734875784049,0.409920857800266,0.313722809483965,0.671294709212561,0.351798272278593,-0.0423952093621538,0.43744624813237,-0.00825371625063855,0.52343924955057,0.149534685455146,0.555072765725661,0.265813406028568,0.162563316012561,0.576406039859674,0.354471203248409,0.384810033820591,0.361773953416437,0.106793369961525,0.534782650482551,0.678683229802776,0.46581596879406,0.243416676515115,0.367719867001078,-0.121184486332415,0.126074921398182,0.791564606041095,0.572092175713582,0.0163475744254868,0.454523424787238,-0.2201145318086,-0.131102750571397,-0.22707395404776,0.028596295259022,0.801689772253706,0.166239404555989,0.420426173716484,0.393015384277749,0.548187743466922,0.249128937027819,0.823464566583909,0.163517301120794,0.168312026250872,0.0883257617340421,-0.0376415473491157,-0.169802947010583,0.0174961307064018,0.740678664205993,0.31433613815409,0.793824653365962,-0.0461870549847343,0.216032354325232,0.528336183177152,-0.0399461407969782,-0.218102643196431,0.160791768685147,-0.0197389492296608,0.44572182702312,0.475022952451388,0.305184119378435,0.118223573418956,0.655766981705992,0.341264696337626,0.527233273643406,0.0986122096214319,0.449654296943172,0.0484640961683861
"X_Commelina_sp_",0.0159553427451895,0.0696597504404083,0.0589528372476883,0.0759574794582798,0.273994513739112,0.115074808525719,0.166931636556689,0.132158968906705,0.0531930327809826,1,0.0952684460997042,0.0427081001426452,0.684161961809731,0.0306676045804224,0.725782227963264,0.101368921692544,0.252076840419357,0.274152636336872,0.672345502435899,0.610606401446997,0.509139721155512,0.352999960732965,0.383690060533318,0.185818035648414,0.250568940804383,0.708949242433507,0.417563957325078,0.213712323425369,0.702943628304435,0.033901774087062,0.369458352911925,0.327398408960822,0.130289770688154,0.167536441696088,0.243767766559012,0.386532222209581,0.0849270074208491,0.10758288290801,0.121329401197624,0.178215728178299,0.192092674366873,0.217734441326645,0.0416951984297433,0.242240046432227,0.325044164905354,0.0748947142913073,0.597965470847845,0.298564659264849,0.142030923707068,0.0846496287044426,0.442426787311426,0.599020435858193,0.687425712161186,0.551377723605227,0.736259656732151,0.317152555331809,0.182242568307036,0.75375853625284,0.0461927254212629,0.0487287557125252,0.117239414402786,0.293445822014337,0.110056393567627,0.317978893541264,0.671285799679487,0.0958611733406154,0.259817069185251,0.56111729173403,0.268025465885649,0.137221894528884,0.0753856928316494,0.0585148354985728,0.414908109509986,0.201829672257363,0.511382752061817,0.46589888153416,0.689107497321675,0.42684742335856,0.403662433892883,0.0637314572011149,0.632020098242759,0.133973465857439,0.243349473399199,0.272369526640273,0.584622425179716,0.415232005165671,0.40033488031995,0.125806151465925,0.396825886035932
"X_Conyza_bonariensis",0.0374863841920896,0.0749927643235332,0.36238543428994,0.15455748217731,0.0181524446251656,0.103720799561088,0.381859230911012,0.0410908812020792,0.215920503955804,0.0952684460997042,1,0.187513907765404,0.022931842792585,0.10645938766996,0.0409953419260504,0.0338536995304185,0.067907566310997,0.0168729120033497,0.0232738576559307,0.014041880450911,-0.0102065949976364,0.0239204278263077,0.00261762732594105,0.0222154830389703,0.027849380829104,0.0157056498593788,-0.00407551172739452,0.477717983599883,0.100708868249363,0.173458883565615,0.21588819325008,0.0206432028459744,0.0240283187937763,0.0241571341312567,0.0240262784961316,0.0129377228410926,0.139130253750257,0.396876264335358,0.0956475677874376,0.334408558839085,0.0490714084785268,0.0200670540850079,0.0991089559170972,0.0310643090588137,0.0199912443949091,0.0323622600495082,0.149970529142478,0.03387820254058,0.128813790267112,0.340787888785248,0.100517338029932,-0.0107886673914361,0.340166766469328,0.367321958459371,0.25671322806095,0.098424896108572,0.0951595035059837,0.0512502394152057,0.280625531475849,0.275791222852038,0.0371022684817428,0.435047340169814,0.153830563910904,0.0298753730604601,0.0436723505398279,0.210238961261688,0.203353053225984,0.234941405228176,0.060859905126331,0.0802772717853513,0.265432596512763,0.23259726581985,0.385300526823634,0.41607447622875,-0.0042408322651291,0.371150857397668,0.280412920860347,0.0659912687231657,0.155173140812988,0.278697043522278,-0.0152856504556221,0.295938646974379,0.165613147415157,0.0246574457879289,0.0315839042033416,0.0314639799998197,0.448882507854334,0.363330564985791,0.469220554594972
"X_Conyza_parva",0.0611658336445376,0.131652442084014,0.392196116415788,0.253182014587061,0.0292396108394284,0.159364750006568,0.303307925143854,0.0770899455539464,0.278504736847448,0.0427081001426452,0.187513907765404,1,-0.0014735090825477,0.151459481808464,-0.00603196807952819,0.0330409833062295,0.0901302723422616,0.0835924336463401,-0.00425163680926864,0.00505792309074185,0.0307730836287619,0.00707337533624903,0.0415718416489831,0.0177979595173272,0.0616499761946053,0.000367713024035742,0.0830935390928209,0.427574846896015,0.0124013620103315,0.220216481582533,0.0932929043399571,0.0855938475357009,0.0213102105490946,0.0982307634550537,0.0310848454144991,0.0125064525024523,0.17155790093035,0.280234008092487,0.101228633964848,0.247743816821815,0.0294201462830124,0.0728905664444005,0.185397872980899,0.0591256985055866,0.0193521664991097,0.0559554791323667,0.0497895888164555,0.00895769818966447,0.221359924693633,0.324479448581415,0.02980734000917,0.0132817885895876,0.18137991946261,0.231279182453947,0.10621706911328,0.0490979993652105,0.206335983694184,-0.00794454492267526,0.285302854584088,0.26076336049773,0.0799367760295716,0.349071998851673,0.275439861774767,0.0144787294332254,-0.00279902920800545,0.124107157691725,0.126136630008891,0.122174682003252,0.017986438882578,0.162739050420817,0.261379428328596,0.34970475086172,0.224627761380253,0.286684390359051,0.0245705172141298,0.258521617922366,0.16174829022501,0.017327328420662,0.0884223682416544,0.255937306825995,0.00866768119115557,0.269110724714748,0.100898413641658,0.117456455678132,0.0100098370077005,0.0754245252183522,0.358119465421141,0.342788876579935,0.309219882247473
"X_Crassula_alata",0.17239370734111,0.334125536190772,-0.190540266541847,0.352025894745193,0.724571333530311,0.412454655304048,0.0155069313192296,0.503584969500462,0.218556929972682,0.684161961809731,0.022931842792585,-0.0014735090825477,1,0.10193932964302,0.962865855102552,0.415062948304721,0.606423244426066,0.741712541194034,0.974335653927854,0.929334241463481,0.873352566493659,0.751376597753619,0.877459851483741,0.43941735841264,0.76075789625311,0.937688106819071,0.837020516759989,-0.055881164479679,0.863982210738201,0.0210397440552646,0.583646072584189,0.785837455979238,0.298120080463669,0.632882840630605,0.697830417008326,0.860440390579298,0.288703634389956,-0.052610848493294,0.397738536245068,0.106660842617002,0.424790760814785,0.679800392688319,0.248940559559959,0.788352077022451,0.846416981837865,0.309361209818052,0.728352797356943,0.795137068228847,0.557816191853566,0.0127620403594651,0.641011117988289,0.945667507759582,0.734859752627216,0.46029053956737,0.826759614882711,0.42654494396326,0.571694015892502,0.965395310868609,-0.21208357485289,-0.0302597579344968,0.429900960546729,-0.0633997607666962,0.33160754347626,0.741375968936281,0.967480445274238,0.0568993026034901,0.242796693020804,0.643401504666769,0.527679155308883,0.614692526495108,-0.187768275769805,0.214525053612488,0.330613985762114,-0.0155489523041512,0.921706939534226,0.340544821449559,0.783903502790697,0.777690456351295,0.608013197539714,-0.00735588935512456,0.9466464031837,-0.0763616992353204,0.360860229560663,0.737195657548211,0.902934646556991,0.813696750740657,0.127182099630191,-0.0909376545576883,0.118469859607278
"X_Cynodon_dactylon",0.158031102130588,0.319411114482054,0.459705472507883,0.610779920904727,0.107671956055143,0.427419037352481,0.19350585058511,0.22537223436623,0.523931708693672,0.0306676045804224,0.10645938766996,0.151459481808464,0.10193932964302,1,0.0761281853817793,0.0904555764132392,0.273633982561368,0.320869455124961,0.112230163840758,0.155427355336754,0.24974916162061,0.0467695128546141,0.243583613697593,0.0487670243650922,0.182134075120484,0.127515579818384,0.416252390530174,0.256752252825403,0.0475519137770505,0.257151316592798,0.0193004971226501,0.318818358398727,0.0579722614871499,0.255511554554108,0.115600004511073,0.0792981121596621,0.291018674141091,0.234432545858492,0.184830616809215,0.199704000150627,0.0501841985240551,0.303513158945007,0.380171310200958,0.188082506115606,0.103195089828225,0.18428482328765,0.0341490668282969,0.0440244504425799,0.574007107942656,0.305867283985481,0.031939780410004,0.226032211140509,0.0488702792921802,0.0569388448678377,0.0401890373240413,0.0193803635442712,0.586330293646628,0.0765348441945918,0.319316092811055,0.202335355917107,0.233372595024179,0.142110375685307,0.6025686181848,0.0521528555887697,0.0841364351630579,0.0433689642966274,0.02713298248807,0.0336377276462697,0.0174155707899191,0.452609140521736,0.229778205578413,0.610955691219479,0.0539683069722512,0.124591026677669,0.257304193683421,0.0706065719075442,0.0417134557289938,0.0514946356869625,0.0161682552525549,0.281233497072534,0.22649379108047,0.192157952066568,0.049422409008299,0.396528076519948,0.153971671814314,0.309021143256915,0.102379787344541,0.304546576851338,0.0758400170737318
"X_Dischisma_arenarium",0.123245207771192,0.285849012824506,-0.288280025457447,0.273922765746032,0.722820952190366,0.350320550273129,0.0787798228315741,0.431588029404076,0.124179598221824,0.725782227963264,0.0409953419260504,-0.00603196807952819,0.962865855102552,0.0761281853817793,1,0.393194928301001,0.57702283920716,0.678327895635179,0.964295733442286,0.919954003849069,0.860369847858733,0.755283776583125,0.858141031116631,0.439207292861704,0.754542176120818,0.928710560544444,0.80498137403293,-0.0215581729475135,0.877920599191892,0.0138127340376047,0.645930977474047,0.765315292187599,0.29731585924366,0.584344770824477,0.707839419316473,0.836269221972287,0.269058133290577,-0.0222734805245604,0.373079953891131,0.130759692224001,0.427420605832658,0.626271319745063,0.20643772453015,0.758538710402783,0.836093632070236,0.27596438249913,0.761586203037013,0.798650512060981,0.469131775852245,-0.00438719342497518,0.664193212200208,0.928939696171691,0.817909860877289,0.592894063519734,0.898262513273117,0.506327416244993,0.521048053633469,0.962124672199457,-0.318322340139864,-0.0287826419581763,0.379500285717084,0.0217940592756688,0.248970118402188,0.721227374441742,0.9609242783264,0.0721210736017265,0.302313358485287,0.729152086033879,0.56863787366297,0.523977332793814,-0.223631049158281,0.122390711316003,0.452628498466605,0.0471866567645566,0.89919978679323,0.477112018411069,0.855280360240688,0.780174869882554,0.718701160888686,0.00555598652148373,0.935943439447283,-0.0331153373939338,0.4266703809926,0.68159298536501,0.895027592791566,0.801188967793177,0.273300259192707,-0.0885701392545296,0.229840875309543
"X_Ehrharta_calycina",0.0856551515774316,0.165925322394298,0.071819838869721,0.300368932957056,0.178784072350019,0.24824167878886,0.0565724005904753,0.153345292323492,0.192409370477061,0.101368921692544,0.0338536995304185,0.0330409833062295,0.415062948304721,0.0904555764132392,0.393194928301001,1,0.252134423700499,0.285532665617612,0.42539460002481,0.406199302345095,0.423519344308172,0.1419777686918,0.304503215617964,0.107597845081939,0.172900739707052,0.443620800052504,0.424891633398922,0.0520949497314885,0.281573016811849,0.0312969322927188,0.0813280549433169,0.293479028536087,0.0749700778750947,0.231134845846236,0.159123239875023,0.203586193016483,0.113481806089979,0.0434507018648005,0.165472477847673,0.0737829768208019,0.0902550369994036,0.32594298539598,0.146919627749027,0.237213238773165,0.174699784954842,0.137542972305137,0.176078536276309,0.143930232635881,0.349271027682644,0.0809046767771555,0.172698797082358,0.466818298849881,0.164838739740345,0.122192661767409,0.201652669984454,0.0607578612396273,0.366974484547524,0.392682538062782,0.0387121008756783,0.0301321225570137,0.178051661396441,0.0696220633787877,0.263955449586084,0.148076323531977,0.352004256601588,0.0241858155340685,0.0614868654974781,0.132082808963994,0.0856459374267374,0.251768245712043,0.0288060766897836,0.222721756841304,0.0997751330693335,0.0576951500053837,0.400716912762545,0.099432157273183,0.183789828045394,0.222443564693917,0.0955002077596136,0.0390492003324633,0.476104667002032,0.0270372136363298,0.0499441914520263,0.316068355674309,0.35919429166303,0.329414121671632,0.0950846346455072,0.0454413008573169,0.0879477741543724
"X_Ehrharta_longiflora",0.205290658555101,0.448226182565941,0.296592315532793,0.628784939571003,0.391631259824661,0.562258175559241,0.121036468141095,0.393096892056876,0.498951033488389,0.252076840419357,0.067907566310997,0.0901302723422616,0.606423244426066,0.273633982561368,0.57702283920716,0.252134423700499,1,0.620718831962464,0.61398489354666,0.596804801292369,0.608813490962239,0.323731897698856,0.582034635364456,0.232384638361667,0.430614011181017,0.629324564208973,0.71764996033435,0.13463409887547,0.48260954513278,0.142771414091215,0.210271594895537,0.583074756260587,0.178585434090248,0.536535039345856,0.368183414471605,0.408255446264116,0.333510468393827,0.0960552102481977,0.351299239753665,0.157833763822595,0.208648289930656,0.589085334961166,0.442795447875037,0.520704462183417,0.440110197583707,0.323653731110233,0.377294166512887,0.324412839118676,0.691318698033597,0.187360376626792,0.316657310048383,0.674893982630772,0.423868427239502,0.331350538467104,0.460052681347906,0.160431339311909,0.710018888426483,0.578689304161174,0.17017257679662,0.0977871697252104,0.449496431314932,0.13324814939233,0.636242710778892,0.358808350739491,0.557776053316484,0.0416384906335032,0.129823723309155,0.346196477354155,0.202412715055548,0.580874844232911,0.10657905352644,0.579104615987108,0.250792409152759,0.0886991225374183,0.678256558617688,0.256776815957124,0.443512391126443,0.408383140827442,0.225605010902244,0.17089128911864,0.683085273381817,0.0903297608968699,0.128056655032784,0.636813736181337,0.546991338615349,0.593918272778499,0.211810336868252,0.142201530990802,0.213695393261234
"X_Euphorbia_peplus",0.230614319261211,0.561166344314485,0.288239300225484,0.773693585081887,0.455313304835983,0.657834641179735,0.0477113154368373,0.507627670748539,0.579832990139865,0.274152636336872,0.0168729120033497,0.0835924336463401,0.741712541194034,0.320869455124961,0.678327895635179,0.285532665617612,0.620718831962464,1,0.718201002670064,0.765025491287985,0.773637197046739,0.397898138063442,0.730307431011982,0.279749826090503,0.577310197319228,0.759318808365681,0.889264496540784,0.00624177601125583,0.51240051045076,0.162102173065643,0.132338338798607,0.740496730447322,0.206089599991429,0.67895784031134,0.451043601567908,0.493911361564971,0.386425437006952,0.053913728542382,0.414779098235058,0.156339788428237,0.184003005037274,0.730471562912317,0.543039092054058,0.65133808074484,0.54000808005738,0.368982316269444,0.323050406594551,0.333638544880679,0.84382670995023,0.192013779756437,0.347250586493009,0.859124086692926,0.160980051494871,0.0619959127457427,0.310504332484843,0.137367531968377,0.862841574196672,0.69572763514319,0.111669856737776,0.0830839778091874,0.521271856898306,-0.0338073521403701,0.7706871102157,0.415703058944085,0.647958506003388,0.023022030900568,0.0250481963165236,0.231548790294623,0.195010606700593,0.764478574330337,0.0409285532971125,0.690899638478957,0.0114138757750665,-0.00577616456698948,0.846258341325772,0.0111160879192002,0.23294586356526,0.443146267284574,0.144619180333585,0.12551276937354,0.854227181760253,0.0316439230642981,0.084819656707414,0.802816038995293,0.708539438539489,0.740151393262039,-0.0252503155347294,0.0835415990413897,-0.0229005627985318
"X_Fumaria_capreolata",0.169557904939348,0.340821367671663,-0.231844971009148,0.297449153500457,0.722844308499456,0.405353201602653,0.0467404030426574,0.495206983561903,0.213403064333467,0.672345502435899,0.0232738576559307,-0.00425163680926864,0.974335653927854,0.112230163840758,0.964295733442286,0.42539460002481,0.61398489354666,0.718201002670064,1,0.93464589493848,0.879392757271472,0.749075355400266,0.867948645393183,0.452921973056788,0.773523022150487,0.940764218535897,0.837843482604103,-0.0565099002854124,0.878278489722746,0.0124874708141909,0.613325211182781,0.797919056866523,0.314273010353027,0.620347400448808,0.70534130486316,0.834831142931562,0.274956353183633,-0.0362756163616091,0.396819199782275,0.111045243620449,0.444372950424274,0.674158794174,0.248561065303095,0.793437629204234,0.862803099352956,0.335938861486259,0.747295715141612,0.767111701556339,0.544858848260535,0.00899317865773285,0.64912493230174,0.944908920896824,0.745097818333713,0.484276176598701,0.853253755862252,0.428090889533597,0.566413797247685,0.966011954356701,-0.230107129308159,-0.0325119713611721,0.415267829381349,-0.0551052022425289,0.359055166397994,0.727616449325066,0.967720199131806,0.0683461021976269,0.257582450198552,0.652844772685477,0.541547941350383,0.581289443883905,-0.201634469231458,0.240738957080269,0.351517363801433,0.00196226838745477,0.927954152743672,0.361005799079957,0.793295889435734,0.770441570703095,0.654390751616358,-0.00176141323170639,0.952009905475535,-0.0571611567511498,0.36353088716127,0.727870594440883,0.904424827656031,0.808234351023299,0.182326113641041,-0.0989431437630868,0.136684237921273
"X_Galium_murale",0.199162192755217,0.460499296836278,-0.112589219555228,0.483681417165314,0.688538392508211,0.497086060042965,-0.00480312231503502,0.527059847768109,0.35018480972862,0.610606401446997,0.014041880450911,0.00505792309074185,0.929334241463481,0.155427355336754,0.919954003849069,0.406199302345095,0.596804801292369,0.765025491287985,0.93464589493848,1,0.85953969323738,0.673120951126471,0.866381394187248,0.422257395752609,0.722642902153152,0.909626180606934,0.868672807650473,-0.0404383875607214,0.813615298236182,0.026797273395131,0.479995502777385,0.795843124915185,0.278880915950554,0.662258559357508,0.660979331398756,0.742583269651517,0.320098656747733,-0.0385155645794962,0.436103235074388,0.0905820542655971,0.403646449872014,0.737426958586209,0.3184340314418,0.753190381291643,0.816215687401773,0.37293166332277,0.658920464108747,0.677831727475355,0.659164779852295,0.0635072255062409,0.590798480651542,0.922760388817804,0.665079921625412,0.426773887635201,0.759322933995651,0.350680424305061,0.70480064842504,0.919766049082878,-0.147684599347416,-0.0151058254910149,0.509327334921226,-0.0680942904303357,0.486323805256071,0.628002132126019,0.915885562125209,0.0598260198094356,0.202198680080791,0.606026380737136,0.458784221830519,0.639872056318561,-0.147190357505234,0.363377673492929,0.309024799450805,0.0208726300906959,0.913887878175507,0.304306624205155,0.719813494493574,0.73379629269152,0.534643501071356,0.0148692720089926,0.938074054297133,-0.0262401213788176,0.315586956268456,0.756205988220277,0.860986563877968,0.809102348256597,0.141569544945644,-0.0758114816302893,0.123092593452594
"X_Geranium_molle",0.239682353753817,0.493079032867175,0.0340969850128452,0.60094066721701,0.630350086651697,0.568215003914137,-0.0333753472255228,0.557524381971868,0.460539612177321,0.509139721155512,-0.0102065949976364,0.0307730836287618,0.873352566493659,0.24974916162061,0.860369847858733,0.423519344308172,0.608813490962239,0.773637197046739,0.879392757271472,0.85953969323738,1,0.580189295975508,0.805917526452285,0.381372207562577,0.706986960695833,0.862741840377155,0.890572951281465,-0.0656305832519908,0.732861320401745,0.057077372486307,0.33643226733337,0.784922302504545,0.292988254880218,0.673979273426953,0.600159110633542,0.678817670280468,0.354885320360287,-0.037592012713526,0.44617267441596,0.119942774364484,0.34969930487041,0.744685550316249,0.392835995916631,0.739675807256563,0.763099705297459,0.423405299172342,0.542463852029073,0.601038686984559,0.755128340216025,0.135173618664674,0.498006788125414,0.897773597649348,0.469134766539853,0.226325008111111,0.591317036081701,0.278852464278709,0.778995462123823,0.86222440341774,-0.0661856635599423,0.0032236785143846,0.531435729922886,-0.143018414665368,0.61874382919839,0.643131237388846,0.846767707180298,0.0411197275225655,0.136315351479912,0.437150523314291,0.374640714977721,0.714440144510185,-0.110238849863406,0.522152421048291,0.134562833885169,-0.0404230772503133,0.893694976677172,0.121410391802883,0.495957652872313,0.643519759541561,0.383296512429347,0.0312663826352732,0.919102417491106,-0.0496256806180606,0.1860922231339,0.787191591349101,0.822118897451783,0.794495443145959,-0.0438840519918025,-0.0580540841321989,-0.0558099259250276
"X_Heliophila_pusilla",0.0636028292761211,0.1416171051633,0.00318155804770421,0.187154487644918,0.350279833826619,0.243446272005101,0.0374201183970122,0.175379576244798,0.123070486235244,0.352999960732965,0.0239204278263077,0.00707337533624903,0.751376597753619,0.0467695128546141,0.755283776583124,0.1419777686918,0.323731897698856,0.397898138063442,0.749075355400266,0.673120951126471,0.580189295975508,1,0.529368575776883,0.189900866654915,0.332945331456943,0.72301121834182,0.579180524655832,0.0178936265804229,0.669601710368343,0.0144404344849663,0.255350948148614,0.404144971461608,0.132623991670359,0.298197297087128,0.281403087786017,0.430286647731895,0.108048540018009,0.00694067113079639,0.167992587095516,0.057072558923079,0.18032328126747,0.359357336767649,0.108450788469413,0.390542270903721,0.411164692242595,0.125941346651454,0.496481076972813,0.325756170718953,0.316025521139916,0.0172282038940104,0.401370050371252,0.667814240194652,0.450913472743588,0.309668430721145,0.566884905144035,0.175507812717299,0.341502906051664,0.768546598543141,-0.0138537672440657,0.000512449599838568,0.202662254520296,0.0625217003626962,0.195174629774029,0.344577847754492,0.702808990901694,0.0311215006818318,0.139545653472762,0.429654519863683,0.270897819115336,0.293666848739188,-0.0133407934047887,0.127556315857182,0.201898399335305,0.0416615081472302,0.619696301392946,0.197497801477681,0.530742890041352,0.473225044047869,0.29761988528146,0.0110102386316186,0.692843058040349,0.0210752696654974,0.15365301194192,0.439266951979609,0.667393048936444,0.521584447600202,0.133915788854246,0.00137119971359302,0.11429662385112
"X_Hordeum_leporinum",0.209298316356786,0.456534482884253,0.119590862681856,0.603891341134614,0.545987234871157,0.566701072341042,-0.00708781279475375,0.55054144200121,0.473802661644188,0.383690060533318,0.00261762732594105,0.0415718416489831,0.877459851483741,0.243583613697593,0.858141031116631,0.304503215617964,0.582034635364456,0.730307431011982,0.867948645393183,0.866381394187248,0.805917526452285,0.529368575776883,1,0.362875174989342,0.656474882438915,0.861448103470314,0.882416228211891,-0.0253962548964398,0.719644250482518,0.0635832352424553,0.245588945171294,0.756875978977878,0.242525917957033,0.653829891910436,0.512266587334619,0.61334944856604,0.328585957835716,-0.00378476056000001,0.42406321418235,0.104294945447078,0.271890807644218,0.697753451985836,0.430996546402299,0.696889493665746,0.67133254395673,0.350110177399588,0.531258382152063,0.539065620388766,0.751989258326811,0.149004842596519,0.456392024397456,0.889813647733125,0.40915646564109,0.222127949069701,0.549215468552858,0.204484446140522,0.781231092363974,0.863902786808583,0.023255946012544,0.0220140305118577,0.469646968529265,-0.0470520658151993,0.652220896633761,0.537922407925521,0.832037433022699,0.0306090509512378,0.106306293700818,0.387942242686864,0.329811259065002,0.730566770404378,-0.0109474895886912,0.51739878418233,0.0956276121441151,-0.0136639571074031,0.890640830995595,0.0796468865092115,0.482056400744832,0.605129650816141,0.297608150474802,0.060333166323598,0.917855423821906,0.000266362814007775,0.147828716818286,0.756521303064574,0.809884190751781,0.787037631137384,-0.00253117298629359,0.0114735548759831,0.00509590976447608
