"","X_Aira_sp_","X_Briza_maxima","X_Briza_minor","X_Carpobrotus_edulis","X_Disa_bracteata","X_Gladiolus_caryophyllaceus","X_Hypochaeris_glabra","X_Sonchus_oleraceus","X_Unknown_Bromus_grass","X_Ursinia_anthemoides","Acacia_pulchella","Adenanthos_obovatus","Allocasuarina_fraseriana","Astartea_scoparia","Banksia_attenuata","Banksia_ilicifolia","Boronia_sp_","Caladenia_flava","Caladenia_sp_","Calytrix_angulata","Chamaescilla_corymbosa","Dasypogon_bromeliifolius","Eriochilus_dilatatus","Euchilopsis_linearis","Gompholobium_tomentoseum","Hibbertia_stellaris","Hibbertia_subvaginata","Hypocalymma_angustifolium","Hypolaena_exsulca","Kunzea_ericifolia","Lagenophora_huegelii","Lepidosperma_longitudinale","Lepidosperma_squarrosa","Leucopogon_racemulosus","Levenhookia_pusilla","Lomandra_sp_","Macrozamia_riedlei","Melaleuca_preissiana","Orthrosanthus_laxus","Patersonia_occidentalis","Pericalymma_ellipticum","Phyllangium_paradoxum","Platytheca_galioides","Podolepis_gracilis","Podotheca_gnaphalioides","Poranthera_microphylla","Pterostylis_nana","Pterostylis_vittata","Pulteneaea_reticulata","Restionaceae","Restionaceae_sp_","Schoenus_sp1","Scholtzia_involucrata","Siloxerus_filifolius","Stylidium_brunonianum","Stylidium_piliferum","Stylidium_repens","Thelymitra_sp1","Thelymitra_sp2","Thysanotus_thyrsoideus","Trachymene_pilosa","Unknown_native_herb","Unknown_native_shrub","Xanthorrhoea_preissii"
"X_Aira_sp_",0,0.0664468602432142,0.0403277799504425,0.0565227554804191,0.0322483114891159,0.0583519577439244,0.123329001717194,0.0563424362678579,0.0900744993230168,0.155234398996323,0.129351348340032,0.257791059058165,0.0842218737984949,0.042999175935345,0.0626873523814134,0.0977969157819108,0.0156847790679823,0.0360969352335336,0.0607011930205959,0.0397654736886112,0.201517969662972,0.267923892720184,0.0749116453415279,0.154607717540052,0.0689640764313824,0.0493952942913924,0.126049439957283,0.079655533356082,0.123441994716275,0.0532281146963456,0.170732301340349,0.109949371733521,0.0975827694570146,0.0479218055095814,0.0445383276294344,0.0406871592155704,0.189410245699757,0.0570755786933599,0.0522840422778809,0.229365567463671,0.0782305040301936,0.0589293500781271,0.0574342798959328,0.0298788254596246,0.0326208928042083,0.0775679734535277,0.049681829366823,0.0547785098430676,0.0437291016003561,0.03773846782387,0.0335096538276502,0.0670166587972401,0.0374546372127955,0.0430691996454418,0.108474857524348,0.08629501729143,0.148009494593901,0.036244115970189,0.0312016914846476,0.0293069740029196,0.122734115153396,0.100599885913385,0.0240461894505042,0.21186805969778
"X_Briza_maxima",0.0664468602432142,0,0.0201752016923598,0.0240725945982021,0.0322969115728037,0.0924605527959132,0.109051293211691,0.0612614023273488,0.0880754285471978,0.120131863665028,0.063118688179061,0.105130118337892,0.0458819368848713,0.0355596052709964,0.0881974147094527,0.0466316706906618,0.0174873781128126,0.0233896333368064,0.0435766279522357,0.0169908661631995,0.114161684812616,0.100195413647807,0.0496646718678197,0.0546062893347984,0.0334694731745929,0.0505936965719626,0.0549601985944498,0.0410740465161228,0.0400580348918333,0.0423140146796665,0.120103975329414,0.0584188160714352,0.0500028610894078,0.0416337467002586,0.122962540079574,0.0159776099465779,0.0719836914677827,0.0407428085615184,0.0251163765386179,0.0867873241238586,0.0328430470781199,0.0912213630962064,0.0709604621608177,0.0225136219055368,0.0276682040742229,0.0959610733728032,0.0563968253755613,0.0359672206817664,0.0453844923729418,0.0269215816147105,0.0193490213302967,0.0401650789858929,0.0379637434319495,0.0967529688026095,0.0763138455044834,0.0712954000258236,0.063289926513368,0.0507686441586751,0.022020082860274,0.0289262874080129,0.103018614748611,0.0776878804851521,0.0185858394528887,0.0932862775880376
"X_Briza_minor",0.0403277799504425,0.0201752016923598,0,0.0121554937027936,0.0205032093591415,0.0333061534782217,0.0636772080175989,0.0215125347577919,0.0296328843773043,0.0691253473570022,0.0246159329285516,0.0470105422323561,0.0321599691923275,0.0211920985404197,0.0386047648595564,0.0324066125415169,0.0134212272924176,0.00740316894443434,0.0231433723413614,0.0229025419916326,0.0576483258126851,0.0379818581119886,0.0351662510472368,0.0321683696223619,0.0323362302230472,0.0234316974785167,0.0392084759465655,0.0162079327113064,0.0158822288896366,0.0184148150807313,0.0724558894666669,0.0389650411356689,0.0199627155994846,0.0326240163220442,0.0576019274340289,0.00953688099324408,0.036191772343121,0.02092906977672,0.0196805913821306,0.0487863506221436,0.024818043519045,0.0374977416164268,0.0278130852575892,0.0238087362552763,0.0117953366504947,0.0469494692636648,0.031545506808025,0.0119926616583595,0.0172302507646171,0.0144361542337461,0.0127280545943577,0.0295914387337422,0.0175941983788414,0.036826786491987,0.0328871287071168,0.0417718211287799,0.025668864263885,0.0232858419544768,0.0151099606495832,0.0244100799940138,0.0461193876677054,0.056426320034284,0.0166303798042765,0.0707099953828732
"X_Carpobrotus_edulis",0.0565227554804191,0.0240725945982021,0.0121554937027936,0,0.023347946104771,0.0320504006339905,0.0647702224981552,0.0312001610577699,0.0422934814510073,0.0703928647372172,0.0479924234416475,0.0916960085735129,0.0443834206000069,0.0207330774939082,0.0418638777930861,0.0765394469785878,0.0188185373025172,0.0135060041335309,0.0392362090480601,0.0213800973624209,0.0716191599278138,0.0827626706447837,0.0366074793252069,0.0445287640785662,0.0219286664986064,0.0480411329843115,0.0816720066965657,0.029602079235929,0.0486020098540508,0.0527408282267245,0.0757803376386819,0.0608752933308416,0.035997047421925,0.0366108152546027,0.0786480884804831,0.0135027134724761,0.0661692730229185,0.0229112929529484,0.0266991646772185,0.0834511031078559,0.0336778452167843,0.0580788325223005,0.0454476129890442,0.0220042726161499,0.0397539102707573,0.0424731248530271,0.0343516793031291,0.0244632545630988,0.0443872847170173,0.0133277148143988,0.00927451967435014,0.0322991388940902,0.0180096335463885,0.0789255832006038,0.0546884246887161,0.0444075216721491,0.0637784392878617,0.0493341049445917,0.0110837468788519,0.0186698918761274,0.0563881085175565,0.0294849017587536,0.0182672409842722,0.0920353912731418
"X_Disa_bracteata",0.0322483114891159,0.0322969115728037,0.0205032093591415,0.023347946104771,0,0.0567591305712001,0.0691907011152131,0.0312565448143435,0.0602758796396481,0.0800839784436354,0.0486185383463827,0.091155000553188,0.0344250387818722,0.026111007709702,0.0671167390091231,0.0729935061867349,0.0260880102435254,0.0184213336841501,0.0299600695221165,0.0257975584983495,0.0716909331784111,0.0649910219736583,0.0433759796615026,0.0463143467227289,0.0370765071748293,0.0643585128796631,0.0768770522926104,0.0189912238012701,0.048716046719567,0.0575218891037989,0.0851863213315419,0.0435215619486098,0.0425990898014763,0.0308209564400159,0.0835824712205934,0.0138586963394192,0.0583775706120535,0.0344349746478086,0.031438105108034,0.0590732665869872,0.0346091346686297,0.0752661438417464,0.0475168351016697,0.0169346985006149,0.0294160515319034,0.0786303157436868,0.0587097594657278,0.0223647627406323,0.0445179952412747,0.015915965607973,0.0170574926681408,0.0286488176602238,0.0324685267158313,0.0869635291958256,0.0425954758995354,0.0848104632202401,0.0520260615018049,0.0388513835137786,0.012505686402754,0.0218927221511446,0.0559136291363357,0.0690465428677536,0.02496502570593,0.0837760133027362
"X_Gladiolus_caryophyllaceus",0.0583519577439244,0.0924605527959132,0.0333061534782217,0.0320504006339905,0.0567591305712001,0,0.17896417626092,0.122782168472877,0.137664213823392,0.19956936257856,0.0424640296547278,0.116410649637233,0.039557669552185,0.0608547406158253,0.17433023367891,0.111650278266221,0.0433855856457741,0.0296295046268574,0.0516788568640028,0.0212843261215044,0.162127119216577,0.119014799031345,0.0776252412387866,0.052206497236991,0.0414487832741868,0.186375581129619,0.10581819468382,0.0853662214129495,0.0781335993290309,0.124559448146743,0.186298839637365,0.073432327926944,0.0449303540989564,0.0855420305137367,0.258629245407953,0.0271215648240684,0.0885784588703659,0.0607885815018203,0.0546065460044879,0.0949166484725192,0.0559020699638928,0.225340028900666,0.122011000463375,0.0473436857128813,0.0539519721948798,0.209806428091797,0.123748014578434,0.0569851828467147,0.0947738535329432,0.0441625562428038,0.0324058983442423,0.0904838078650688,0.0832029194521624,0.228690794849909,0.135008442287988,0.165178283321209,0.0438332706256975,0.125715210524126,0.0399958839260924,0.0536836008801442,0.20476824749946,0.172618264852709,0.0537386296145634,0.121989050298969
"X_Hypochaeris_glabra",0.123329001717194,0.109051293211691,0.0636772080175989,0.0647702224981552,0.0691907011152131,0.17896417626092,0,0.132144588907794,0.213810411068187,0.261443383188041,0.150425492572612,0.279247432645984,0.088259662870913,0.0771954051352942,0.211400965081509,0.118197839354892,0.068247328065583,0.0772962424353767,0.105009745008922,0.0596077952885252,0.256229858526103,0.264961513098717,0.117226136629573,0.163719995684394,0.112450496286294,0.133574505549019,0.142182498191949,0.0962985515290381,0.156171843592987,0.111537174555815,0.284778601706104,0.105495623595472,0.126851317288033,0.116470266298715,0.216928996409836,0.0601965555085222,0.129998734496755,0.101134293713435,0.0812639294484684,0.188020433513093,0.118166151335537,0.205860018622191,0.120110790874226,0.0573948172300821,0.0749186979745394,0.208488386329328,0.159652168349338,0.0820786958571205,0.0891881603805766,0.0558527111004985,0.069590446704972,0.0914339646592063,0.081370694753108,0.167458488759371,0.148750740684423,0.201654916602957,0.166425356804191,0.129693967247391,0.0425028491738173,0.0486783579640053,0.198041849344745,0.228050918274031,0.0704172931909802,0.170320015045451
"X_Sonchus_oleraceus",0.0563424362678579,0.0612614023273488,0.0215125347577919,0.0312001610577699,0.0312565448143435,0.122782168472877,0.132144588907794,0,0.114992525579049,0.153880185059726,0.0390439559648818,0.119500197636772,0.0311639541123485,0.0373473742554231,0.11417048924293,0.0836775709497114,0.035429223034502,0.0341116793670183,0.049317843924889,0.0303317942026563,0.134689161828825,0.123685809432594,0.0573365536603804,0.0618692258933415,0.0379714439685852,0.10786069082978,0.090473341139943,0.0600722500457051,0.0870110384237504,0.0769340320585353,0.151323949551386,0.075634368957777,0.0407732947375812,0.0646521692938125,0.157758993228645,0.0310125268376701,0.0746265366080386,0.0453475890573934,0.0342473464530727,0.10083243002043,0.057868530147486,0.126249911044099,0.0695838674510556,0.0278236581177436,0.0335016303726814,0.120839280379839,0.0800272965158298,0.0411665010104803,0.0766562919267115,0.0320009480394281,0.0294416129545253,0.073845121663416,0.0430681801082312,0.141069752886877,0.0900401451671669,0.0983005509110862,0.0506224881598006,0.0881286118114796,0.0238025887954614,0.0376315762693863,0.109441095756548,0.103271226450992,0.0323807028592937,0.116678066760735
"X_Unknown_Bromus_grass",0.0900744993230168,0.0880754285471978,0.0296328843773043,0.0422934814510073,0.060275879639648,0.137664213823392,0.213810411068187,0.114992525579049,0,0.226100207408937,0.0780987028099364,0.228490108103019,0.0735370806012874,0.0638560162434983,0.130545343051879,0.134106662885554,0.0485104051535694,0.0561411930483151,0.0938551657636524,0.0233840754467904,0.229404349395408,0.208152971143372,0.0928032920940114,0.0894269456608541,0.056182382772479,0.13256596489429,0.146973202175167,0.0933828376517714,0.134218756941155,0.113271294917583,0.230768219128801,0.126294561571709,0.0689150213786361,0.0829895804558365,0.202257585541201,0.0363193085446038,0.150668749255469,0.0777221082639794,0.0467380338126329,0.175832109502723,0.087782636813087,0.180587347950322,0.0988398325706465,0.0440979311786664,0.0543379148953805,0.156559436857746,0.113292003196934,0.0495004781064061,0.079758468287123,0.0517743812927605,0.0357691099313325,0.0890587363123648,0.0619885418353421,0.149901920418276,0.107274165325608,0.142220390082458,0.0785756027792422,0.103900149327654,0.0250458084124161,0.0504374527899636,0.175713941512446,0.186453929926905,0.0493330372105154,0.214462410591649
"X_Ursinia_anthemoides",0.155234398996323,0.120131863665028,0.0691253473570022,0.0703928647372172,0.0800839784436354,0.19956936257856,0.261443383188041,0.153880185059726,0.226100207408937,0,0.148925951425493,0.266806066589828,0.105779554439761,0.0941876356745933,0.208956562949694,0.0936268410050256,0.0555826173124478,0.076604410418831,0.11128093822119,0.0547806368530135,0.278834853233264,0.275861131709777,0.120376228752842,0.156597263029982,0.104551754918373,0.138782708371207,0.117346070342765,0.131155141008903,0.150338531989587,0.0932673190867481,0.287323287628806,0.131185778691653,0.121245786323783,0.121411175382879,0.231281286879089,0.0587424847636075,0.13494283618807,0.0974320222443589,0.0728071665400154,0.215218464144318,0.113399090161321,0.207026058424973,0.115652836767401,0.0668932599610658,0.0817325232562783,0.226947961443464,0.155774881736298,0.0982945531172161,0.0833033067275805,0.0651657103870894,0.0649359323338258,0.110321405518833,0.089964489761063,0.168986159230443,0.176724675240189,0.201047883446182,0.163067297469954,0.141988077084789,0.0531385904909163,0.0612558346340406,0.252919182642797,0.232782662308642,0.0729693954039174,0.184884399277202
"Acacia_pulchella",0.129351348340032,0.063118688179061,0.0246159329285516,0.0479924234416475,0.0486185383463827,0.0424640296547278,0.150425492572612,0.0390439559648818,0.0780987028099364,0.148925951425493,0,0.200258078273843,0.0376727702350139,0.0579944516967848,0.0751704938892058,0.0874476837806867,0.0170720659894819,0.0215580051274245,0.0818617246062398,0.0241669343452548,0.185401355425356,0.197545467761208,0.0800719457726358,0.113523014635086,0.0678057497028037,0.033685322672742,0.112630908978154,0.049116671243331,0.111667900564809,0.0502260079218868,0.171264794395881,0.0994861450362493,0.102028577490385,0.0371410255891132,0.0990458168969212,0.0246736124739553,0.179115889345531,0.0639326552649127,0.0420147516313685,0.172820737352259,0.0764091835036592,0.0357379298805742,0.0595728591302354,0.0249818890061841,0.0333196986026651,0.0926536457410571,0.064709584288071,0.0561924644284553,0.0476660415004278,0.0283922310608118,0.0205196544719932,0.0623155051335295,0.049800617819679,0.0575802101664242,0.0670320572437926,0.105256242516832,0.137306667626395,0.0443171099942898,0.0271656842430051,0.0347724463963671,0.123724138955232,0.0763667064877473,0.0299418080403452,0.191571723867834
"Adenanthos_obovatus",0.257791059058165,0.105130118337892,0.0470105422323561,0.0916960085735129,0.091155000553188,0.116410649637233,0.279247432645984,0.119500197636772,0.228490108103019,0.266806066589828,0.200258078273843,0,0.174526311432361,0.0885763814684809,0.0875503185302797,0.236050799385975,0.0311579112843212,0.072692558166886,0.136721163547952,0.060336533384475,0.355695716859481,0.405279703037348,0.117330864106584,0.205406766258196,0.122891545316384,0.111498496609013,0.276484129654496,0.143223388691957,0.249400169664691,0.140528680218723,0.290701405865325,0.235294503736581,0.143995180072835,0.0866736593240169,0.0917577262141699,0.063906683894181,0.311856266317539,0.11212851380598,0.104430353864481,0.382454503832437,0.142431323777628,0.14299496128692,0.162365730764465,0.060999190376545,0.0747382649815055,0.105565699564807,0.0988677821129331,0.0981995209797918,0.0922969072131852,0.0869451527173927,0.0845354004551526,0.150953951498779,0.0579748232768535,0.121458072753499,0.13963182015079,0.133778269746679,0.188849571137185,0.0804374294152008,0.0528015984955882,0.0730007046906422,0.186540247663929,0.278429489457945,0.0574151787940107,0.414739002826227
"Allocasuarina_fraseriana",0.0842218737984949,0.0458819368848713,0.0321599691923275,0.0443834206000069,0.0344250387818722,0.039557669552185,0.088259662870913,0.0311639541123485,0.0735370806012874,0.105779554439761,0.0376727702350139,0.174526311432361,0,0.0255391230595357,0.056347230965834,0.112742595549476,0.0183179456118902,0.0271590116746265,0.0495290869535278,0.0386375681611167,0.126101655222883,0.151335998772073,0.0417819213670825,0.0763298475039334,0.0873417314215472,0.0629081236001326,0.147549852330735,0.0457867998073066,0.0858058350963717,0.0665989213931092,0.121629763159794,0.0923760177468361,0.030704220546753,0.0714097982528775,0.0861610883694267,0.0345522544379351,0.100637792481328,0.0589761718724175,0.0499529755532245,0.128148474095053,0.0649388556846702,0.056410853919935,0.053871799011385,0.033601917991633,0.0585169592895765,0.0536822836657062,0.0218742987494276,0.0380299853277645,0.0782470695269068,0.0369960575615559,0.0258206262139319,0.0492487720512907,0.0217364480692079,0.0894114001877534,0.0799853931510885,0.0455535225409303,0.0848075147458526,0.0528530886519961,0.0289482736517072,0.031114313144545,0.0905781467646845,0.10878582913542,0.0334371855110972,0.16024728286936
"Astartea_scoparia",0.042999175935345,0.0355596052709964,0.0211920985404197,0.0207330774939082,0.026111007709702,0.0608547406158253,0.0771954051352942,0.0373473742554231,0.0638560162434983,0.0941876356745933,0.0579944516967848,0.0885763814684809,0.0255391230595357,0,0.0741612655806434,0.0449297402683327,0.026237832940779,0.0231745781881441,0.0323199653418614,0.0182002477911302,0.0843597212596651,0.0820487186160717,0.0441454195336056,0.056606636650986,0.0381459656687425,0.0485088922561886,0.0514483197781037,0.0248704188131106,0.0511478654603068,0.0454983134269694,0.0932047451566541,0.0398734381814291,0.0431145352205303,0.0342016882256251,0.0821256300087425,0.0170544416493414,0.0531918376219295,0.0353033407680941,0.0275080821471733,0.0582824910051482,0.0351957617711675,0.0710519430468259,0.0408215460327506,0.0213065823305652,0.0208590364248549,0.0758782062261099,0.057260411133604,0.0268286615391753,0.035199358338159,0.01950660748491,0.0226137253552832,0.0310248143335979,0.0294935024248407,0.0662317539104389,0.0500690503745907,0.0760414751727832,0.0599296819822247,0.0371187946624536,0.0107585922536845,0.0222474455625978,0.0607707580514864,0.0710935727843874,0.0203530947079921,0.0691984377158561
"Banksia_attenuata",0.0626873523814134,0.0881974147094527,0.0386047648595564,0.0418638777930861,0.0671167390091231,0.17433023367891,0.211400965081509,0.11417048924293,0.130545343051879,0.208956562949694,0.0751704938892058,0.0875503185302797,0.056347230965834,0.0741612655806434,0,0.0906048246090478,0.0504266282798188,0.0228558650193629,0.0853752468087776,0.0244579771261336,0.178696881839805,0.092417195958566,0.0953807323817398,0.0378598735266587,0.0448551789334703,0.155751551569663,0.092182855534921,0.0914594733237113,0.0557448323573718,0.113543264884764,0.194037221160588,0.0658367478882481,0.0576798596795133,0.0892972544248785,0.272323812480526,0.0131070381011624,0.0706104020218987,0.0582118949940169,0.0443116155358099,0.0805313631160994,0.0465582742595828,0.223582055600294,0.131842666724792,0.0592831479112789,0.064837413469451,0.210253516646455,0.139126499359709,0.0650349541269202,0.100222546491683,0.047562147907319,0.0303313682381614,0.0713981051664143,0.0820443415066283,0.203015859885293,0.143907803158575,0.186823036383126,0.0538490779454579,0.120739288889811,0.0440944782231169,0.0582802752691305,0.229964847490603,0.181209332251612,0.0591023263372318,0.10153291017018
"Banksia_ilicifolia",0.0977969157819108,0.0466316706906618,0.0324066125415169,0.0765394469785878,0.0729935061867349,0.111650278266221,0.118197839354892,0.0836775709497114,0.134106662885554,0.0936268410050256,0.0874476837806867,0.236050799385975,0.112742595549476,0.0449297402683327,0.0906048246090478,0,0.0441995786993785,0.0418801464473799,0.0881140885891288,0.0488777143665298,0.165099226164985,0.230698460456419,0.039780781685747,0.116519027996383,0.0500173776502673,0.125603914978045,0.170775087350021,0.080837718827853,0.144930218856128,0.133662868933476,0.103786260746884,0.105029794635001,0.070895677861065,0.0582514315543756,0.103538896290809,0.0491188576643187,0.152485338882599,0.0576086644858326,0.0780883803165815,0.205420336287641,0.0782414049434228,0.145386546728377,0.141748874003614,0.0654907961110036,0.0830812212784935,0.0925852723714065,0.0865692821758561,0.0766148518129679,0.0978433165596777,0.0663144267417909,0.0506785057313755,0.0847057730072064,0.0366487385852163,0.180171750481394,0.0883711478368219,0.100723043146093,0.130565299957139,0.0848789759533238,0.0357345421731426,0.0491357506830488,0.0984423841278978,0.177824335221248,0.0406730924834969,0.193137166560849
"Boronia_sp_",0.0156847790679823,0.0174873781128126,0.0134212272924176,0.0188185373025172,0.0260880102435254,0.0433855856457741,0.068247328065583,0.035429223034502,0.0485104051535694,0.0555826173124478,0.0170720659894819,0.0311579112843212,0.0183179456118902,0.026237832940779,0.0504266282798188,0.0441995786993786,0,0.00972111106465196,0.0301003739883692,0.016930151292568,0.0501772632785645,0.0244410722771356,0.0305909558337934,0.0146322925743736,0.0184930062004144,0.0495225666605568,0.0501063516580827,0.0251222817799954,0.036765133271611,0.0490904140304477,0.0602911275422424,0.0339943678039707,0.014431468250797,0.0345580906217548,0.0968927797855859,0.0100268431252738,0.0382188103199429,0.0144809261078937,0.0242356347090828,0.0385073279967996,0.0185069854612023,0.0868291145901921,0.0621030411221298,0.0270732079730105,0.0192584705269443,0.0629549583229719,0.057791385724218,0.0166841821311744,0.0444430784033707,0.021130971125933,0.00957555116970097,0.018113452952362,0.0178431643291535,0.086726456725117,0.0440215201963985,0.0594198982708601,0.00846970027782812,0.0375593174159696,0.0110754977166254,0.0179547478721673,0.0620866008544829,0.0691848015828716,0.0193077986455999,0.035247871558021
"Caladenia_flava",0.0360969352335336,0.0233896333368064,0.00740316894443434,0.0135060041335309,0.0184213336841501,0.0296295046268574,0.0772962424353767,0.0341116793670183,0.0561411930483151,0.076604410418831,0.0215580051274245,0.072692558166886,0.0271590116746265,0.0231745781881441,0.0228558650193629,0.0418801464473799,0.00972111106465196,0,0.0321175510156807,0.00884788919001761,0.080068540416952,0.0683429669394548,0.0285969613125155,0.0286327332838523,0.0204862936513228,0.0183995752091318,0.0515147602196822,0.0234566211419691,0.0432045687318389,0.0216645185148314,0.0761262249176514,0.0435877957214145,0.0151650748863605,0.0304022715600726,0.0562316127808136,0.0120587357088275,0.0429395529676391,0.022177897814551,0.0219313541367118,0.0647442096875278,0.0263674183968115,0.0234975419195276,0.022008421553023,0.0118584934270226,0.00969862977596491,0.0295048146744607,0.0279245374739122,0.0212469785370999,0.0187096296617695,0.018732587018147,0.0183892862103816,0.0301762723660574,0.00818056837494338,0.0327736264307657,0.035992035492993,0.0294776576436403,0.0220453356736795,0.0212990906657897,0.00851656129393419,0.0207288225967366,0.049765265000908,0.0413275201296938,0.0086651102264442,0.0794765383811243
"Caladenia_sp_",0.0607011930205959,0.0435766279522357,0.0231433723413614,0.0392362090480601,0.0299600695221165,0.0516788568640028,0.105009745008922,0.049317843924889,0.0938551657636524,0.11128093822119,0.0818617246062398,0.136721163547952,0.0495290869535278,0.0323199653418614,0.0853752468087776,0.0881140885891288,0.0301003739883692,0.0321175510156807,0,0.0387085718378807,0.105079360671008,0.111898812777166,0.0564194194152725,0.0757254015365945,0.041188255114534,0.0610779583709561,0.106040297881381,0.0349303808205947,0.0718682606730672,0.0575209683572016,0.124196499834208,0.0642895049579071,0.0621492710139348,0.0710376063162005,0.115343646438692,0.0290093348233743,0.0949128259044828,0.0472544280715471,0.0251049824651918,0.0919683001625371,0.0580547477446279,0.0950928987524712,0.0574742802608058,0.0286536027106077,0.0467310327846522,0.0576619842614823,0.0580951578102438,0.0324446643276123,0.0656296941177598,0.0230426168739078,0.0211032062466989,0.0396777193197827,0.0285703517449449,0.083090053966342,0.0717011168611242,0.0881001569993285,0.0944386905937665,0.0674563980901726,0.0251815013026544,0.0234965365552631,0.0798095177167326,0.0684368751005685,0.0370529689985114,0.105914157047547
"Calytrix_angulata",0.0397654736886112,0.0169908661631995,0.0229025419916326,0.0213800973624209,0.0257975584983495,0.0212843261215044,0.0596077952885252,0.0303317942026563,0.0233840754467904,0.0547806368530135,0.0241669343452548,0.060336533384475,0.0386375681611167,0.0182002477911302,0.0244579771261336,0.0488777143665298,0.016930151292568,0.00884788919001761,0.0387085718378807,0,0.0755807787780325,0.0664763388110745,0.0268140062228007,0.0292255345521874,0.0231889413942718,0.0222468061817062,0.0561829501614268,0.0395350769486092,0.0433284831274313,0.0281990430709507,0.049578309987166,0.0429352682126074,0.017275205060642,0.0241128323263342,0.0585041285644809,0.018109394325898,0.0469512476456492,0.0200271506387047,0.0176054535795228,0.068087289825068,0.0323314661729165,0.0367201164326233,0.0379897908701159,0.0217298059227179,0.0183427787717537,0.0326606016683472,0.0271862312744458,0.0248750606521985,0.0445804324666877,0.0135361218369389,0.0115974920214843,0.0270722735261982,0.00903188342731134,0.0471509326000904,0.046828814781737,0.0490799360736419,0.0261714082361506,0.0266995215668669,0.0223275935914998,0.0181549893850599,0.0693355993031215,0.0544060397307547,0.0182537048750236,0.0670453999559827
"Chamaescilla_corymbosa",0.201517969662972,0.114161684812616,0.0576483258126851,0.0716191599278138,0.0716909331784111,0.162127119216577,0.256229858526103,0.134689161828825,0.229404349395408,0.278834853233264,0.185401355425356,0.355695716859481,0.126101655222883,0.0843597212596651,0.178696881839805,0.165099226164985,0.0501772632785645,0.080068540416952,0.105079360671008,0.0755807787780325,0,0.346362888564743,0.124160126634023,0.205210589878477,0.14785525302255,0.0851906677000576,0.212830323709106,0.12540041842898,0.195989100611881,0.0812340667728059,0.314166568685672,0.160377359760902,0.148075557607602,0.129155005870911,0.177340630802808,0.0664313708481635,0.204481743281652,0.111701833648206,0.103847602331291,0.291464677693129,0.137933102690646,0.16960439343641,0.117635331061513,0.0607881674544294,0.0817878847946321,0.183645325561993,0.133271808729454,0.0911285039822504,0.0870940977962979,0.0639285608930332,0.0842005294410408,0.120436327428568,0.0781316333013162,0.0887705720229102,0.152591956142544,0.183410735647943,0.193665555308781,0.119548950842091,0.0463222122256387,0.0619155386236781,0.19587401173911,0.275392950938081,0.0762395099541292,0.285726473276118
"Dasypogon_bromeliifolius",0.267923892720184,0.100195413647807,0.0379818581119886,0.0827626706447837,0.0649910219736583,0.119014799031345,0.264961513098717,0.123685809432594,0.208152971143372,0.275861131709777,0.197545467761208,0.405279703037348,0.151335998772073,0.0820487186160717,0.092417195958566,0.230698460456419,0.0244410722771356,0.0683429669394548,0.111898812777166,0.0664763388110745,0.346362888564743,0,0.109049953485382,0.21480369286941,0.0794668213748961,0.110875668961196,0.281176431361095,0.144358154880646,0.245823645336939,0.129856920335189,0.305478173434738,0.231443031955203,0.137665251982916,0.0563043844790141,0.0672123038516505,0.0581943253269992,0.312536929281534,0.10109358935588,0.0936304900580345,0.383307278420691,0.142710888467763,0.132653821382968,0.131358697517246,0.0449280576149981,0.0503604113089274,0.122191349721857,0.0979962649791773,0.0941987737606773,0.0901318821620359,0.0785543661068616,0.076948649566194,0.152585699307817,0.0543027904886606,0.111451331862755,0.142505356760556,0.118073082710995,0.193754513917476,0.0641641640784878,0.0445543813706253,0.0710790328779485,0.181610195390585,0.189881820299928,0.0408814151788703,0.417575885890685
"Eriochilus_dilatatus",0.0749116453415279,0.0496646718678197,0.0351662510472368,0.0366074793252069,0.0433759796615026,0.0776252412387866,0.117226136629573,0.0573365536603804,0.0928032920940114,0.120376228752842,0.0800719457726358,0.117330864106584,0.0417819213670825,0.0441454195336056,0.0953807323817398,0.039780781685747,0.0305909558337934,0.0285969613125155,0.0564194194152725,0.0268140062228007,0.124160126634023,0.109049953485382,0,0.0693083072989066,0.0440376495185544,0.0788857710234327,0.0555193545317845,0.0446046838713805,0.0535383687256179,0.0583215358656701,0.137463696997399,0.0518531671618787,0.0635825477862291,0.0421101499627728,0.119926572559401,0.0215973014341449,0.073042347628729,0.0464736444932063,0.0321853593981259,0.0940788942589601,0.0401572222690416,0.103447708479141,0.0647036229787087,0.0334907211426887,0.0375826880482497,0.116284525313556,0.0821735476149515,0.0337441927516863,0.046865866390093,0.0228008681265616,0.0163959330629673,0.0262501700095663,0.0458308350586975,0.0860788024943078,0.0760574213659916,0.111823876828831,0.0787572773285811,0.0707845170368026,0.0214375274327783,0.0270871564354502,0.121198388277328,0.0990131083454428,0.0370529883598671,0.0779435749604445
"Euchilopsis_linearis",0.154607717540052,0.0546062893347984,0.0321683696223619,0.0445287640785662,0.0463143467227289,0.052206497236991,0.163719995684394,0.0618692258933415,0.0894269456608541,0.156597263029982,0.113523014635086,0.205406766258196,0.0763298475039334,0.056606636650986,0.0378598735266587,0.116519027996383,0.0146322925743736,0.0286327332838523,0.0757254015365945,0.0292255345521874,0.205210589878477,0.21480369286941,0.0693083072989066,0,0.0709426861689231,0.061533650142517,0.138096228989061,0.0775190104633789,0.128124347558856,0.0611809693116095,0.181355017881256,0.134790718362553,0.0807350110693565,0.0512232716186296,0.0771705078380866,0.0271941730067539,0.189164906281457,0.0558117645259915,0.0445339701450592,0.203886070031108,0.0801835431894026,0.0753846604453094,0.0664000606445934,0.034575613855177,0.0269520993339866,0.0724080600009737,0.0599084058493885,0.0561293997895079,0.0457409501588714,0.0414531153023345,0.0384491357013062,0.0824730755457471,0.0335283379551819,0.0602186911793439,0.072470316879173,0.075121012697409,0.106998671886791,0.0393740441475148,0.0373412117120606,0.0417339645116985,0.135087479069034,0.113373233530738,0.0254046157605296,0.235849215201839
"Gompholobium_tomentoseum",0.0689640764313824,0.0334694731745929,0.0323362302230472,0.0219286664986064,0.0370765071748293,0.0414487832741868,0.112450496286294,0.0379714439685852,0.056182382772479,0.104551754918373,0.0678057497028037,0.122891545316384,0.0873417314215472,0.0381459656687425,0.0448551789334703,0.0500173776502673,0.0184930062004144,0.0204862936513228,0.0411882551145341,0.0231889413942718,0.14785525302255,0.0794668213748961,0.0440376495185544,0.0709426861689231,0,0.0664810415276392,0.103196017299766,0.0545388942205276,0.0946333369963051,0.0370258442183068,0.156068818957291,0.124294818242935,0.0498991792743029,0.105633507065211,0.0858534010458502,0.0461782149148729,0.0831058391725894,0.075291758730193,0.0691208753492033,0.0649429547617486,0.0317010071491882,0.0571445136681609,0.0476571852765808,0.0299596087525019,0.0591183237457553,0.0525710969738911,0.0411302343487041,0.0381914205199804,0.0629816097165034,0.0139872761816397,0.0378098621993247,0.0539074515714953,0.0363323205026739,0.0326218052394265,0.0490856154169006,0.0560925841870996,0.092372214906294,0.0475460257364581,0.0399156827524948,0.0209380191456247,0.132880339237006,0.178770252497878,0.0383704387515376,0.141614914553929
"Hibbertia_stellaris",0.0493952942913924,0.0505936965719626,0.0234316974785167,0.0480411329843115,0.0643585128796631,0.186375581129619,0.133574505549019,0.10786069082978,0.13256596489429,0.138782708371207,0.033685322672742,0.111498496609013,0.0629081236001326,0.0485088922561886,0.155751551569663,0.125603914978045,0.0495225666605568,0.0183995752091318,0.0610779583709561,0.0222468061817062,0.0851906677000576,0.110875668961196,0.0788857710234327,0.061533650142517,0.0664810415276392,0,0.122083135776839,0.0597891519775736,0.0874280115862743,0.140318459900652,0.143099675570697,0.073203445716059,0.0175752578387666,0.0811449170056377,0.22869121668261,0.033764302403578,0.121688150722997,0.0548303726653868,0.0452451572224019,0.10498069730131,0.0532087785578003,0.230916205404854,0.100341611811046,0.0497246019757048,0.0625391202734408,0.192629491793714,0.126575640089149,0.0351905297725661,0.0964222654514014,0.0572302416102828,0.0265058563234095,0.0731232564576486,0.0766221350149083,0.228649809561744,0.0947014962662868,0.158320297366529,0.0650198950934245,0.130478939949934,0.0163461423209657,0.0524123179762127,0.157521135080295,0.169810948779854,0.0541008297390133,0.107469449680917
"Hibbertia_subvaginata",0.126049439957283,0.0549601985944498,0.0392084759465655,0.0816720066965657,0.0768770522926104,0.10581819468382,0.142182498191949,0.090473341139943,0.146973202175167,0.117346070342765,0.112630908978154,0.276484129654496,0.147549852330735,0.0514483197781037,0.092182855534921,0.170775087350021,0.0501063516580827,0.0515147602196822,0.106040297881381,0.0561829501614268,0.212830323709106,0.281176431361095,0.0555193545317845,0.138096228989061,0.103196017299766,0.122083135776839,0,0.0963340834289451,0.185471379943,0.13243025722867,0.125024994027361,0.14514338999371,0.0778339898293679,0.0622032579486763,0.0865826188365827,0.0697625037038236,0.181597236794512,0.0764476126731548,0.0964638772085657,0.266168593748158,0.102319344618777,0.136265096447297,0.16197665129247,0.0710439247258567,0.0823879705483325,0.0777961128186011,0.0836033741048911,0.0886103127601797,0.116955792176367,0.0699745140720632,0.0637718936139241,0.0959516776425451,0.0316369156701271,0.179078569689777,0.104327907780928,0.0916676116248724,0.13925766396441,0.0802982758512319,0.0434299035682573,0.048620395531392,0.113804881878904,0.209853065901436,0.042810320242808,0.23563360956638
"Hypocalymma_angustifolium",0.079655533356082,0.0410740465161228,0.0162079327113064,0.029602079235929,0.0189912238012701,0.0853662214129495,0.0962985515290381,0.0600722500457051,0.0933828376517714,0.131155141008903,0.049116671243331,0.143223388691957,0.0457867998073066,0.0248704188131106,0.0914594733237113,0.080837718827853,0.0251222817799954,0.0234566211419691,0.0349303808205947,0.0395350769486092,0.12540041842898,0.144358154880646,0.0446046838713805,0.0775190104633789,0.0545388942205276,0.0597891519775736,0.0963340834289451,0,0.0844295024801135,0.0318827990349385,0.144808000012916,0.0821321542871972,0.0417064772385331,0.0551781548426412,0.0940384141838517,0.027809978552786,0.0668403659462774,0.0503512347335143,0.0403327303959077,0.12245165380178,0.059987145602851,0.0793486257755911,0.0474733008259365,0.0290195499657749,0.0345541875820957,0.0875339636444724,0.0466443955302804,0.0208307756509639,0.0315322253265439,0.02151655513283,0.0297287115078484,0.0643064180183283,0.0357307289089781,0.0670323191288024,0.0570125734526219,0.0668875201547493,0.0682934727350253,0.0593144328484141,0.0215619204803187,0.0294884734827299,0.080615467291382,0.100738501157318,0.0337075419707496,0.124097780488152
"Hypolaena_exsulca",0.123441994716275,0.0400580348918333,0.0158822288896366,0.0486020098540508,0.048716046719567,0.0781335993290309,0.156171843592987,0.0870110384237504,0.134218756941155,0.150338531989587,0.111667900564809,0.249400169664691,0.0858058350963717,0.0511478654603068,0.0557448323573718,0.144930218856128,0.036765133271611,0.0432045687318389,0.0718682606730672,0.0433284831274313,0.195989100611881,0.245823645336939,0.0535383687256179,0.128124347558856,0.0946333369963051,0.0874280115862743,0.185471379943,0.0844295024801135,0,0.110309087654228,0.173226930519574,0.14035331160413,0.0756482463077751,0.0800606662061231,0.104385344112372,0.0490865790587833,0.164641921977668,0.0717396392827948,0.0863019839624833,0.228732594947661,0.0920193396446109,0.107295443869911,0.114089573199952,0.0488368677258915,0.0569797809644302,0.0754368651794772,0.0761153224775506,0.0514582205311108,0.0713011320324156,0.049424202204087,0.0562215322445732,0.0901870163376964,0.0362058257985445,0.121830259324438,0.0320815626842613,0.0813725505747685,0.121287353604217,0.0671989161179858,0.031542516743122,0.043829413553899,0.107701418928697,0.1891685367261,0.0488509155143441,0.232206382080674
"Kunzea_ericifolia",0.0532281146963456,0.0423140146796665,0.0184148150807313,0.0527408282267245,0.0575218891037989,0.124559448146743,0.111537174555815,0.0769340320585353,0.113271294917583,0.0932673190867481,0.0502260079218868,0.140528680218723,0.0665989213931092,0.0454983134269694,0.113543264884764,0.133662868933476,0.0490904140304477,0.0216645185148314,0.0575209683572016,0.0281990430709507,0.0812340667728059,0.129856920335189,0.0583215358656701,0.0611809693116095,0.0370258442183068,0.140318459900652,0.13243025722867,0.0318827990349385,0.110309087654228,0,0.10655154323531,0.0944199163632125,0.0348912131544348,0.0637683435271542,0.170242257587376,0.0297322821587207,0.116090826611327,0.0374464654432376,0.0651079050132383,0.136983738665771,0.0599397021235002,0.165869841703031,0.122980763694233,0.0473368919931386,0.0627906272782507,0.126176308292802,0.107533591615242,0.0337932454257939,0.0986157912984457,0.0545983303746999,0.0313806540589436,0.072065112924171,0.0429073912355631,0.194442642081386,0.0722104851688617,0.111165356727164,0.0718814641567583,0.0944746492889322,0.0290134511347582,0.0443217419694799,0.0819695733679359,0.142113666344988,0.0363929960227534,0.133280223842497
"Lagenophora_huegelii",0.170732301340349,0.120103975329414,0.0724558894666669,0.0757803376386819,0.0851863213315419,0.186298839637365,0.284778601706104,0.151323949551386,0.230768219128801,0.287323287628806,0.171264794395881,0.290701405865325,0.121629763159794,0.0932047451566541,0.194037221160588,0.103786260746884,0.0602911275422424,0.0761262249176514,0.124196499834208,0.049578309987166,0.314166568685672,0.305478173434738,0.137463696997399,0.181355017881256,0.156068818957291,0.143099675570697,0.125024994027361,0.144808000012916,0.173226930519574,0.10655154323531,0,0.149644908308033,0.138426565749997,0.13601794043403,0.244946500960834,0.0666039472039,0.166604313705854,0.104349210144044,0.0884158413324155,0.249721629604436,0.123529865130726,0.226286731717237,0.12195412311922,0.0614952966877186,0.0883770874390864,0.21964463240115,0.173886876954994,0.105008009109234,0.109277683837841,0.0627260153851398,0.0726606679959195,0.112956689907514,0.087451799749686,0.154491390657816,0.202469047012076,0.210388140986713,0.181517939685659,0.146672039848391,0.053098037122303,0.0626048886704761,0.267455544648262,0.266407854199145,0.0766332502606243,0.215265226116026
"Lepidosperma_longitudinale",0.109949371733521,0.0584188160714352,0.0389650411356689,0.0608752933308416,0.0435215619486098,0.073432327926944,0.105495623595472,0.075634368957777,0.126294561571709,0.131185778691653,0.0994861450362493,0.235294503736581,0.0923760177468361,0.0398734381814291,0.0658367478882481,0.105029794635001,0.0339943678039707,0.0435877957214145,0.0642895049579071,0.0429352682126074,0.160377359760902,0.231443031955203,0.0518531671618787,0.134790718362553,0.124294818242935,0.073203445716059,0.14514338999371,0.0821321542871972,0.14035331160413,0.0944199163632124,0.149644908308033,0,0.0692425484313562,0.0998274750086272,0.123499346525419,0.0607791104188444,0.125647482756663,0.0740078347670915,0.0878103450795591,0.196387969773574,0.0673351064573559,0.0944980616414701,0.120631935012697,0.0613151838817137,0.0738373417932243,0.0742520994532365,0.0633265955184282,0.052835066576042,0.0612076072220775,0.0524262424391452,0.0476595802394772,0.0609059813428957,0.0471811623965737,0.120691616232456,0.0832730963138009,0.101479539088268,0.133254587101083,0.0758577590840338,0.0387241598570772,0.0384448060456382,0.1127048548712,0.196668359312833,0.0508695208781618,0.159669704254017
