"","X_Aira_sp_","X_Briza_maxima","X_Briza_minor","X_Carpobrotus_edulis","X_Disa_bracteata","X_Gladiolus_caryophyllaceus","X_Hypochaeris_glabra","X_Sonchus_oleraceus","X_Unknown_Bromus_grass","X_Ursinia_anthemoides","Acacia_pulchella","Adenanthos_obovatus","Allocasuarina_fraseriana","Astartea_scoparia","Banksia_attenuata","Banksia_ilicifolia","Boronia_sp_","Caladenia_flava","Caladenia_sp_","Calytrix_angulata","Chamaescilla_corymbosa","Dasypogon_bromeliifolius","Eriochilus_dilatatus","Euchilopsis_linearis","Gompholobium_tomentoseum","Hibbertia_stellaris","Hibbertia_subvaginata","Hypocalymma_angustifolium","Hypolaena_exsulca","Kunzea_ericifolia","Lagenophora_huegelii","Lepidosperma_longitudinale","Lepidosperma_squarrosa","Leucopogon_racemulosus","Levenhookia_pusilla","Lomandra_sp_","Macrozamia_riedlei","Melaleuca_preissiana","Orthrosanthus_laxus","Patersonia_occidentalis","Pericalymma_ellipticum","Phyllangium_paradoxum","Platytheca_galioides","Podolepis_gracilis","Podotheca_gnaphalioides","Poranthera_microphylla","Pterostylis_nana","Pterostylis_vittata","Pulteneaea_reticulata","Restionaceae","Restionaceae_sp_","Schoenus_sp1","Scholtzia_involucrata","Siloxerus_filifolius","Stylidium_brunonianum","Stylidium_piliferum","Stylidium_repens","Thelymitra_sp1","Thelymitra_sp2","Thysanotus_thyrsoideus","Trachymene_pilosa","Unknown_native_herb","Unknown_native_shrub","Xanthorrhoea_preissii"
"X_Aira_sp_",1,0.600638295595221,0.127667812738737,0.726003073543475,0.938224838305604,0.583831806914706,0.891932480420137,0.83475194586225,0.917995909171184,0.909352714699534,0.675153303813146,0.770532036411638,0.677862290962699,0.255605966439286,0.616788730313206,0.12906372480865,0.56038872372777,0.639103118999588,0.814249001138856,0.435947921754482,0.895955316647207,0.84668638497471,0.923239710382972,0.75687700940528,0.582309492773955,0.549300595087021,0.270095066418105,0.43236880253997,0.706742137640729,0.582264790733803,0.879919636608474,0.548402801707234,0.47145666362212,0.776395279915987,0.791800942242067,0.143614947800902,0.83444609647152,0.3925792886226,0.282657072069184,0.781718428935281,0.163451146507935,0.750192444322386,0.441873674303669,0.718486948334679,0.880064199364582,0.848593521128605,0.57016735228353,0.69747022851723,0.55227068559908,0.793758398663184,0.682510455048463,0.357247842043014,0.76502580734056,0.502157455532996,0.565626058497554,0.805510173370802,0.566786967712738,0.853757499505036,0.807058067841192,0.753475854722642,0.805860452082877,0.887905011794952,0.65007685400012,0.779122127733014
"X_Briza_maxima",0.600638295595221,1,0.0573438095316347,0.416109527871751,0.634617768235981,0.449210941300241,0.679343900862091,0.570656828404345,0.687843708127749,0.652421407244008,0.318438368762914,0.331971943621531,0.259619056392749,0.148928514138161,0.407502820355658,0.253136643021743,0.37350291717957,0.252625527973635,0.427444008027496,0.337218235819603,0.583271206575969,0.412111263451592,0.658609529971095,0.280735608056601,0.248600046625222,0.545084970982447,0.334137574198101,0.250200255771234,0.280651018006211,0.518737381293055,0.629569211388885,0.255753547184511,0.191821490309084,0.610162735130729,0.665164570913943,0.0505379523169483,0.436480676482983,0.230622860808725,0.0195089989893162,0.342300050616184,0.0334617648051976,0.649303667621815,0.313233714269168,0.385272848104759,0.688976639688864,0.645402512992069,0.341788761332445,0.380913458885295,0.428155614284885,0.412821260861277,0.325785083411373,0.158770644325115,0.649773749249337,0.519217719221873,0.387728989887864,0.624499947952229,0.196142256914017,0.675702809229974,0.432992530383323,0.5099973603083,0.623892108195533,0.68446937574797,0.480900428279215,0.343356287226292
"X_Briza_minor",0.127667812738737,0.0573438095316347,1,0.0711895721774036,0.141397538785711,0.105018248344723,0.143759955581902,0.116537229376265,0.139188862281687,0.15283623951922,0.118976933689204,0.244171483110336,0.14526290550162,0.0361499518427831,0.0667887573230135,0.157068681447791,0.0816390496528122,0.132657874433987,0.0877979676814926,0.0876814514591041,0.180744089063605,0.228079453748773,0.142594674470393,0.250497072613064,0.0930886337624346,0.16820924558653,0.184080104826934,0.0498757932062688,0.203572884228722,0.163556025462325,0.151684903127692,0.139342786280527,0.0788049044652418,0.105693476072058,0.164917487759638,0.0437235757137822,0.190964315320811,0.0663991220392763,0.193766307860486,0.187176197430231,0.0801338483049863,0.160671667453863,0.0933642639031715,0.0649174795892875,0.135072801645367,0.132594128655383,0.0612691391200288,0.0774828661516432,0.102770627176949,0.0786755561321486,0.0758688331343436,0.0660047223816436,0.143336312058832,0.167739283990578,0.0728969635198883,0.13685544220371,0.141904193340946,0.148968979256771,0.0884754946403716,0.0973188527999009,0.124082540821677,0.130248575211106,0.11159148649014,0.234463089559431
"X_Carpobrotus_edulis",0.726003073543475,0.416109527871751,0.0711895721774036,1,0.75439495919217,0.532931813744449,0.791458487248161,0.72763229925577,0.826946230503195,0.803164669432466,0.431824519240228,0.539166899652549,0.386505627976138,0.170993494492532,0.461297612077266,0.294624514548912,0.455631716106638,0.369396434654506,0.500677490703732,0.391443768568267,0.743945058850427,0.605770999325463,0.773333347250045,0.495092570112357,0.357983867335225,0.592239800089119,0.372672353032372,0.321681935457867,0.449211172590903,0.605614374742576,0.768744532719028,0.360907172145376,0.259612377355667,0.682324194464735,0.795202668894826,0.0745807335566447,0.610437322377388,0.284153031034487,0.124672629760695,0.524380995244386,0.0618143382970676,0.757068921273676,0.362941434612345,0.495198190224756,0.819988227749498,0.787107484670083,0.417732164758201,0.501095681461084,0.523569311474369,0.505099532894714,0.404597153369365,0.219506092211743,0.744706829056686,0.629473293640283,0.450974541407015,0.74046878775783,0.330901359246652,0.80183837715004,0.535783870649732,0.642045257104058,0.722280353686774,0.787083721330652,0.635497365593497,0.51044680424309
"X_Disa_bracteata",0.938224838305604,0.634617768235981,0.141397538785711,0.75439495919217,1,0.70056503846762,0.897119937713598,0.845295290702572,0.9266622988034,0.909567786943533,0.695582740219318,0.778427795091797,0.661923869847619,0.255836821194485,0.654430786075403,0.229661950922481,0.59604490304682,0.64023782243335,0.808270347942496,0.515113027977621,0.894342311092159,0.833737118696048,0.92212237842907,0.731714984678882,0.599686793717075,0.648626401568682,0.364118247170372,0.447275899398553,0.697468737197224,0.643602244686446,0.88151110429641,0.556845124963061,0.446794232267509,0.812775004322689,0.85449062010678,0.143198675178841,0.834055430650475,0.411925865122037,0.275611807855864,0.783179037961747,0.163572016194148,0.82941902897896,0.463680788603361,0.755549518237957,0.912683883046944,0.892811584475878,0.583503928501844,0.68961355224526,0.581349344992914,0.809233818992876,0.706917467813426,0.356678876524238,0.822204611303889,0.617716337614124,0.578862062342846,0.824411783763529,0.566055064505905,0.877788259264224,0.838727925980285,0.801766978882224,0.815906640676812,0.899741282706345,0.715286547538234,0.77572268047029
"X_Gladiolus_caryophyllaceus",0.583831806914706,0.449210941300241,0.105018248344723,0.532931813744449,0.70056503846762,1,0.669208325424417,0.792757221297941,0.8104392826665,0.637973242326025,0.265843363566162,0.119019904870202,0.163796086972906,0.221441806183961,0.545012249786984,0.52165784218132,0.644712205453444,0.142127865830792,0.475033602243563,0.637097612217104,0.47038783017232,0.188662969112898,0.765917595412041,0.0925901818815038,0.165683050230374,0.826653970824836,0.649071620836619,0.276409842778719,0.128705936094507,0.831103695791311,0.573933099014864,0.127100374061067,0.127497902320372,0.767543331257328,0.899155823501316,0.0295396821335146,0.293227236715173,0.2030981339667,-0.00319964175221398,0.191149071961247,0.00207254714716378,0.879718245321997,0.623837315131737,0.536798110575995,0.827292634673714,0.824096752282592,0.520335255093163,0.644052579188679,0.594117106941747,0.523992811051136,0.334293973379239,0.121336800614511,0.866378607134769,0.787689243940673,0.478246986535981,0.850316642745242,0.0760699738495364,0.882198583157441,0.542882973852167,0.687176168173685,0.694126613138651,0.822056042960879,0.770234324992513,0.115294133970086
"X_Hypochaeris_glabra",0.891932480420137,0.679343900862091,0.143759955581902,0.791458487248161,0.897119937713598,0.669208325424417,1,0.839719469508414,0.892744390840819,0.889525216283245,0.675468339397321,0.647060539304152,0.623328985790104,0.292094140853611,0.667476003288048,0.168901804783419,0.639323396961005,0.651422053417294,0.817046092221557,0.533449184288487,0.850680193240566,0.727851239439009,0.899693420746048,0.614698578767784,0.600365653341994,0.58954026059091,0.291536188252304,0.457719600124598,0.604411749601901,0.589621976666065,0.864440499189407,0.511747521455502,0.455828725533577,0.817964879792124,0.782852956733213,0.147824361381892,0.769978631339009,0.40307261251079,0.184452743871947,0.709335216985235,0.139110857036638,0.774647260094649,0.509274478106733,0.779609117509369,0.872797302623839,0.853962760200544,0.644232921484645,0.747302530826237,0.581157145382913,0.828917351725353,0.734363631520592,0.350646316215456,0.775842929618372,0.550831929407424,0.576782614755769,0.809038541965729,0.52606833336572,0.827606648881681,0.847646121041561,0.817090184660227,0.803091737510072,0.868668494424575,0.710087157675579,0.639676056371791
"X_Sonchus_oleraceus",0.83475194586225,0.570656828404345,0.116537229376265,0.72763229925577,0.845295290702572,0.792757221297941,0.839719469508414,1,0.93875326052317,0.823068415986701,0.464862251016519,0.372181296007337,0.376754240201222,0.274347929825173,0.660642008833378,0.478328063268067,0.773791533045906,0.300443561410214,0.701649540076893,0.694544571778303,0.704392837214736,0.477276830375332,0.901553910959971,0.333397228898023,0.293546346304623,0.824155117220527,0.58047689400457,0.380638970280708,0.376954747495139,0.829245335826756,0.793215018650531,0.330030653755628,0.24989664909258,0.851437494460208,0.928494676992862,0.0639532643831256,0.547942204740569,0.311059397043291,0.0120202624223874,0.450221801324845,0.0235743764968235,0.920626161239518,0.690525328715506,0.721037473825328,0.92987337606185,0.915283672498371,0.744951941165031,0.802321837736989,0.643392179955271,0.762641104238042,0.548266326670711,0.2208910623322,0.938102644259812,0.794600070185039,0.577161382284303,0.916754515113618,0.252455222810075,0.93141858009188,0.776395066623885,0.874276240164654,0.806836985703141,0.90781952000203,0.863909101684518,0.376960731782017
"X_Unknown_Bromus_grass",0.917995909171184,0.687843708127749,0.139188862281687,0.826946230503195,0.9266622988034,0.8104392826665,0.892744390840819,0.938753260523171,1,0.890864202574366,0.618549265061169,0.524104099260379,0.519025252545703,0.293474632666051,0.706059175372339,0.383338308658611,0.754041743192175,0.51264352927338,0.819393414224943,0.692449358799233,0.815890074001457,0.6284193972668,0.946661804263135,0.498721368080097,0.488372267662705,0.802273224613433,0.49467937649086,0.424547384748649,0.499137369686214,0.807940181057702,0.866538468517662,0.451176811036042,0.359718123547371,0.894920767447766,0.927564260932859,0.0967376268576088,0.664421702490023,0.369368843864561,0.0470359885693828,0.594999964433136,0.0603525538675125,0.914946035336798,0.690095982819499,0.797795836269831,0.947728918271601,0.949190213228739,0.792429053711633,0.81874670292005,0.66666072765945,0.84517894296508,0.697040789219497,0.307613923821567,0.926251807178916,0.741432232934929,0.608844645763773,0.928989365124232,0.392012483525755,0.942505635562633,0.855936099992918,0.900096814548956,0.850808546462637,0.947521653326375,0.857033057136954,0.526620326955856
"X_Ursinia_anthemoides",0.909352714699534,0.652421407244008,0.15283623951922,0.803164669432466,0.909567786943533,0.637973242326025,0.889525216283245,0.823068415986701,0.890864202574366,1,0.736149623571801,0.727680576650005,0.692494694151949,0.28140392776651,0.656942817583663,0.125814707273761,0.618808226298207,0.70066969492969,0.84296213178768,0.494193888276615,0.884506980444728,0.805672825077959,0.90619254813865,0.709409115020857,0.653240362629883,0.558897159061927,0.24619255630899,0.466600396109424,0.682065434281253,0.549009150111402,0.882669508391508,0.574993861982882,0.492925725109306,0.801222906725166,0.757780455805178,0.162410978382329,0.821435896926393,0.426092164427295,0.290153587581541,0.753888475009552,0.166342673509,0.751485700542698,0.460099549328532,0.769668262967074,0.873350470330205,0.842325356376426,0.614418192089735,0.712688554672525,0.551425030561903,0.826860639654242,0.768855000686602,0.38535477900617,0.755217214158463,0.511489189373633,0.582917879802909,0.792153786643215,0.594960917781079,0.823113262146465,0.853677841485654,0.812222209014863,0.801978199751059,0.872521374667288,0.692854843396934,0.732073280780234
"Acacia_pulchella",0.675153303813146,0.318438368762914,0.118976933689204,0.431824519240228,0.695582740219318,0.265843363566162,0.675468339397321,0.464862251016519,0.618549265061169,0.736149623571801,1,0.799122746101645,0.577199415701986,0.144013390703082,0.351390188361401,0.0603577284789461,0.260968881584577,0.584024374070348,0.518945595286476,0.166348003514056,0.781054189186121,0.847052289564045,0.633296887777697,0.7850642412337,0.494887264537586,0.263003380243786,0.112427262814238,0.28085166623525,0.700729181274319,0.246660705856945,0.74198669302722,0.525055244406335,0.370001447342407,0.44982704475615,0.444953881974688,0.158056217368936,0.783902166081902,0.324250669594451,0.440310901144223,0.777430203160848,0.195810536327686,0.425285039708163,0.167071435715856,0.424742760724112,0.577830150965431,0.470259905273703,0.291936702327374,0.325429848976448,0.284795061825144,0.502453768303949,0.497569324781789,0.324425960887977,0.438351278725925,0.253253678434992,0.348094286412785,0.398034059320758,0.541524639605154,0.490014257511785,0.503187521343629,0.435595987013932,0.529312399198226,0.584976044549116,0.348034136982429,0.79756027518478
"Adenanthos_obovatus",0.770532036411638,0.331971943621531,0.244171483110336,0.539166899652549,0.778427795091797,0.119019904870202,0.647060539304152,0.372181296007337,0.524104099260379,0.727680576650005,0.799122746101645,1,0.857534724339643,0.158069853491523,0.308292846444451,-0.420958147375757,0.122772139838879,0.907387866276249,0.738894635210443,0.0420335690643584,0.839036231816904,0.961174253590287,0.670290670187643,0.958793379029119,0.742640591573051,-0.174580575294062,-0.456538500443838,0.344053449701108,0.91909235692092,-0.0957476311878111,0.762281545561148,0.751556447559872,0.586454135380573,0.372506882303946,0.0257200911030138,0.323118032666678,0.928615226218123,0.386133946816994,0.793621933111215,0.919618882087643,0.370995669867285,0.0795319995927509,0.0370759471378629,0.471135498053186,0.453977814685748,0.327895614836333,0.218303280247611,0.317207994370449,0.141856414147473,0.613756681066581,0.724605217166993,0.457757549286067,0.121711640279822,-0.243750178048562,0.335638963394254,0.213383390278209,0.857369369254781,0.243763673593986,0.699735326952239,0.416684581532686,0.433373759858893,0.517085594004955,0.0965625085380724,0.951766096175225
"Allocasuarina_fraseriana",0.677862290962699,0.259619056392749,0.14526290550162,0.386505627976138,0.661923869847619,0.163796086972906,0.623328985790104,0.376754240201222,0.519025252545703,0.692494694151949,0.577199415701986,0.857534724339643,1,0.124486656471663,0.312670712408721,0.0324955191265397,0.155408170277666,0.677235821424615,0.486733406815304,0.0921167055874461,0.76618897376503,0.866819824301426,0.630773723244502,0.862269951832074,0.520262838272123,0.154646341264571,0.063988657822616,0.279534839343387,0.76530183633862,0.157259313941767,0.709514339424333,0.598891082776752,0.394861667298656,0.368709741342609,0.311578217758935,0.190618546127668,0.810371235876158,0.303287717639863,0.58350501798402,0.796123856347482,0.256895630483375,0.321151334974568,0.111237475032253,0.387401651214774,0.486308172491927,0.426744978491403,0.207443099128278,0.287540174355978,0.207599486937335,0.485403480032107,0.49051456372561,0.342151358823327,0.305797018052556,0.15390972050091,0.285764555887476,0.327495116140757,0.659162882734329,0.374398586580263,0.496639288310182,0.336432852867508,0.468527645626865,0.465390590074921,0.193291031561433,0.849786754220052
"Astartea_scoparia",0.255605966439286,0.148928514138161,0.0361499518427831,0.170993494492532,0.255836821194485,0.221441806183961,0.292094140853611,0.274347929825173,0.293474632666051,0.28140392776651,0.144013390703082,0.158069853491523,0.124486656471663,1,0.176947047426402,0.168754345777078,0.208550139701343,0.115344371264199,0.209065473892925,0.192314663132527,0.254692061414421,0.188816849230531,0.282359630732156,0.138159148426329,0.121367728218313,0.254222807348914,0.202724378162122,0.113997260522259,0.143242587177817,0.258268387526507,0.269503069186529,0.123168779327617,0.0742655263504762,0.263375340610603,0.288515270171991,0.0204335899626825,0.199204896784282,0.0951923222783018,0.0395821960400704,0.173824301884951,0.0225417088698425,0.281318242437831,0.180324827750498,0.189754526714575,0.290400711235187,0.284224577920527,0.163150655175459,0.177864688249888,0.190250169115364,0.19233707168988,0.143272044317242,0.0726582991961018,0.276243874235388,0.242715375035409,0.179444392696494,0.271703210451958,0.0952101343251626,0.292788972143369,0.201150545548014,0.228986953954078,0.264980375346762,0.27686799493525,0.24267176790782,0.15749076090015
"Banksia_attenuata",0.616788730313206,0.407502820355658,0.0667887573230135,0.461297612077266,0.654430786075403,0.545012249786984,0.667476003288048,0.660642008833378,0.706059175372339,0.656942817583664,0.351390188361401,0.308292846444451,0.312670712408721,0.176947047426402,1,0.301449094680706,0.483703683471254,0.279020045267161,0.481410085809667,0.444839178095714,0.566333141868842,0.377728486177568,0.695367432990066,0.279215153147031,0.275088108071029,0.56482673929981,0.369075461423473,0.290597345788536,0.273699355364484,0.581441402765433,0.596203861052266,0.239077140876586,0.207653824295706,0.633739512064762,0.705353552933195,0.0515584397939962,0.438645758384312,0.228209356282342,0.0310525042874326,0.36215666252375,0.0326091212651149,0.670704817069218,0.422309611678526,0.488648817823138,0.714998065736732,0.69936162935065,0.465761517078453,0.523802884313695,0.454855070371336,0.482503122530667,0.407774634543109,0.177846507061334,0.668924659006176,0.550763965070533,0.41919202018963,0.685487363936367,0.207697641455282,0.711030820739866,0.542801448393577,0.611172165575751,0.620440125506358,0.694298825618191,0.60210414776357,0.316528192060865
"Banksia_ilicifolia",0.12906372480865,0.253136643021743,0.157068681447791,0.294624514548912,0.229661950922481,0.52165784218132,0.168901804783419,0.478328063268067,0.383338308658611,0.125814707273761,0.0603577284789461,-0.420958147375757,0.0324955191265397,0.168754345777078,0.301449094680706,1,0.563682872040398,0.0044873738743486,0.240486150658731,0.605063568618664,-0.0764799320834903,-0.380114456634477,0.331388860521143,-0.424547300211206,0.0179528091842419,0.705068491421507,0.637558750736354,0.11668630724641,-0.231019111308079,0.695903055318129,0.0872604131027504,-0.128824593891853,0.00608663488366354,0.442394412857364,0.576020659170429,0.0435787548882884,-0.197870414546466,0.00553715891943686,-0.00848399570061054,-0.194715099137855,0.018021071087968,0.592653008025482,0.612234194264775,0.305869672708748,0.452169843641052,0.460225008221465,0.416285582229365,0.435002624783558,0.421727130283971,0.26519281977381,0.145579385256941,0.0364103995433909,0.566572534846757,0.634969264807003,0.317491934718871,0.540610128298454,-0.0714895039378603,0.531001967383189,0.267191954943354,0.427873642149517,0.30146660272373,0.441769483628555,0.571527315948173,-0.415797373020869
"Boronia_sp_",0.56038872372777,0.37350291717957,0.0816390496528122,0.455631716106638,0.59604490304682,0.644712205453444,0.639323396961005,0.773791533045906,0.754041743192175,0.618808226298207,0.260968881584577,0.122772139838879,0.155408170277666,0.208550139701343,0.483703683471254,0.563682872040398,1,0.124652593718087,0.385885277613818,0.60545447339035,0.459815129418622,0.204698796375183,0.710788107143132,0.124011644412454,0.153596126415415,0.812070263096242,0.640572494252557,0.266766757330537,0.143749688244835,0.81540857662191,0.574787749404787,0.124127024864644,0.111715950909515,0.713400683000955,0.864146943097072,0.0251381215724235,0.238101329974491,0.175669342635474,0.00283546013841445,0.192271365984958,0.00898156818786411,0.842092525040167,0.626600698222509,0.47976244116487,0.785957924326376,0.775094324775771,0.550209837298313,0.573850570777757,0.559391501010898,0.514265122301166,0.286346061698988,0.110451624732703,0.815517899828245,0.771780594824395,0.46105245217625,0.823594954817976,0.0741542735651685,0.841915810507487,0.457402868949969,0.649142037384299,0.681393282629248,0.747107918720234,0.73693689444572,0.147102242379348
"Caladenia_flava",0.639103118999588,0.252625527973635,0.132657874433987,0.369396434654506,0.64023782243335,0.142127865830792,0.651422053417294,0.300443561410214,0.51264352927338,0.70066969492969,0.584024374070348,0.907387866276249,0.677235821424615,0.115344371264199,0.279020045267161,0.0044873738743486,0.124652593718087,1,0.51300790952064,0.0607024420095459,0.801126993143657,0.919257536260757,0.586398842460097,0.902718841857398,0.506231342376568,0.0622361249520222,0.0126739281658224,0.277616017462426,0.807725440814093,0.0623144539323106,0.724766266722688,0.617701057014548,0.415444191942031,0.354725825901761,0.245009646375744,0.183641898735048,0.849411971915691,0.304682447670075,0.60350197215832,0.815634497896371,0.242267421474975,0.222639574099852,0.0705678538518332,0.33075342880445,0.48062849157383,0.398369649290317,0.207663048453457,0.268002182683018,0.2052249117235,0.406626116761439,0.468706967034334,0.318353053703962,0.242653042407392,0.0872684854647023,0.276848915187501,0.267019487671308,0.661450957252797,0.311457475448594,0.46487577042339,0.356525432267046,0.467319117725994,0.435145396979159,0.142842399055908,0.891386415706227
"Caladenia_sp_",0.814249001138856,0.427444008027496,0.0877979676814926,0.500677490703732,0.808270347942496,0.475033602243563,0.817046092221557,0.701649540076893,0.819393414224944,0.84296213178768,0.518945595286476,0.738894635210443,0.486733406815304,0.209065473892925,0.481410085809667,0.240486150658731,0.385885277613818,0.51300790952064,1,0.335628022581498,0.836592856561902,0.799928561768,0.821798233434798,0.708653497994261,0.425675902480432,0.56961583593972,0.343010698721729,0.353543039377952,0.619537063919786,0.60163030827355,0.806231856133067,0.495168002282225,0.357380128806015,0.661365198406558,0.784599786423155,0.0970327862053111,0.78166662022095,0.352223105146773,0.222805844148863,0.70120102382839,0.111905375197501,0.705309370737784,0.364270638424651,0.499181804596764,0.803781189886711,0.764024132562863,0.379018915941855,0.504896970605727,0.462290555121501,0.627612190332475,0.562358216933366,0.271784492601181,0.705281087058379,0.557552977593776,0.455050547872072,0.713831405789106,0.498598585396363,0.774943894881046,0.708064518852743,0.629023551778633,0.71069300996258,0.770663962747295,0.573759227145549,0.746282931530091
"Calytrix_angulata",0.435947921754482,0.337218235819603,0.0876814514591041,0.391443768568267,0.515113027977621,0.637097612217104,0.533449184288487,0.694544571778303,0.692449358799233,0.494193888276615,0.166348003514056,0.0420335690643584,0.0921167055874461,0.192314663132527,0.444839178095714,0.605063568618664,0.60545447339035,0.0607024420095459,0.335628022581498,1,0.304335459783143,0.0766246751882994,0.640935982473741,0.0252991842393091,0.0877607468327931,0.848743717263632,0.700501963805852,0.205749080698199,0.0437312226663108,0.86624284868487,0.414488459694868,0.0527817587831089,0.0714893461157219,0.654666908487385,0.86323528232118,0.021600085251305,0.132771730896392,0.11435936797304,-0.00294541651488583,0.0827319244897501,0.00492622815959977,0.842025558231188,0.546734545908741,0.362931629633654,0.7209085655934,0.732303701914473,0.481965608838954,0.522221501297956,0.539987931204352,0.38515095033142,0.212407705524615,0.0698048519116618,0.793616282627464,0.784721955777511,0.414614736999058,0.793240395995202,0.0342948645278191,0.821703961627253,0.376413712674569,0.637348982146551,0.617070982333933,0.700615717449625,0.743990107160563,0.0485525507352377
"Chamaescilla_corymbosa",0.895955316647207,0.583271206575969,0.180744089063605,0.743945058850427,0.894342311092159,0.47038783017232,0.850680193240566,0.704392837214736,0.815890074001457,0.884506980444728,0.781054189186121,0.839036231816904,0.76618897376503,0.254692061414421,0.566333141868842,-0.0764799320834903,0.459815129418622,0.801126993143657,0.836592856561902,0.304335459783143,1,0.88922504248771,0.8749206688964,0.838000403181209,0.711587799983709,0.289103041025333,-0.0262463131746919,0.45828606880354,0.809685353295594,0.299693283717472,0.879603383340646,0.661934745826977,0.5461022975645,0.694040543085824,0.576408790594382,0.207932894741774,0.887982521737551,0.438640875554232,0.500590693640729,0.850329868358882,0.234523195881647,0.569591133611831,0.275085609881573,0.699623089256379,0.778568657975637,0.739696075805061,0.500053521032726,0.596939924420125,0.4550622352796,0.800453357917709,0.796816920635542,0.42428292940327,0.578457478419325,0.285016467483131,0.520411040121187,0.65542420153443,0.702560324547121,0.674550239352833,0.833430381697562,0.726250283505609,0.717009903961444,0.81082864898952,0.490931407574612,0.836237601086826
"Dasypogon_bromeliifolius",0.84668638497471,0.412111263451592,0.228079453748773,0.605770999325463,0.833737118696048,0.188662969112898,0.727851239439009,0.477276830375332,0.6284193972668,0.805672825077959,0.847052289564045,0.961174253590287,0.866819824301426,0.188816849230531,0.377728486177568,-0.380114456634477,0.204698796375183,0.919257536260757,0.799928561768,0.0766246751882994,0.88922504248771,1,0.774401797364682,0.959892833846654,0.767254594516034,-0.0858217752249088,-0.380031607416556,0.394586215935965,0.923823117781028,-0.0451679109046926,0.827870920438159,0.762916165959137,0.603180262751315,0.479733673138514,0.156862759010775,0.307054722256383,0.949921391393652,0.417050534726752,0.729016332808302,0.934610469102766,0.351015575011506,0.199725421252922,0.0834046138737657,0.525605154465,0.573396932152726,0.448699425708521,0.326798607071315,0.400544822277736,0.246291741975123,0.686487920074107,0.782002468755327,0.473132777661106,0.250111340588761,-0.119800039181026,0.405778338307715,0.332665906219948,0.86740990685871,0.348975637949607,0.76824938911756,0.514455543319658,0.538095090728453,0.626432455068488,0.192743888697467,0.953907694638007
"Eriochilus_dilatatus",0.923239710382972,0.658609529971095,0.142594674470393,0.773333347250045,0.92212237842907,0.765917595412041,0.899693420746048,0.901553910959971,0.946661804263135,0.90619254813865,0.633296887777697,0.670290670187643,0.630773723244502,0.282359630732156,0.695367432990066,0.331388860521143,0.710788107143132,0.586398842460097,0.821798233434798,0.640935982473741,0.8749206688964,0.774401797364682,1,0.63813920664963,0.566368470261593,0.741914338901902,0.465253000253803,0.450260949448068,0.63244303130085,0.743898919029577,0.88724835817482,0.505023942769327,0.418468270598369,0.862194636170832,0.905078203937068,0.120646776155744,0.791069822701479,0.388092451444156,0.217461654560882,0.691012139009071,0.119632511757157,0.886914766931163,0.619794892279271,0.815291809352039,0.931518781713493,0.92179868650647,0.725318764750287,0.761728405056329,0.615917891423958,0.824344516416369,0.703125733038641,0.328971987970764,0.889272677739127,0.707692151176176,0.611279707760677,0.89604383202897,0.48693574573959,0.92750413025407,0.846891059556443,0.87081114702513,0.827420474214887,0.922285347383021,0.810691307170486,0.680734938851353
"Euchilopsis_linearis",0.75687700940528,0.280735608056601,0.250497072613064,0.495092570112357,0.731714984678882,0.0925901818815038,0.614698578767784,0.333397228898023,0.498721368080097,0.709409115020857,0.7850642412337,0.958793379029119,0.862269951832074,0.138159148426329,0.279215153147031,-0.424547300211206,0.124011644412454,0.902718841857398,0.708653497994261,0.0252991842393091,0.838000403181209,0.959892833846654,0.63813920664963,1,0.701288905026331,-0.200436946063445,-0.465622914761289,0.33598491705999,0.917313080640391,-0.112283141432775,0.750416269310856,0.747397667738159,0.568700408456978,0.338334106340712,-0.0235143539854064,0.33072172256531,0.925448718056554,0.376887533860263,0.816452842724944,0.922274237073306,0.375371649214176,0.0455847886678156,0.0248906218243789,0.400499629214935,0.416349248283867,0.297736037459539,0.189009763994473,0.262610028582165,0.120458580267311,0.577574911250826,0.703618564358219,0.448889378828356,0.0831875504123289,-0.257934198054255,0.289183820413689,0.154134893884418,0.863246919869001,0.178929270216819,0.656803495379621,0.387900512839137,0.400434397104439,0.488429562489549,0.0648729409137931,0.951675496849309
"Gompholobium_tomentoseum",0.582309492773955,0.248600046625222,0.0930886337624346,0.357983867335225,0.599686793717075,0.165683050230374,0.600365653341993,0.293546346304623,0.488372267662705,0.653240362629883,0.494887264537586,0.742640591573051,0.520262838272123,0.121367728218313,0.275088108071029,0.0179528091842419,0.153596126415415,0.506231342376568,0.425675902480432,0.0877607468327931,0.711587799983709,0.767254594516034,0.566368470261593,0.701288905026332,1,0.121960160405511,0.0376279183411531,0.258463914822834,0.643730302897094,0.0998223414433284,0.658962483232292,0.494224926946111,0.339039951946091,0.330415486886247,0.273946579333945,0.142382695950366,0.722777880504449,0.288455684349334,0.347985210051218,0.685321466705852,0.195318023144039,0.260424641642161,0.0990682091176596,0.317490693978161,0.45631274435195,0.375108173820415,0.175423297601458,0.248654670431297,0.189375818914496,0.38922934611392,0.455070836599916,0.282541828599389,0.290047199764354,0.125889357247994,0.26994326740315,0.310564995514023,0.489562214572185,0.342332755937692,0.462258470678987,0.346897860159746,0.462392325218065,0.446159375781664,0.193155483401161,0.734105486496499
"Hibbertia_stellaris",0.549300595087021,0.545084970982447,0.16820924558653,0.592239800089119,0.648626401568682,0.826653970824836,0.58954026059091,0.824155117220527,0.802273224613433,0.558897159061927,0.263003380243786,-0.174580575294062,0.154646341264571,0.254222807348914,0.56482673929981,0.705068491421507,0.812070263096242,0.0622361249520222,0.56961583593972,0.848743717263632,0.289103041025333,-0.0858217752249088,0.741914338901902,-0.200436946063445,0.121960160405511,1,0.787682724289055,0.27615818372493,-0.0862294019046431,0.925987258980113,0.475135287567344,-0.0161554114334805,0.0907096526652682,0.780939711328051,0.914887411338698,0.0427666940499936,0.0906089966837744,0.158036201592078,-0.0593577886697591,0.0056309891174275,-0.0337564599998807,0.911396339158295,0.84271201060803,0.65017480889478,0.84346008016651,0.849973965734051,0.696651904626146,0.750168333569538,0.652685865380009,0.581309154894888,0.345417624004569,0.109129373336073,0.894165664412073,0.866369521164171,0.547356963926913,0.894800454484636,-0.0305366732535735,0.899188143990065,0.616287323339769,0.76487472507602,0.687566349770925,0.827745503563156,0.882899166880995,-0.165502936945845
"Hibbertia_subvaginata",0.270095066418105,0.334137574198101,0.184080104826934,0.372672353032372,0.364118247170372,0.649071620836619,0.291536188252303,0.58047689400457,0.49467937649086,0.24619255630899,0.112427262814238,-0.456538500443838,0.063988657822616,0.202724378162122,0.369075461423473,0.637558750736354,0.640572494252557,0.0126739281658224,0.343010698721729,0.700501963805852,-0.0262463131746919,-0.380031607416556,0.465253000253803,-0.465622914761289,0.0376279183411531,0.787682724289055,1,0.159629309187898,-0.251039780420617,0.786501979669611,0.166704261678837,-0.133190664633359,0.0165477938413457,0.54821808365116,0.711646350114432,0.0385869559800211,-0.158919094917496,0.0356129070209572,-0.0324580885796693,-0.198426679203246,-0.0160878281186215,0.713811132522467,0.691332233558295,0.415814575402292,0.580488475461034,0.596853128704389,0.505246319630701,0.539916144191429,0.505779819369246,0.363247766964812,0.196083938215867,0.0541085135493359,0.676998037557239,0.728498185149092,0.38427455169208,0.66313177499798,-0.0748114658121258,0.666306452181122,0.373953895882983,0.547558457091885,0.403345731946456,0.576740301878434,0.698822240209423,-0.439563613862931
"Hypocalymma_angustifolium",0.43236880253997,0.250200255771234,0.0498757932062688,0.321681935457867,0.447275899398553,0.276409842778719,0.457719600124598,0.380638970280708,0.424547384748649,0.466600396109424,0.28085166623525,0.344053449701108,0.279534839343387,0.113997260522259,0.290597345788536,0.11668630724641,0.266766757330537,0.277616017462426,0.353543039377952,0.205749080698199,0.45828606880354,0.394586215935965,0.450260949448068,0.33598491705999,0.258463914822834,0.27615818372493,0.159629309187898,1,0.318196362718468,0.262007128184843,0.455521176047464,0.260966612624617,0.190369758320584,0.377221875056571,0.386429950447914,0.0608578940958706,0.377090270735703,0.197040354988102,0.111556178190871,0.339657394583744,0.0618561773449993,0.359460824031908,0.211233609713835,0.298435091401955,0.431093606825586,0.393057115797084,0.239610065800234,0.309219189724559,0.259520884181431,0.331880862743861,0.284701361363421,0.166956773473801,0.35732511764048,0.256349166293596,0.273433195209673,0.366776235659879,0.245795840961018,0.396371630523576,0.3647504054261,0.336672201898086,0.397593392635093,0.411407044789527,0.303066050601261,0.35074898269473
"Hypolaena_exsulca",0.706742137640729,0.280651018006211,0.203572884228722,0.449211172590903,0.697468737197224,0.128705936094507,0.604411749601901,0.376954747495139,0.499137369686214,0.682065434281253,0.700729181274319,0.91909235692092,0.76530183633862,0.143242587177817,0.273699355364484,-0.231019111308079,0.143749688244835,0.807725440814093,0.619537063919786,0.0437312226663108,0.809685353295593,0.923823117781028,0.63244303130085,0.917313080640391,0.643730302897094,-0.0862294019046431,-0.251039780420617,0.318196362718468,1,-0.0598038738037253,0.719369966023722,0.692010780939516,0.526946719274815,0.33982228173484,0.0743041872190026,0.272756914361588,0.884207531338685,0.361384514721084,0.701612480894268,0.859856716249799,0.314306758356376,0.0995029372763841,0.0394592084885804,0.424302892891204,0.431358599375035,0.32072375307323,0.186181697753619,0.29481099563266,0.149731451765116,0.532861630662144,0.629688958627492,0.405338382037485,0.129186798384647,-0.121429197217342,0.289291571434561,0.20004820144024,0.759495626276379,0.24134837353978,0.617424180836725,0.366444156038111,0.432051286378614,0.477231515769342,0.0839458205651537,0.908983355719946
"Kunzea_ericifolia",0.582264790733803,0.518737381293055,0.163556025462325,0.605614374742576,0.643602244686446,0.831103695791311,0.589621976666065,0.829245335826756,0.807940181057702,0.549009150111402,0.246660705856945,-0.0957476311878111,0.157259313941767,0.258268387526507,0.581441402765433,0.695903055318129,0.81540857662191,0.0623144539323106,0.60163030827355,0.86624284868487,0.299693283717472,-0.0451679109046926,0.743898919029577,-0.112283141432775,0.0998223414433284,0.925987258980113,0.786501979669611,0.262007128184843,-0.0598038738037253,1,0.468135989415099,0.00629002679210028,0.0777434307120375,0.796416523118807,0.92215096986282,0.0452135927637048,0.102324853676967,0.152462823386314,-0.0367563587179744,0.00346138118490154,-0.0238631658038359,0.918515718740805,0.861281671575669,0.618352447710784,0.843563848998031,0.850211776272788,0.726355730120204,0.721006255399623,0.646439825299204,0.548668849210962,0.3326129690896,0.103564096352016,0.902001800128423,0.872076913593688,0.528639350475234,0.892065220079806,-0.0188494568056908,0.903797388683216,0.628398963474146,0.794484223039874,0.665507327086925,0.83001600130287,0.893741695464064,-0.0979345623008749
"Lagenophora_huegelii",0.879919636608475,0.629569211388885,0.151684903127692,0.768744532719028,0.88151110429641,0.573933099014864,0.864440499189407,0.793215018650531,0.866538468517662,0.882669508391508,0.74198669302722,0.762281545561148,0.709514339424333,0.269503069186529,0.596203861052266,0.0872604131027504,0.574787749404787,0.724766266722688,0.806231856133067,0.414488459694868,0.879603383340646,0.827870920438159,0.88724835817482,0.750416269310856,0.658962483232292,0.475135287567344,0.166704261678837,0.455521176047464,0.719369966023722,0.468135989415099,1,0.596510854745141,0.494500602702462,0.765229219701666,0.712972200208031,0.176878618629401,0.834418851446187,0.421799698745691,0.349623833221584,0.779501267468788,0.188887654815616,0.678066540955642,0.388674443074776,0.73744766188631,0.842881482611854,0.809040989348972,0.563640583952664,0.673024286587202,0.519737324533065,0.785812078532013,0.752838138663033,0.390952323752598,0.712598009515183,0.459242547402913,0.566479217315784,0.745627779378444,0.608628244986898,0.771115723998066,0.82059638962754,0.764657206532248,0.760896508052568,0.840208083673518,0.639519460276223,0.763138509491825
"Lepidosperma_longitudinale",0.548402801707234,0.255753547184511,0.139342786280527,0.360907172145376,0.556845124963061,0.127100374061067,0.511747521455502,0.330030653755628,0.451176811036042,0.574993861982882,0.525055244406335,0.751556447559873,0.598891082776752,0.123168779327617,0.239077140876586,-0.128824593891853,0.124127024864644,0.617701057014548,0.495168002282225,0.0527817587831089,0.661934745826977,0.762916165959137,0.505023942769327,0.747397667738159,0.494224926946111,-0.0161554114334805,-0.133190664633359,0.260966612624617,0.692010780939516,0.00629002679210028,0.596510854745141,1,0.380271279014461,0.310620450915786,0.146789054996337,0.202710341107479,0.7154918154569,0.287421612264463,0.498929240463239,0.717319056949549,0.23852430905683,0.144894635491435,0.0503324352160846,0.33617165861133,0.3854867194605,0.319043127780805,0.184241339763151,0.238583596058449,0.151547917990737,0.425100525893653,0.456611844197378,0.327115137256373,0.168214822774936,-0.00739464642841966,0.228407941769127,0.213512572329595,0.584571075188926,0.250387810429566,0.4746745491082,0.327125606275801,0.36311896607762,0.39037945384078,0.119229393434525,0.744652592257393
"Lepidosperma_squarrosa",0.47145666362212,0.191821490309084,0.0788049044652418,0.259612377355667,0.446794232267509,0.127497902320372,0.455828725533577,0.24989664909258,0.359718123547371,0.492925725109306,0.370001447342407,0.586454135380573,0.394861667298656,0.0742655263504762,0.207653824295706,0.00608663488366355,0.111715950909515,0.415444191942031,0.357380128806015,0.0714893461157219,0.5461022975645,0.603180262751315,0.418468270598369,0.568700408456978,0.339039951946091,0.0907096526652682,0.0165477938413457,0.190369758320584,0.526946719274815,0.0777434307120375,0.494500602702462,0.380271279014461,1,0.27000659990248,0.210186389403707,0.124969550941332,0.5478398715039,0.21684673879812,0.316895130835345,0.518899769394079,0.142846400189574,0.198624127963715,0.0613727595175146,0.244612142434521,0.320250154404328,0.268232097974024,0.137638796157792,0.1977484968711,0.144755233727374,0.308927309229054,0.314990204453599,0.23128730468917,0.196679442273322,0.0910154801236424,0.206625472336634,0.234066455350821,0.442781651091193,0.238630387721672,0.332356275848402,0.262631956986397,0.329969824723952,0.32698304839401,0.14502329084926,0.56814771300194
