"","X_Aira_sp_","X_Briza_maxima","X_Briza_minor","X_Carpobrotus_edulis","X_Disa_bracteata","X_Gladiolus_caryophyllaceus","X_Hypochaeris_glabra","X_Sonchus_oleraceus","X_Unknown_Bromus_grass","X_Ursinia_anthemoides","Acacia_pulchella","Adenanthos_obovatus","Allocasuarina_fraseriana","Astartea_scoparia","Banksia_attenuata","Banksia_ilicifolia","Boronia_sp_","Caladenia_flava","Caladenia_sp_","Calytrix_angulata","Chamaescilla_corymbosa","Dasypogon_bromeliifolius","Eriochilus_dilatatus","Euchilopsis_linearis","Gompholobium_tomentoseum","Hibbertia_stellaris","Hibbertia_subvaginata","Hypocalymma_angustifolium","Hypolaena_exsulca","Kunzea_ericifolia","Lagenophora_huegelii","Lepidosperma_longitudinale","Lepidosperma_squarrosa","Leucopogon_racemulosus","Levenhookia_pusilla","Lomandra_sp_","Macrozamia_riedlei","Melaleuca_preissiana","Orthrosanthus_laxus","Patersonia_occidentalis","Pericalymma_ellipticum","Phyllangium_paradoxum","Platytheca_galioides","Podolepis_gracilis","Podotheca_gnaphalioides","Poranthera_microphylla","Pterostylis_nana","Pterostylis_vittata","Pulteneaea_reticulata","Restionaceae","Restionaceae_sp_","Schoenus_sp1","Scholtzia_involucrata","Siloxerus_filifolius","Stylidium_brunonianum","Stylidium_piliferum","Stylidium_repens","Thelymitra_sp1","Thelymitra_sp2","Thysanotus_thyrsoideus","Trachymene_pilosa","Unknown_native_herb","Unknown_native_shrub","Xanthorrhoea_preissii"
"X_Aira_sp_",1,-0.0228787964827451,-0.188167099583288,-0.0154595461680279,0.0342600050572806,-0.141824250142279,0.0893521923882285,-0.0123304095412452,0.0381726444044294,0.100021603816831,-0.00107172295705319,0.0239503292824503,-0.105465837495851,-0.103532889584155,-0.000411713926352535,-0.493938456237283,-0.142173704527999,-0.0933722256071703,-0.00639904926679836,-0.267127601194031,0.0961766629737673,0.0542329027470748,0.0216080851675807,-0.0136533786105327,-0.00878116316212965,-0.325122133197924,-0.431721229762826,-0.00967333335118762,0.00320889278260184,-0.359959919147504,0.0911686132751716,-0.0147005398877874,-0.0168549145079356,-0.00741750106858555,-0.0705700563753333,-0.169874061714077,0.0531640845398802,0.0281101628765847,-0.439207300199636,0.0324878486579999,-0.260427923631448,-0.0855381244696416,-0.280069377212356,-0.0307857098466552,0.0142778579691507,0.00573976605956407,-0.0574878566644586,-0.067147177919403,-0.0847960876852065,-0.0147991214819275,-0.0185564015633001,-0.0936794364895474,-0.0571581729495229,-0.242235200075312,-0.0418415721323809,-0.0297708916782189,-0.0772301602881256,-0.0167479635475313,-0.00958372657174097,-0.028182552797011,0.0601795839230315,0.0066693402477784,-0.114589621800653,0.0323612783803947
"X_Briza_maxima",-0.0228787964827451,1,-0.0896401410986232,-0.00827354031081569,-0.0273236559432036,-0.00662835155526773,-0.023008393658901,0.0015912734708938,-0.00224751440967673,-0.0336985892061667,-0.0821955269277472,-0.244277131179434,-0.161920686508337,-0.0226300382494028,-0.00292415584812203,-0.14827640947628,-0.00943848560477648,-0.132403505217688,-0.0231514669562915,-0.0414670039482504,-0.0704021770268067,-0.180558012201852,-0.0139606172470376,-0.269328711370669,-0.0598593662567892,-0.0274128698299906,-0.100598628588835,-0.0145189913754112,-0.210338047216346,-0.0377508314923679,-0.0440359273146729,-0.138759405708487,-0.0672754730470628,0.00228356261318858,0.0190346167122929,-0.11327073191361,-0.136590916851796,-0.0272170907766282,-0.394794024030797,-0.162997060540793,-0.207337798791595,0.0150121139836474,-0.0572368469191499,-0.00844539809849218,0.00570938458575792,0.00877326739284385,-0.00628893194191965,-0.00967425556460707,0.00166808874952994,-0.016143012463608,-0.0392134687782249,-0.0888821626695715,0.00848960775251361,-0.0182590057077741,-0.00369711864796998,0.00914645068039053,-0.18017273079536,0.0154746806574748,-0.0243599613302147,-0.00534790447326349,-0.0042501134764432,-0.0025204715409288,-0.000192427332905253,-0.220978354241186
"X_Briza_minor",-0.188167099583288,-0.0896401410986232,1,-0.116096915425684,-0.202890021980778,-0.14457145512787,-0.217660942486361,-0.182709449229685,-0.214032796735119,-0.212995548219117,-0.11540080850361,-0.22652821683214,-0.141511108100757,-0.0456790115102479,-0.125254011658338,-0.186544887397377,-0.140562666228103,-0.11674605879617,-0.113171308766122,-0.134566775363812,-0.213179759445828,-0.237023745271981,-0.207751581539429,-0.226616941525767,-0.102800678049222,-0.248623858696296,-0.203777236918159,-0.0806574504527532,-0.186849142938385,-0.249580208317145,-0.214067867803614,-0.132076489233514,-0.0899728035637047,-0.178675815361086,-0.254369189441955,-0.0395948070106045,-0.210942437398093,-0.0830085343147446,-0.101276615123412,-0.211970175719246,-0.0659168389575198,-0.235121611348112,-0.137844158862337,-0.104568486813627,-0.239673759814672,-0.201908875936145,-0.0877325372207576,-0.114426171084712,-0.14256507852915,-0.126421765343428,-0.104914501037445,-0.0691283234933039,-0.226337879436098,-0.228866702280432,-0.128417214314259,-0.231905427468166,-0.119919857252602,-0.234028608856623,-0.11500564602206,-0.148543877142609,-0.191595640698801,-0.222009209691411,-0.19192846043877,-0.226737809136258
"X_Carpobrotus_edulis",-0.0154595461680279,-0.00827354031081569,-0.116096915425684,1,-0.0148338699816524,-0.0534556144324403,0.00452037877313772,-0.00655720437592846,0.00793273459371165,-0.00103218463713237,-0.0628006855797578,-0.245894338257511,-0.164223578062421,-0.0419112423458747,-0.00446268769094225,-0.284372876440306,-0.0603227758645423,-0.123866163622196,-0.0211144720452399,-0.0925536917734824,-0.0475502874053827,-0.183603306646403,-0.00444536229085412,-0.255709418193549,-0.06221703185418,-0.131547258333327,-0.24756749982104,-0.00912868139448717,-0.215079464649091,-0.166593199115136,-0.0115724416477406,-0.146778511989447,-0.060666771714914,-0.00548599355659362,-0.0316584529570109,-0.119484678960216,-0.128100322256267,-0.0157179978002728,-0.435441261556129,-0.157144251764717,-0.234980106452285,-0.033325509998059,-0.100777748884961,-0.0130221858095763,0.000440220838680633,-0.00359928439488302,-0.0196047816602622,-0.0265101508987612,-0.0283092063705431,-0.0166496345915755,-0.0331045794570555,-0.0980443539200556,-0.0303388757437066,-0.116023917185553,-0.0189031689405753,-0.0169102200169527,-0.185774641984086,-0.0116747540747016,-0.0126927896747256,-0.0177025218776608,0.00498308884093538,-0.000845871862868635,-0.0344220824238486,-0.232505394859621
"X_Disa_bracteata",0.0342600050572806,-0.0273236559432036,-0.202890021980778,-0.0148338699816524,1,-0.139603291561515,0.11197781723069,0.0053404269133023,0.0761677004366836,0.113796256442896,-0.0143936124039594,-0.100487577658973,-0.158103510535512,-0.0959842670613773,0.011640353355203,-0.457175501265277,-0.119332957371806,-0.130298258056894,-0.00867268269013025,-0.221556972683402,0.0959391277699556,-0.0153964870804696,0.0587043689822069,-0.120147881638752,-0.0197775019536461,-0.281727117470747,-0.415493907338259,-0.009910265554606,-0.105008168576562,-0.321367263297235,0.107285096546838,-0.0720752164355148,-0.0411222721933477,0.0193985168079964,0.0179540733714302,-0.178402851347426,-0.00232352463248989,0.0280992536788183,-0.536908341475546,-0.0137688725307893,-0.297943774606383,-0.00445152886583639,-0.243416646697003,-0.00821163026761862,0.0732247787335331,0.045765950378082,-0.0421624230046401,-0.0536888129516365,-0.0511804704358142,-0.0162735224607185,-0.0275308576234867,-0.112848267746048,-0.0213470645438117,-0.206893398417481,-0.029701928831515,-0.000342609886508327,-0.149134015353017,0.0346129124361297,-0.00556310054773286,-0.0102711675107917,0.0901795145345784,0.0579307579277402,-0.0835541159764703,-0.0679237743929715
"X_Gladiolus_caryophyllaceus",-0.141824250142279,-0.00662835155526773,-0.14457145512787,-0.0534556144324403,-0.139603291561515,1,-0.058539090486643,-0.000454082643025895,-0.0100983488061043,-0.1020829019391,-0.240492245787649,-0.601882893328373,-0.375084992566514,-0.0250766550203401,-0.0114382455531312,-0.0303090144568527,-0.00279571279333849,-0.404022350909786,-0.0841610558351918,-0.0103967715167105,-0.214976241841487,-0.5167315754356,-0.0476139671242958,-0.620523961537662,-0.210892443374679,0.0144748582497576,-0.00255030250407114,-0.0403627789894912,-0.509485716977288,0.00650651200093368,-0.1222041242635,-0.382161993331071,-0.186708611642107,-0.00161083812040741,0.0288125334002242,-0.208986573562751,-0.42107388294116,-0.0779594749168858,-0.686884205649179,-0.457263680674772,-0.331990079512096,0.0221757332970068,-0.0127718567591758,-0.0262568936782103,-0.00563855272972442,0.00854548901807981,-0.00677731927153454,-0.0156642843643946,0.0119183609636509,-0.0487604798903666,-0.16402510510347,-0.217051078221962,0.0173344986597214,0.029440455738366,-0.0046875085030847,0.0147485080232769,-0.439039173707597,0.0170814086228626,-0.0874146856734108,-0.0122118530966637,-0.0146814257341698,-0.00154906868867204,0.00753602397741689,-0.567681374706913
"X_Hypochaeris_glabra",0.0893521923882285,-0.023008393658901,-0.217660942486361,0.00452037877313772,0.11197781723069,-0.058539090486643,1,0.0502180392483071,0.310821533760276,0.64329873005465,-0.00828410987876795,0.0752496053227971,-0.17139197664322,-0.0909580222709973,0.0485193924779509,-0.382070965984349,-0.0900437525815906,-0.131086625391921,-0.0013192901457953,-0.17444343199273,0.545131201466788,0.24957217714906,0.119941831461437,0.0196831701431046,-0.00928964926955307,-0.143403945643293,-0.302941355158092,-0.00182143450758706,0.0307643218466047,-0.206462695582899,0.589393900330741,-0.0433589791078522,-0.0304618014839808,0.0961654723435087,0.282574518738619,-0.191582208507472,0.19809178044781,0.0994125721641769,-0.521665045395272,0.130645434197515,-0.323173580228755,0.100000624002724,-0.243858127811485,-0.00859448779617119,0.359729859507735,0.19823994048377,-0.0336067643571437,-0.037758078223312,-0.0144522795614102,-0.00770705360048173,-0.0333264900155552,-0.118723439987096,0.114825782062032,-0.0741044552390797,0.0224514564415603,0.135196178131411,-0.117395729758248,0.269488093236722,0.00119004466223569,0.00796994236552663,0.490067540704044,0.180806713659981,-0.0144197252000304,0.110883555793003
"X_Sonchus_oleraceus",-0.0123304095412452,0.0015912734708938,-0.182709449229685,-0.00655720437592846,0.0053404269133023,-0.000454082643025895,0.0502180392483071,1,0.0615685254932007,0.0280744308015653,-0.155811621059122,-0.418002470116444,-0.340466856642817,-0.0484977491336802,0.0175007562642989,-0.157350487151643,-0.00559745818293164,-0.308990652861627,-0.034758582393508,-0.0510115982813903,-0.0627554130916496,-0.323136164376865,0.023692832618135,-0.482488781201625,-0.135870793616029,-0.00462695586642488,-0.0827822876677598,-0.0107962704073818,-0.395266731197306,-0.0199998825631509,0.0104651929927871,-0.277761948013589,-0.136857025598755,0.031368286690126,0.0761525726893095,-0.214015246306317,-0.264754610736222,-0.0156583861705653,-0.703095385938245,-0.313963410014716,-0.340013102299107,0.0556556377811364,-0.0527233677817457,-0.00203659826068527,0.0777074137180156,0.0603026422300477,-0.00135400562592653,-0.00282850785716004,0.0242834677552828,-0.0115851700393094,-0.0790954604927229,-0.190045784506928,0.0492601430811111,0.028735792549352,0.0167447542473293,0.0482567654317286,-0.341568681598445,0.066797205692753,-0.0305159081125366,0.00699234664560037,0.0609813808138253,0.0498932724984842,0.0151572163665888,-0.398995739728453
"X_Unknown_Bromus_grass",0.0381726444044294,-0.00224751440967673,-0.214032796735119,0.00793273459371165,0.0761677004366836,-0.0100983488061043,0.310821533760276,0.0615685254932007,1,0.298078883703285,-0.0662260948406322,-0.243845049938087,-0.263961911682939,-0.0727658177978775,0.051539566430771,-0.278748437339163,-0.0354871155927694,-0.230632757913175,-0.0152259564016348,-0.0855532069624469,0.183206736444873,-0.0981562927015673,0.109955631272588,-0.292105725067236,-0.0613245570394701,0.00819773337306054,-0.163279811022608,0.0104906832647931,-0.220176446502338,-0.074165201535033,0.247376042100066,-0.161836340994742,-0.0964827970916587,0.0927090783843477,0.294456193915799,-0.237627136962642,-0.0723794850750672,0.0437147780703842,-0.688481171421516,-0.134475379820532,-0.360623945641743,0.160422471582366,-0.143883952388671,0.00588295491927992,0.281691048787665,0.19799768282202,-0.00352424573361942,-0.00150848185749588,0.0662799795846904,-0.0087582832968315,-0.0503936297326709,-0.178752756542679,0.156174130067286,0.0566918160607678,0.0428130657734469,0.15376133853016,-0.268988747245693,0.273375781604081,0.00188340995745717,0.0281969191525386,0.290180570764983,0.193137719813428,0.0246930650809716,-0.214345265278044
"X_Ursinia_anthemoides",0.100021603816831,-0.0336985892061667,-0.212995548219117,-0.00103218463713237,0.113796256442896,-0.1020829019391,0.643298730054651,0.0280744308015653,0.298078883703285,1,-0.00139991448219151,0.133584956482153,-0.138108294549462,-0.110035322611099,0.0394799597209795,-0.465726798596567,-0.152520655274624,-0.109180800144038,-0.000353050764235705,-0.25392952292092,0.587217478425734,0.301811539686323,0.1063152577192,0.0643496055213195,0.000973347392072576,-0.279852279626203,-0.402006138584625,-0.00411289200395715,0.0489597859151092,-0.322489427545582,0.605688220967574,-0.00269366302403531,-0.0221243583821241,0.0794512836598297,0.164914575627036,-0.190235925966298,0.231029148616672,0.112766284185507,-0.497528830731761,0.172645887799326,-0.30236517871539,0.0373193661763131,-0.309396346644937,-0.0209301653354189,0.274256175484575,0.157313107478614,-0.0496972161839277,-0.0553372893892874,-0.0426750057900319,-0.0122505112595171,-0.0323013493047294,-0.105367383767558,0.0455936106607493,-0.17095655569717,-0.00798595459613361,0.061162648862125,-0.0912370629346225,0.15618631774769,-0.00826369417737752,-0.00475995194388951,0.433420317380617,0.169425186776579,-0.104602069418409,0.162029788784374
"Acacia_pulchella",-0.00107172295705319,-0.0821955269277472,-0.11540080850361,-0.0628006855797578,-0.0143936124039594,-0.240492245787649,-0.00828410987876795,-0.155811621059122,-0.0662260948406322,-0.00139991448219151,1,-0.0307607216309575,-0.0481042367215381,-0.0940407137701047,-0.0700072859206251,-0.539973338993279,-0.263017684269393,-0.0319723480456535,-0.0433109324133061,-0.313232694644225,0.0159578701808013,-0.0155112497018243,-0.0467533235960561,-0.038759462517917,-0.00797861597336549,-0.48755139354677,-0.514770604470535,-0.034661881814413,-0.0194638562886474,-0.498796888315529,0.00422093476844207,-0.0239796067815262,-0.0119954305563622,-0.128227794743827,-0.258111354086386,-0.0813049161534771,-0.00527294133229596,0.00193988106009477,-0.197731086675796,-0.0145701984933251,-0.129741887982061,-0.275268830099757,-0.376831288926239,-0.0786328313598821,-0.130163195621579,-0.142108412239266,-0.129386428157264,-0.154976182691554,-0.213887749046935,-0.0537693600035952,-0.0374300828937945,-0.0368220883388899,-0.241997645638258,-0.431259716526667,-0.10946995232921,-0.215525108822458,-0.0427446310097229,-0.211590267599187,-0.0481093981782523,-0.127568980437772,-0.0546354286354084,-0.13417411033918,-0.274290023968612,-0.0229060519140943
"Adenanthos_obovatus",0.0239503292824503,-0.244277131179434,-0.22652821683214,-0.245894338257511,-0.100487577658973,-0.601882893328373,0.0752496053227971,-0.418002470116444,-0.243845049938087,0.133584956482153,-0.0307607216309575,1,-0.0155025653471515,-0.208420951351461,-0.232345536702652,-0.743569493914752,-0.666104212309296,-0.00435488020704961,-0.210970560690212,-0.719185007179666,0.456421290699446,0.790004364487361,-0.222169859077708,0.735054282414566,0.00445695633287986,-0.81424152220741,-0.766628859104142,-0.103702094908993,0.393024334325276,-0.845521554118453,0.193828897150395,0.213824649268536,0.00505720261033304,-0.363548244234237,-0.577644461687625,-0.0947814250733901,0.426809495340943,0.0655505542996033,-0.0582107348473967,0.409283078076606,-0.0789195488339607,-0.598114971865662,-0.767210947354913,-0.271620431017277,-0.364915999154751,-0.413878693510231,-0.402569042321153,-0.433627643450187,-0.442605753215792,-0.2127741281213,-0.101960713227828,-0.0341750233570801,-0.553953549634899,-0.717224708139255,-0.328311388852934,-0.536089662921094,0.10360472562853,-0.522769541050804,-0.198128709735847,-0.423720828012737,-0.160853331082378,-0.396588786461373,-0.644636436988297,0.776651944662205
"Allocasuarina_fraseriana",-0.105465837495851,-0.161920686508337,-0.141511108100757,-0.164223578062421,-0.158103510535512,-0.375084992566514,-0.17139197664322,-0.340466856642817,-0.263961911682939,-0.138108294549462,-0.0481042367215381,-0.0155025653471515,1,-0.145207737598985,-0.178019220040305,-0.607529198613552,-0.383601769566828,-0.0281006033516555,-0.121688553708009,-0.510981927172956,-0.0734490603984205,-0.0183709199886669,-0.238135982786322,-0.012510430731331,-0.0325674835825806,-0.660666792630329,-0.635487074352956,-0.0813591982565907,-0.0224015851022095,-0.680691734768826,-0.112902931868543,-0.0192373426173703,-0.0230265050378,-0.327809278626954,-0.503002219416253,-0.0673677674518652,-0.024736877819438,-0.0340853998349869,-0.107817374021424,-0.0106046731626084,-0.0962142295879813,-0.486322611765189,-0.481487791422306,-0.208052845009514,-0.343064586021746,-0.374667078016991,-0.242052581968517,-0.279193680174046,-0.336157860981566,-0.142089407313298,-0.067726704983734,-0.039606580720129,-0.451170873844772,-0.586282598739634,-0.222220157981537,-0.443975387769246,-0.0301101695615398,-0.427210828885159,-0.16019574394875,-0.268205274397562,-0.218057370513723,-0.326466460523615,-0.472634546107804,-0.0205559999913906
"Astartea_scoparia",-0.103532889584155,-0.0226300382494028,-0.0456790115102479,-0.0419112423458747,-0.0959842670613773,-0.0250766550203401,-0.0909580222709973,-0.0484977491336803,-0.0727658177978775,-0.110035322611099,-0.0940407137701047,-0.20842095135146,-0.145207737598985,1,-0.0387542671965402,-0.0801034284873047,-0.0227765310129453,-0.128777298726081,-0.057619774397331,-0.0289415891851569,-0.140675355363418,-0.207515272867724,-0.077692942428959,-0.225875976390258,-0.0772772032908677,-0.0529242638215375,-0.05848010808198,-0.0334861548119916,-0.189512116211051,-0.0546353101282125,-0.116417685417213,-0.127672238680364,-0.0741630340308757,-0.0428575639912646,-0.0542248115354963,-0.0641783628150629,-0.175524031797444,-0.052626857807653,-0.208889937471201,-0.179187382826895,-0.0968420707626388,-0.0459114895066718,-0.0327415118713135,-0.03127808877256,-0.0647185363173071,-0.0591807088387928,-0.0209785465447562,-0.0315410497972447,-0.0328817428749961,-0.0440698602507906,-0.075357371495448,-0.066890236981652,-0.0409794937367887,-0.0430717968135244,-0.0345019236189898,-0.0524775646645996,-0.150909047882614,-0.0571686367110254,-0.0524829322282672,-0.0361331318490904,-0.0592792953389102,-0.0662670389756999,-0.0331388193519258,-0.201618249311804
"Banksia_attenuata",-0.000411713926352535,-0.00292415584812203,-0.125254011658338,-0.00446268769094225,0.011640353355203,-0.0114382455531312,0.0485193924779509,0.0175007562642989,0.051539566430771,0.0394799597209795,-0.0700072859206251,-0.232345536702652,-0.178019220040305,-0.0387542671965402,1,-0.152179822211409,-0.0143950459239065,-0.172989912362037,-0.00914642377277384,-0.0528939836651724,-0.0136541014833403,-0.16382696520904,0.0200169940189299,-0.248520075849866,-0.0665050243987993,-0.0388547008837499,-0.106430511633575,-0.00685338435568114,-0.205664864208981,-0.0403765813563191,0.015413590626305,-0.160883443105221,-0.0639922204386879,0.0240736322549455,0.0605383646731327,-0.130930729715865,-0.126776746485019,-0.00516237051055362,-0.474645503487346,-0.165743702526448,-0.228230370717538,0.0366029230116262,-0.0516322593693236,-0.00368588553179089,0.0631533470766587,0.0501866771825591,-0.00673039946512586,-0.00627337655430603,0.0186003167486216,-0.00859389524498566,-0.0396648312411592,-0.107383743989095,0.0386369689123404,-0.00247527240583811,0.0113723144951766,0.0294596960492983,-0.204229337036772,0.0601287540965935,-0.00977446193385324,0.00446817195470048,0.0570402919694321,0.0395526142699809,-0.000340218236028729,-0.223509055287375
"Banksia_ilicifolia",-0.493938456237283,-0.14827640947628,-0.186544887397377,-0.284372876440306,-0.457175501265277,-0.0303090144568527,-0.382070965984349,-0.157350487151643,-0.278748437339163,-0.465726798596567,-0.539973338993279,-0.743569493914752,-0.607529198613552,-0.0801034284873047,-0.152179822211409,1,-0.0448929529414969,-0.634267703973455,-0.458966796061207,0.00161674201867186,-0.578227080849042,-0.731652742022832,-0.36545764950892,-0.753492239121928,-0.480616737460522,0.204935041891613,0.331827542578056,-0.181648693167583,-0.672180434452081,0.101003664829972,-0.502870679885714,-0.538779430918167,-0.381761845513983,-0.157509771938739,0.0968593471509805,-0.246044847872661,-0.686153852371092,-0.239283251987785,-0.63919571512348,-0.675491293689486,-0.294206395305862,0.0250052893676728,0.0010388731928069,-0.23428234704462,-0.223593268605769,-0.118106597054458,-0.0972923138943633,-0.140851798183798,-0.0251044923909681,-0.338918081844027,-0.468060400954244,-0.314896152895982,0.00699501147491603,0.249177741995158,-0.149391681235221,-0.0238728998088759,-0.619771505947343,-0.036211939230935,-0.410477189953852,-0.202564509963682,-0.234261820676144,-0.254853410874413,-0.00105512602231855,-0.731798334415854
"Boronia_sp_",-0.142173704527999,-0.00943848560477648,-0.140562666228103,-0.0603227758645423,-0.119332957371806,-0.00279571279333849,-0.0900437525815906,-0.00559745818293164,-0.0354871155927694,-0.152520655274624,-0.263017684269393,-0.666104212309296,-0.383601769566828,-0.0227765310129453,-0.0143950459239065,-0.0448929529414969,1,-0.350809061423875,-0.0896060491146409,-0.0130976446146456,-0.274812443641512,-0.598725800763785,-0.0550006416056487,-0.668844980575808,-0.220301246357193,0.00292179851881724,-0.016574653066697,-0.0477733658152993,-0.554139264275924,-0.00160967812634958,-0.193676610101963,-0.379205793230072,-0.18710867106407,-0.0107491617200417,0.0116072843973914,-0.202927686303141,-0.474963310958359,-0.0986694912665285,-0.692276689219419,-0.518625464181235,-0.314019747619167,0.00789595934243041,-0.0227484525208305,-0.0250329971151476,-0.0159110571255209,3.85126421537469e-05,-0.0087537243313418,-0.017337350820761,0.00149318052123372,-0.0613376260348308,-0.168846302149142,-0.223693807120568,0.0118104915004073,0.00805064682073078,-0.0100013319734111,0.000576573468656975,-0.430248895941442,0.00298380769106539,-0.0811899162996851,-0.0251659246269015,-0.0356807911958673,-0.0203046717618958,-0.000694731924609473,-0.640226367439384
"Caladenia_flava",-0.0933722256071703,-0.132403505217688,-0.11674605879617,-0.123866163622196,-0.130298258056894,-0.404022350909787,-0.131086625391921,-0.308990652861627,-0.230632757913175,-0.109180800144038,-0.0319723480456535,-0.00435488020704961,-0.0281006033516555,-0.128777298726081,-0.172989912362037,-0.634267703973455,-0.350809061423875,1,-0.120153616565593,-0.465079887437507,-0.0506066461358298,-0.0126810565378038,-0.194096365411654,-0.00146500543635762,-0.016012056575028,-0.677561060201614,-0.678138315539904,-0.0642391729303113,-0.00397523782571131,-0.683860859537279,-0.0979864909739401,-0.00404051759297879,-0.0145921120449077,-0.284584986552202,-0.514490921303488,-0.0619187642739483,-0.0189958647536608,-0.0266336254575351,-0.0998648650442905,-0.0152341561700903,-0.0655894165580399,-0.494013041650246,-0.498010864630922,-0.167197270088517,-0.305192123704349,-0.347891169519933,-0.238568986535082,-0.258526986352138,-0.347341635556702,-0.114289967516786,-0.0571477710878778,-0.0232264873262211,-0.454246900260634,-0.612570207126095,-0.227159859384286,-0.410899591097481,-0.00672767595808798,-0.453150680186796,-0.141887725678716,-0.246221730895115,-0.198268720085709,-0.282476754302122,-0.456208455364165,-0.00422287357675728
"Caladenia_sp_",-0.00639904926679836,-0.0231514669562915,-0.113171308766122,-0.0211144720452399,-0.00867268269013026,-0.0841610558351918,-0.0013192901457953,-0.0347585823935081,-0.0152259564016348,-0.000353050764235705,-0.0433109324133061,-0.210970560690212,-0.121688553708009,-0.057619774397331,-0.00914642377277384,-0.458966796061207,-0.0896060491146409,-0.120153616565593,1,-0.158256498684264,-0.025474051462356,-0.129591077020004,-0.0157387186091162,-0.234254229116814,-0.0371218315244202,-0.242898159701457,-0.422188183046785,-0.00957760032110601,-0.173941738309985,-0.318232071014254,-0.00882427694759068,-0.117011616736922,-0.0543333572366423,-0.0319010392585329,-0.0898671064292399,-0.126316279941601,-0.0919934775195019,-0.0105216270123728,-0.431783317140962,-0.117664685847565,-0.210122808425602,-0.105086127127659,-0.185666317659417,-0.024959255531099,-0.0225087853038492,-0.032631818048562,-0.0587599407807724,-0.0479322840418366,-0.0729712001623219,-0.014549624903074,-0.0315482341625123,-0.0812520173951626,-0.0784638165060397,-0.236650145956516,-0.0288464715377131,-0.06002945115915,-0.197499012321195,-0.0558978670664086,-0.0250968182886278,-0.0308574734218364,-0.00858866928719041,-0.0259205582474663,-0.110406357941309,-0.183553417903698
"Calytrix_angulata",-0.267127601194031,-0.0414670039482504,-0.134566775363812,-0.0925536917734824,-0.221556972683402,-0.0103967715167105,-0.17444343199273,-0.0510115982813903,-0.0855532069624469,-0.25392952292092,-0.313232694644225,-0.719185007179666,-0.510981927172956,-0.0289415891851569,-0.0528939836651724,0.00161674201867186,-0.0130976446146456,-0.465079887437507,-0.158256498684264,1,-0.382618818312549,-0.668321900940143,-0.143145642417803,-0.745175528913876,-0.285010182307509,0.0155675384141171,0.0125146200163136,-0.071494906037326,-0.599205434294315,0.0116122759062767,-0.28952434648884,-0.45123228203899,-0.236213264387498,-0.0404531272320904,-0.00313905835686309,-0.186861033502534,-0.573189094454992,-0.143231351845792,-0.711577790689359,-0.572707443758104,-0.323918198459026,0.00059533977414026,-0.0119085096655413,-0.0956945247863836,-0.0767531677373653,-0.0415141550788008,-0.0272508367761319,-0.0436252314154865,-0.0136558303355129,-0.109569750878685,-0.231098882854774,-0.245950644520217,-0.00796262310358316,0.0188219669085019,-0.040112584901427,-0.0209343951398846,-0.51216616858517,-0.0253356171954597,-0.131189738620337,-0.0524430186269915,-0.0854638818096527,-0.0765911399296702,-0.00417294573466544,-0.699869189504254
"Chamaescilla_corymbosa",0.0961766629737673,-0.0704021770268067,-0.213179759445828,-0.0475502874053827,0.0959391277699556,-0.214976241841487,0.545131201466788,-0.0627554130916496,0.183206736444873,0.587217478425734,0.0159578701808013,0.456421290699446,-0.0734490603984205,-0.140675355363418,-0.0136541014833403,-0.578227080849042,-0.274812443641512,-0.0506066461358298,-0.025474051462356,-0.382618818312549,1,0.603942788756041,0.0894441361556352,0.379773759244553,0.0173172205357182,-0.471082678774531,-0.538350989502071,-0.0147667705431034,0.239104083744228,-0.496303714138842,0.614416351236276,0.101116389415625,-0.00207243209729241,-0.000843010858559094,-0.0556787092897997,-0.162583198336665,0.394626433746467,0.127855946528664,-0.337749060503702,0.327368688004389,-0.231437583065129,-0.14889443282507,-0.449044846956905,-0.0592003927652271,0.129066651752738,0.0480431093131467,-0.126677589957568,-0.129427556356504,-0.172282984194706,-0.0508202064868799,-0.0412867533627583,-0.074465443615235,-0.0987812901494333,-0.352821922259964,-0.0946683709540386,-0.0771041487712355,0.0051998927009831,-0.00923769443969664,-0.0229387998685059,-0.0649679064127566,0.294655354645882,0.0252315068117415,-0.219407554889298,0.470980271633227
"Dasypogon_bromeliifolius",0.0542329027470748,-0.180558012201852,-0.237023745271981,-0.183603306646403,-0.0153964870804696,-0.5167315754356,0.24957217714906,-0.323136164376865,-0.0981562927015673,0.301811539686323,-0.0155112497018243,0.790004364487361,-0.0183709199886669,-0.207515272867724,-0.16382696520904,-0.731652742022832,-0.598725800763785,-0.0126810565378038,-0.129591077020004,-0.668321900940143,0.603942788756041,1,-0.0890224923993435,0.711842407325753,0.0160826779932097,-0.766462966915028,-0.737808415607779,-0.0849329106304176,0.39226247429328,-0.789318511751066,0.364740222703312,0.218355260166278,0.00623645219080963,-0.246847327227588,-0.436516111162834,-0.11927750438221,0.476150564686761,0.095237086727599,-0.0977442861720044,0.422155013830639,-0.122949464633838,-0.491717134369775,-0.721538423785257,-0.183360919810762,-0.216595024740316,-0.264087268494408,-0.302589681222714,-0.337200565260753,-0.376752894299854,-0.164341608727002,-0.0814192935304691,-0.0408160855187564,-0.438439880723455,-0.64419694609255,-0.273028964653279,-0.412796726451355,0.0926924332192827,-0.37980095886342,-0.127994113221279,-0.307536141673896,-0.0200201447953111,-0.258366471103943,-0.533416087062711,0.784017375810888
"Eriochilus_dilatatus",0.0216080851675807,-0.0139606172470376,-0.207751581539429,-0.00444536229085412,0.0587043689822069,-0.0476139671242958,0.119941831461437,0.023692832618135,0.109955631272588,0.1063152577192,-0.0467533235960561,-0.222169859077708,-0.238135982786322,-0.0776929424289589,0.0200169940189299,-0.36545764950892,-0.0550006416056487,-0.194096365411654,-0.0157387186091162,-0.143145642417803,0.0894441361556352,-0.0890224923993435,1,-0.248181655873885,-0.0449016365588386,-0.160660120740329,-0.322933769393475,-0.00421031619843173,-0.193313036844155,-0.196495373140615,0.110903649973869,-0.128756755861323,-0.0652369706859404,0.0466181053271152,0.0800184811033586,-0.20673980469174,-0.0676637054470104,0.0213547801112462,-0.620451372162485,-0.0825946455345496,-0.343988793954898,0.0488001387256292,-0.211574679364475,-0.000862756218834297,0.123295730848022,0.0852923720720548,-0.0208917329618023,-0.0217055499074737,-0.024797882048765,-0.0125908260833701,-0.0396257770763824,-0.154312943806647,0.0465551436844578,-0.0959651190176814,0.00821063079087835,0.0410590139686452,-0.216627439318877,0.0877266683251488,-0.00676090250468323,0.00300629061273051,0.112106022879789,0.0847153233264194,-0.0335056240411187,-0.177404035493064
"Euchilopsis_linearis",-0.0136533786105327,-0.269328711370669,-0.226616941525767,-0.255709418193549,-0.120147881638752,-0.620523961537662,0.0196831701431046,-0.482488781201625,-0.292105725067236,0.0643496055213195,-0.038759462517917,0.735054282414566,-0.012510430731331,-0.225875976390258,-0.248520075849866,-0.753492239121928,-0.668844980575808,-0.00146500543635762,-0.234254229116814,-0.745175528913876,0.379773759244553,0.711842407325753,-0.248181655873885,1,0.00214530988074096,-0.851017823728913,-0.778410485502775,-0.120090433422967,0.377984033807864,-0.870269935030894,0.162936404095908,0.211398032846699,0.00087414054892845,-0.428018124080364,-0.620643207539488,-0.0803729980485148,0.398492016011845,0.0573606626808245,-0.0320008423989845,0.397074483689383,-0.0707295844845355,-0.652055927129371,-0.774875156879767,-0.300111324363326,-0.421758882760278,-0.466832974626859,-0.445345403594605,-0.462010168712017,-0.461506798412193,-0.239086848795919,-0.12973046222604,-0.036944556564807,-0.581219991172639,-0.740020000430662,-0.353800707922534,-0.587679845516129,0.106644774923619,-0.563191911838269,-0.214239323723654,-0.44770656867532,-0.209295369174659,-0.440041712021532,-0.646233844941288,0.710859078834553
"Gompholobium_tomentoseum",-0.00878116316212965,-0.0598593662567892,-0.102800678049222,-0.06221703185418,-0.0197775019536461,-0.210892443374679,-0.00928964926955307,-0.135870793616029,-0.0613245570394701,0.000973347392072576,-0.00797861597336549,0.00445695633287986,-0.0325674835825806,-0.0772772032908677,-0.0665050243987993,-0.480616737460522,-0.220301246357193,-0.016012056575028,-0.0371218315244202,-0.285010182307509,0.0173172205357182,0.0160826779932097,-0.0449016365588386,0.00214530988074096,1,-0.44728479383588,-0.495082846730964,-0.0309437341963208,0.000180136835433111,-0.447171487439425,0.0086888687187023,-0.00083713899642008,-0.00865705229933893,-0.127129887684797,-0.226820206173066,-0.0636375714481069,0.0145042775881771,0.00253617506737626,-0.107856694370092,0.00754696390005138,-0.0877112737707417,-0.237455359346347,-0.291060318561625,-0.0684198502582073,-0.108718826108768,-0.140782204018577,-0.124689285093856,-0.126004452285567,-0.174927221025523,-0.0607286995831092,-0.0285659307961635,-0.0275535069041939,-0.218366203028,-0.378717363791172,-0.109700952133345,-0.175104703153774,-0.0144643310469098,-0.178469127481691,-0.0440577465284909,-0.117891104020825,-0.0391380014880767,-0.118682790089641,-0.265429640806539,0.00524073352468206
"Hibbertia_stellaris",-0.325122133197924,-0.0274128698299906,-0.248623858696296,-0.131547258333327,-0.281727117470747,0.0144748582497576,-0.143403945643293,-0.00462695586642488,0.00819773337306054,-0.279852279626203,-0.48755139354677,-0.81424152220741,-0.660666792630329,-0.0529242638215375,-0.0388547008837499,0.204935041891613,0.00292179851881724,-0.677561060201614,-0.242898159701457,0.0155675384141171,-0.471082678774531,-0.766462966915028,-0.160660120740329,-0.851017823728913,-0.44728479383588,1,0.280438209904915,-0.112119950337116,-0.735602375288204,0.117232819714112,-0.330568481706322,-0.54960132307586,-0.355278304015929,0.0279608203800843,0.308593108127917,-0.325133603522262,-0.689959223131055,-0.185621168646332,-0.848874116182935,-0.717829330953719,-0.391951463498765,0.189936860343494,0.00594106272506419,-0.103330996521331,0.0700118423063474,0.104500649869161,-0.0266556574922844,-0.0560901512743972,0.115034045993626,-0.189411045805643,-0.357259370166202,-0.341298548055701,0.155294351284823,0.322470629050803,-0.0216291914986828,0.137428177887553,-0.664130335342359,0.204315896756158,-0.238315345891423,-0.025908640741971,0.0266502665140863,-0.0161936752616783,0.0551084295441398,-0.798872393903805
"Hibbertia_subvaginata",-0.431721229762826,-0.100598628588835,-0.203777236918159,-0.24756749982104,-0.415493907338259,-0.00255030250407114,-0.302941355158092,-0.0827822876677598,-0.163279811022608,-0.402006138584625,-0.514770604470535,-0.766628859104142,-0.635487074352956,-0.05848010808198,-0.106430511633575,0.331827542578056,-0.016574653066697,-0.678138315539904,-0.422188183046785,0.0125146200163136,-0.538350989502071,-0.737808415607779,-0.322933769393475,-0.778410485502775,-0.495082846730964,0.280438209904915,1,-0.164278535795119,-0.703100570534109,0.130732587985706,-0.457032484172726,-0.5488848912239,-0.403992860486631,-0.0691155306325886,0.226798064142349,-0.276866723054344,-0.690396095872847,-0.228910553978295,-0.708913142527919,-0.683561836586692,-0.336029049879978,0.140169390118691,0.0046363081561629,-0.177183788842095,-0.110907714002806,-0.0223502292012405,-0.0695295801779113,-0.115122308295446,0.0402534066896073,-0.300073039643045,-0.428492867365431,-0.334234920335673,0.0765172302738326,0.354310483373206,-0.127033585980156,0.0556068015098914,-0.666955028720157,0.0721712729150999,-0.36871317565671,-0.127777017726102,-0.136974025545951,-0.159630877935302,0.0330759424244896,-0.748842795053219
"Hypocalymma_angustifolium",-0.00967333335118762,-0.0145189913754112,-0.0806574504527532,-0.00912868139448717,-0.009910265554606,-0.0403627789894912,-0.00182143450758706,-0.0107962704073818,0.0104906832647931,-0.00411289200395715,-0.034661881814413,-0.103702094908993,-0.0813591982565907,-0.0334861548119916,-0.00685338435568114,-0.181648693167583,-0.0477733658152993,-0.0642391729303113,-0.00957760032110601,-0.071494906037326,-0.0147667705431034,-0.0849329106304176,-0.00421031619843173,-0.120090433422967,-0.0309437341963208,-0.112119950337116,-0.164278535795119,1,-0.0870661078752425,-0.119221179744221,-0.00917131953929248,-0.0576444104981864,-0.0318369724038684,-0.00380138143489778,-0.0201251800303316,-0.0752174192018402,-0.063990933505915,-0.0100686088508368,-0.219620612622953,-0.0695397688447791,-0.113799032557711,-0.0252008361428833,-0.112365190244529,-0.0110978893210972,0.00877242310403569,-0.000475357545020472,-0.0217068802841759,-0.0253482123383171,-0.0313272840625239,-0.0138516929160996,-0.0183843609142838,-0.0506360643458081,-0.0147003790875893,-0.0723579447440984,-0.0113263824066089,-0.0116097699163678,-0.0819965642853163,-0.00322995687385968,-0.0117224603371646,-0.00912517528021665,0.011995940109782,0.00571277598867594,-0.0357910586402583,-0.0971374346185082
"Hypolaena_exsulca",0.00320889278260185,-0.210338047216346,-0.186849142938385,-0.215079464649091,-0.105008168576562,-0.509485716977288,0.0307643218466047,-0.395266731197306,-0.220176446502338,0.0489597859151092,-0.0194638562886474,0.393024334325276,-0.0224015851022095,-0.189512116211051,-0.205664864208981,-0.672180434452081,-0.554139264275925,-0.00397523782571131,-0.173941738309985,-0.599205434294315,0.239104083744228,0.39226247429328,-0.193313036844155,0.377984033807864,0.000180136835433111,-0.735602375288204,-0.703100570534109,-0.0870661078752425,1,-0.760915350706621,0.109394041809929,0.151508927034847,0.000671688620749899,-0.326634683669156,-0.496933689933611,-0.0790625590489946,0.272483546892238,0.0418943071021047,-0.0679144030457018,0.265528141903707,-0.0760042312713731,-0.533900785763127,-0.672114266711685,-0.211913896439062,-0.327285990855093,-0.343919755534494,-0.31705948875618,-0.383256170137077,-0.396146303830652,-0.177232957658073,-0.0921597388324875,-0.0360214573860627,-0.489858436870379,-0.6410856944453,-0.298106850951262,-0.464720308220743,0.072912452084377,-0.45259722603685,-0.177309301397826,-0.369692446232954,-0.155874180847246,-0.321056628534118,-0.55542879706767,0.385329944557166
"Kunzea_ericifolia",-0.359959919147504,-0.0377508314923679,-0.249580208317145,-0.166593199115136,-0.321367263297235,0.00650651200093368,-0.206462695582899,-0.0199998825631509,-0.074165201535033,-0.322489427545582,-0.498796888315529,-0.845521554118453,-0.680691734768826,-0.0546353101282125,-0.0403765813563191,0.101003664829972,-0.00160967812634958,-0.683860859537279,-0.318232071014254,0.0116122759062767,-0.496303714138842,-0.789318511751066,-0.196495373140615,-0.870269935030894,-0.447171487439425,0.117232819714112,0.130732587985706,-0.119221179744221,-0.760915350706621,1,-0.372844160086507,-0.566487553795022,-0.369533608705822,-0.00710827365566782,0.112797631392024,-0.310477438197375,-0.705257977856383,-0.190940990764807,-0.862235377721917,-0.724722013243664,-0.391696726792518,0.108658428856556,0.000843476760817397,-0.110989286400669,-0.0137123045892004,0.032248484056904,-0.0331514779625692,-0.0627115018089441,0.0458622836815879,-0.202874323393142,-0.353946458060215,-0.333588651261424,0.0757011393586578,0.133502181789609,-0.0529554111307717,0.049233784377666,-0.708808877631637,0.0770327180131594,-0.280888315159852,-0.0562916321287107,-0.0383769884091168,-0.0395876891103015,0.0293618508175242,-0.815488421633527
"Lagenophora_huegelii",0.0911686132751716,-0.0440359273146729,-0.214067867803615,-0.0115724416477406,0.107285096546838,-0.1222041242635,0.589393900330741,0.0104651929927871,0.247376042100066,0.605688220967574,0.00422093476844207,0.193828897150395,-0.112902931868543,-0.116417685417213,0.015413590626305,-0.502870679885714,-0.193676610101963,-0.0979864909739401,-0.00882427694759068,-0.28952434648884,0.614416351236276,0.364740222703312,0.110903649973869,0.162936404095908,0.0086888687187023,-0.330568481706322,-0.457032484172726,-0.00917131953929248,0.109394041809929,-0.372844160086507,1,0.0158991672528739,-0.0135974670344711,0.056172978201718,0.0490099861963113,-0.185245557475377,0.248330057955556,0.106938088090829,-0.427984301621201,0.195122937146238,-0.273015775088943,-0.0354654346900867,-0.33616826164388,-0.0367880805536039,0.244706352425605,0.11474004469832,-0.0672337525062133,-0.0715044292101941,-0.0996711346873941,-0.0160400307943839,-0.0353089168919813,-0.0968402155207058,0.0100920286700417,-0.223991609063534,-0.0327235865946083,0.0350778465360007,-0.0643863828805179,0.105808596616904,-0.00749887171917042,-0.0210801916172279,0.370102844522257,0.10968362895567,-0.109782858185349,0.248361436362949
