"","X_Aira_sp_","X_Briza_maxima","X_Briza_minor","X_Carpobrotus_edulis","X_Disa_bracteata","X_Gladiolus_caryophyllaceus","X_Hypochaeris_glabra","X_Sonchus_oleraceus","X_Unknown_Bromus_grass","X_Ursinia_anthemoides","Acacia_pulchella","Adenanthos_obovatus","Allocasuarina_fraseriana","Astartea_scoparia","Banksia_attenuata","Banksia_ilicifolia","Boronia_sp_","Caladenia_flava","Caladenia_sp_","Calytrix_angulata","Chamaescilla_corymbosa","Dasypogon_bromeliifolius","Eriochilus_dilatatus","Euchilopsis_linearis","Gompholobium_tomentoseum","Hibbertia_stellaris","Hibbertia_subvaginata","Hypocalymma_angustifolium","Hypolaena_exsulca","Kunzea_ericifolia","Lagenophora_huegelii","Lepidosperma_longitudinale","Lepidosperma_squarrosa","Leucopogon_racemulosus","Levenhookia_pusilla","Lomandra_sp_","Macrozamia_riedlei","Melaleuca_preissiana","Orthrosanthus_laxus","Patersonia_occidentalis","Pericalymma_ellipticum","Phyllangium_paradoxum","Platytheca_galioides","Podolepis_gracilis","Podotheca_gnaphalioides","Poranthera_microphylla","Pterostylis_nana","Pterostylis_vittata","Pulteneaea_reticulata","Restionaceae","Restionaceae_sp_","Schoenus_sp1","Scholtzia_involucrata","Siloxerus_filifolius","Stylidium_brunonianum","Stylidium_piliferum","Stylidium_repens","Thelymitra_sp1","Thelymitra_sp2","Thysanotus_thyrsoideus","Trachymene_pilosa","Unknown_native_herb","Unknown_native_shrub","Xanthorrhoea_preissii"
"X_Aira_sp_",0,0.162326376745618,0.0770025226122228,0.19074757882721,0.28349131610994,0.183717041168143,0.253181371370076,0.239601451306281,0.263265780269323,0.255895923262252,0.187717718193889,0.211997015292801,0.200696429097325,0.0880165137403988,0.173951959633604,0.154412564203835,0.169476238677461,0.187243278224743,0.221270496452879,0.156349192195016,0.244415725707854,0.223602607744565,0.270455387425583,0.2125503802578,0.161531082529147,0.225652200196346,0.169559159067847,0.123962489936521,0.193873107878411,0.229146197008188,0.245070732164226,0.158847233670252,0.127297675493924,0.22621957423615,0.244003504549896,0.0748737048639967,0.223388592672909,0.102251130255349,0.179538610007798,0.208685918098476,0.104192012756742,0.232942309487518,0.161263101215264,0.195394120729219,0.254467169777888,0.247562215110877,0.156078410436891,0.199568180272636,0.172104218356241,0.2089843165424,0.18313371213722,0.113741391098324,0.233825678184185,0.196052892788446,0.163834075192034,0.239968539219115,0.166534566678763,0.250874885222957,0.226841608756307,0.21646720326446,0.223744047590488,0.262444706853435,0.200390567605929,0.211344004542946
"X_Briza_maxima",0.162326376745617,0,0.0355684135935345,0.110279058615577,0.174515126679982,0.118766812848461,0.18367492911558,0.150352353871758,0.186261297742615,0.182495774153849,0.0979381179043945,0.132620025537951,0.101910971902673,0.0435859329418938,0.110108997315058,0.0946251597193474,0.102576899834383,0.087812274951406,0.117204574795165,0.093421716754445,0.169076218097643,0.14428491333868,0.177784766686637,0.130323238871105,0.0767434552202783,0.141405714200406,0.104494677085733,0.0699722679081964,0.116287177042917,0.142377800123759,0.173929555120956,0.0913375897137176,0.0619100702866757,0.152892684350745,0.175154712509085,0.038028456516603,0.140110323733556,0.066150560726113,0.106125160949641,0.12748081899286,0.0570537380377581,0.162209408769855,0.0979749967194047,0.107642736422233,0.183033729960963,0.169512686646432,0.0964268205890898,0.106031491033359,0.11184648991919,0.113639505728746,0.0951461873890464,0.0570389572983154,0.167789180065476,0.135365359801934,0.100519983892932,0.164614933365056,0.0872619618700963,0.177406817021805,0.12333436318535,0.137971186050559,0.162796959859506,0.175502895434465,0.132538580700387,0.130949510696851
"X_Briza_minor",0.0770025226122228,0.0355684135935345,0,0.0465404910055102,0.0826220557610613,0.0576471153183837,0.0892227281478021,0.0720163683677067,0.0886239611908118,0.0929281026415558,0.0572643284022368,0.115024879625711,0.0675517384982532,0.022058465321345,0.0467844042548279,0.0820056077013821,0.0531064722801498,0.0571482557387706,0.0482685821522225,0.0589068199692703,0.0988935054629682,0.11485834512151,0.0829142167233847,0.114307143260966,0.0470052531954859,0.102723359527626,0.0906639797657051,0.0335176130446117,0.0937338746189992,0.0985072771911309,0.0931867962997174,0.0706499078325119,0.0390843941064863,0.0697129013705481,0.0999024206610971,0.0204339388693402,0.101537458149263,0.0370405814961758,0.0710514363186268,0.0974277194836028,0.035896130004992,0.0919811016441382,0.0547604490091705,0.0417635740438117,0.0901825358891847,0.083661369160599,0.0384201156699451,0.0460596660232691,0.0604596597675228,0.0498192113898438,0.044127582465405,0.0347316721149977,0.0909186341437903,0.0957969003379124,0.0512502720227337,0.0893236480685104,0.0666843913982507,0.0952979052595142,0.049647433837589,0.0614454632448425,0.0787964779543595,0.0870666114010016,0.0737946701268369,0.113224342856712
"X_Carpobrotus_edulis",0.19074757882721,0.110279058615577,0.0465404910055102,0,0.199880657019255,0.146939349068958,0.216104739202265,0.182137382749874,0.22077932692128,0.217091011801923,0.122139493907783,0.18349241126066,0.124963060908777,0.053014171646127,0.12493776956614,0.130531345477806,0.135822876069466,0.117070298160895,0.136486900320741,0.116432403985615,0.207358452113887,0.190010782531298,0.21407470149359,0.17913129600404,0.0982142240863177,0.18434149729991,0.148873083940099,0.0867338304205361,0.159506121336453,0.183013389925671,0.208696882768451,0.120797618904418,0.0817153025177077,0.178456339546312,0.219906982863001,0.0457382449462021,0.183047225107913,0.0799086671963496,0.138102590550266,0.164620831626214,0.0730202741365731,0.205691217229981,0.111551117997083,0.131163460005743,0.21715683116874,0.209776974060566,0.112411338394902,0.130584870632702,0.142858136889301,0.132151775288725,0.118202757132283,0.074269612029958,0.203940301913906,0.180967330848797,0.122905665305096,0.204772443749672,0.121949734028811,0.215404468773822,0.147061474700562,0.162605206627435,0.196787922065175,0.207288353720305,0.169646809591863,0.180104468689895
"X_Disa_bracteata",0.28349131610994,0.174515126679982,0.0826220557610613,0.199880657019255,0,0.19796364383302,0.225884630641152,0.241989418908573,0.246067103564041,0.230505030474476,0.192825272484451,0.237845074982128,0.210294347912709,0.0901712374004686,0.174014440512525,0.182309633500677,0.185310379143218,0.194403693260216,0.230448587444888,0.169630499002148,0.230439674201201,0.241075854505002,0.256268975409786,0.233120961680862,0.164345474704583,0.239279544347512,0.198230834838271,0.12512208436288,0.216763599365104,0.238629242534889,0.226639712770837,0.171215328119036,0.129490912941903,0.231355766658695,0.2335834934075,0.0810967342813604,0.238254155817821,0.106112855987969,0.196275918668692,0.224105041378129,0.113528116997604,0.234502766384761,0.166892303115732,0.194498982478589,0.236966258662274,0.239013266673377,0.162823076367907,0.196481001008909,0.169382553912332,0.219326524492127,0.194449688102596,0.121951842962292,0.232823247953357,0.210886719128632,0.163102081781804,0.232414365542688,0.183480205531879,0.236156386229427,0.239649870850243,0.230821819852447,0.201118556995942,0.250103928670048,0.215194562442585,0.235408069636714
"X_Gladiolus_caryophyllaceus",0.183717041168143,0.118766812848461,0.0576471153183837,0.146939349068958,0.19796364383302,0,0.199723931658422,0.223814610674206,0.231173237528957,0.194804929834349,0.118947918110597,0.184520161157597,0.133455166497983,0.0637691187762864,0.148007550013821,0.152953115125229,0.179058969852724,0.127610592128407,0.13552634281462,0.164163570311193,0.17007589680884,0.174521260239746,0.21988271813838,0.188794658042267,0.0861574244843623,0.234234176217875,0.184264444252536,0.0809403224273887,0.162246244802753,0.238129330328495,0.181301224804691,0.122420895112376,0.077729898947995,0.212472480221839,0.261184947798113,0.0586424908850394,0.167852892021086,0.0674137754158225,0.189107537940194,0.160702909520289,0.09013387579857,0.251903512336035,0.167764662738465,0.147106229278001,0.240103452503818,0.234736636543421,0.147695693711427,0.167166644273345,0.165618958751538,0.1470877574899,0.113843117615528,0.076962303920863,0.246005373200018,0.222658329803348,0.13219060962902,0.23903130285061,0.130184859937429,0.251877328559211,0.154374130465293,0.188857542769633,0.199709610407416,0.228867593475696,0.217066072677116,0.179303790945737
"X_Hypochaeris_glabra",0.253181371370076,0.18367492911558,0.0892227281478021,0.216104739202265,0.225884630641152,0.199723931658422,0,0.233799861893255,0.154822243235878,0.0656379745143862,0.192362089021397,0.149003521452471,0.207750789075643,0.0980614955688866,0.162380755081321,0.14335066134517,0.18867329237478,0.205457720907768,0.240627492931522,0.176286746767124,0.0792655779501779,0.123435606455163,0.210946835797006,0.157495692656216,0.160657065853967,0.200904139485318,0.152083612797226,0.115816397587874,0.156345384878287,0.213833740246232,0.068542296817055,0.141744909021241,0.125762361672104,0.201038394642919,0.130461956079814,0.0846667265548116,0.153035162260569,0.0781143196641206,0.181714374588642,0.15032323773488,0.115896535203962,0.173517887423941,0.177262364609131,0.217154390652695,0.133892332687304,0.170142508200471,0.180784658345015,0.216753577802322,0.149860348274319,0.237808751787036,0.2059415774442,0.126884134790051,0.176653742041974,0.160133967061814,0.146193240807617,0.180704345615104,0.168501063078122,0.146477495936179,0.250755532198071,0.24491779475702,0.0797946258350729,0.182702762312191,0.209610791729476,0.142281946522043
"X_Sonchus_oleraceus",0.239601451306281,0.150352353871758,0.0720163683677067,0.182137382749874,0.241989418908573,0.223814610674206,0.233799861893255,0,0.265290752152457,0.232460494252083,0.153568961640504,0.198966191235781,0.173039617511759,0.0817704713210007,0.175343494226597,0.163977570181339,0.213539760507972,0.14847293907225,0.192638410586586,0.191809953306597,0.209206973899226,0.1981418258145,0.263424701106466,0.203614016812903,0.108972593479175,0.236620608077253,0.183870636454487,0.108753852660707,0.178885176958199,0.246318941757336,0.221412639030913,0.144427104175959,0.0944175506985812,0.243830690574239,0.26243924963755,0.0713964410981053,0.200657811718744,0.0880184201537819,0.194264554123147,0.186771320466268,0.0996272866623794,0.261744744641705,0.186946248337124,0.195432517474814,0.258375628708801,0.258657673226517,0.188328710083995,0.214102228469955,0.178103380131136,0.194639287316137,0.152511290420662,0.0986525772916885,0.272545867999614,0.221344122053897,0.153818562141351,0.258003334915017,0.143759231713771,0.262736634358884,0.211644205524495,0.252594519297193,0.222413450940915,0.258712553901244,0.247749344198675,0.193915277090557
"X_Unknown_Bromus_grass",0.263265780269323,0.186261297742615,0.0886239611908118,0.22077932692128,0.246067103564041,0.231173237528957,0.154822243235878,0.265290752152457,0,0.162044195808708,0.177730213626523,0.197887939580384,0.197518487451161,0.0948970525273328,0.175880757655651,0.167309493679907,0.214925198641543,0.178704188771211,0.230037981289408,0.207467138672335,0.167190488012299,0.190472749341298,0.241591398561125,0.202972712031019,0.142562625803228,0.218063759041926,0.17696916579351,0.112475165984162,0.184419943331789,0.245326887006692,0.164248132047442,0.152270117647436,0.113248489330041,0.228024815097201,0.172551830165216,0.0852884529403789,0.196996718016591,0.0881433528177595,0.199708472052557,0.184299112944322,0.10877139225689,0.208679970457661,0.206317298828069,0.223510692816586,0.182970703250441,0.208530015732246,0.208001317567623,0.230415605962356,0.155750462009638,0.235752403788882,0.189583460947972,0.124398784620194,0.220121567296647,0.181163735673305,0.146654655933012,0.215788884206285,0.164239158641703,0.182866358447886,0.24699460466164,0.263178771666299,0.142029490999695,0.211314081804707,0.243868786097926,0.192587495714062
"X_Ursinia_anthemoides",0.255895923262252,0.182495774153849,0.0929281026415558,0.217091011801923,0.230505030474476,0.194804929834349,0.0656379745143862,0.232460494252083,0.162044195808708,0,0.206108359968952,0.152784486194991,0.219174574398697,0.100857690821004,0.164034819268793,0.152738568977512,0.187524799736036,0.218843692330136,0.245729417333088,0.175168038307835,0.0774493886449273,0.132707129021301,0.217271331324743,0.168906702842709,0.173120892583157,0.219253494791424,0.165314412046441,0.11989362523821,0.166335238465049,0.223051215971841,0.0699058100603387,0.146179682190219,0.135712550613891,0.203240912042146,0.158615974421325,0.0886368812454537,0.154812642422957,0.0798958783076552,0.190585868911906,0.154342362004804,0.122371534604739,0.190535313271734,0.178400338235952,0.216740451221262,0.152472041072903,0.184894855710814,0.172791131358545,0.212894520510908,0.157645542047097,0.238720462568374,0.2148107376629,0.130855155659035,0.186780685597458,0.175186972661228,0.151613076129697,0.191645552659218,0.18224005335946,0.172992346769119,0.254768353401565,0.239807689310865,0.0932146185681406,0.190833844524169,0.213085263666862,0.150105598947473
"Acacia_pulchella",0.187717718193889,0.0979381179043945,0.0572643284022368,0.122139493907783,0.192825272484451,0.118947918110597,0.192362089021397,0.153568961640504,0.177730213626523,0.206108359968952,0,0.230847822210654,0.16921817839833,0.0567320252032043,0.10670757348689,0.161188181542837,0.117298651476655,0.16380159344552,0.148805331370949,0.113303647042414,0.219134232914707,0.24056861927697,0.184526235171368,0.229588309263902,0.139808522369079,0.183735648483342,0.167977902351507,0.0834002579567973,0.201437060615318,0.179087553919737,0.203064059339218,0.149966865368005,0.104899503652711,0.144457612871515,0.171694666959476,0.0558534247317937,0.220332318679483,0.0851439303933427,0.150760392681862,0.213262393800733,0.0794801358979331,0.17050649706836,0.122341861759601,0.123932658940896,0.183105588702926,0.158506084468646,0.0966323843759343,0.109613581772023,0.119020849662019,0.143391030098419,0.139365329834594,0.0888395636868401,0.163483924600837,0.170601787487884,0.114088533572904,0.15533790272897,0.161456057628066,0.174817842977425,0.146737634177182,0.137859685217763,0.158004267058425,0.181678561158441,0.139732296820679,0.228761314109527
"Adenanthos_obovatus",0.211997015292801,0.132620025537951,0.115024879625711,0.18349241126066,0.237845074982128,0.184520161157597,0.149003521452471,0.198966191235781,0.197887939580384,0.152784486194991,0.230847822210654,0,0.251807482577732,0.0946918913101746,0.135842042428802,0.082400581378295,0.193624872654415,0.274485648612131,0.231156926745498,0.202321410268109,0.0994054320856583,0.0450209668436295,0.23254656193383,0.0629452750604895,0.197911227806824,0.1704838076134,0.0816332409702974,0.119112519619188,0.137896911814132,0.200461991081947,0.14298308322632,0.139625834407858,0.152426398276859,0.186519711225337,0.155798572979257,0.104950965505805,0.130871542869789,0.0803036527409634,0.236864662402666,0.134241127185023,0.112144486021165,0.177641010537227,0.217867834712525,0.175461845118314,0.212017666968118,0.185794032571653,0.144351875628623,0.174671806264631,0.150898467062033,0.197742135303345,0.21353030159061,0.128088118726899,0.175919721727251,0.124487182585162,0.167302938353483,0.185086854905717,0.2108633665924,0.190205303591907,0.22747097104759,0.195930327704859,0.1530506998625,0.226370282642019,0.195514718090771,0.0469854387836116
"Allocasuarina_fraseriana",0.200696429097325,0.101910971902673,0.0675517384982532,0.124963060908777,0.210294347912709,0.133455166497983,0.207750789075643,0.173039617511759,0.197518487451161,0.219174574398697,0.16921817839833,0.251807482577732,0,0.06226720885258,0.11977831360064,0.176668536432304,0.12814678802664,0.189155753859565,0.154888180180151,0.144745980933392,0.232628520211971,0.257412926716713,0.210209806098838,0.250562522157959,0.146901076275158,0.211815295848614,0.191417712879812,0.0912799557371314,0.223561898546196,0.214047140109155,0.218789402082251,0.170616258717143,0.111950942628896,0.168729368714192,0.20049218404343,0.0654843220846931,0.234783630178929,0.0908090580031716,0.18061332582001,0.227314099644105,0.0865220621259444,0.192198802146207,0.146231049926462,0.135760596496037,0.203148674685661,0.192420384845297,0.103146038733327,0.126414633044886,0.134925598295317,0.141904838046186,0.144435999099374,0.0977779269763448,0.182956834910513,0.191272091454736,0.120625677981163,0.185435331295427,0.180825950041663,0.199472000441886,0.155571907767292,0.148214988229686,0.174761468101397,0.198843248258294,0.162438394273764,0.249343043448208
"Astartea_scoparia",0.0880165137403988,0.0435859329418938,0.022058465321345,0.053014171646127,0.0901712374004686,0.0637691187762864,0.0980614955688866,0.0817704713210007,0.0948970525273328,0.100857690821004,0.0567320252032043,0.0946918913101746,0.06226720885258,0,0.0545411392706425,0.0654044296500131,0.0581838236454959,0.0559936610904665,0.0629868546493517,0.0538926298233431,0.10018904425743,0.100410262882019,0.0911868127740093,0.0935026847675367,0.0486147214410141,0.0795534079015081,0.0689569357881152,0.0359987575882404,0.0830448085719091,0.0811106650589972,0.0975219775684062,0.0630009608036369,0.0367622913565131,0.0762034381626542,0.0885706541079549,0.0213899658758133,0.0928748356142935,0.036775103169489,0.0639896158093703,0.0883266028750462,0.0307061768304021,0.0843729073721016,0.0534016214997618,0.0549879570277217,0.0918472459557456,0.08788455668994,0.048072793848919,0.0553397964592303,0.0571665985435123,0.0587217443695478,0.0501813588488479,0.0343631327079795,0.0835646407685283,0.0748649598599972,0.0528414433746724,0.0837039288429518,0.059632916143396,0.0891535913679661,0.0649189940099096,0.0698822027508179,0.0840642407257132,0.0893438187358899,0.0728853660645242,0.0943230749628081
"Banksia_attenuata",0.173951959633604,0.110108997315058,0.0467844042548279,0.12493776956614,0.174014440512525,0.148007550013821,0.162380755081321,0.175343494226597,0.175880757655651,0.164034819268793,0.10670757348689,0.135842042428802,0.11977831360064,0.0545411392706425,0,0.108934800638087,0.136701934355545,0.103337794259954,0.132925955653593,0.127338699694621,0.152101447025408,0.140741736323718,0.181173726203347,0.136435684176007,0.0864911907862682,0.160520125271122,0.120572282195727,0.0780330382017711,0.119662927047112,0.16402321959586,0.155063096698382,0.0965684946421446,0.0673757967838451,0.163301884754186,0.174846792856895,0.0477693202663285,0.143623357004744,0.0618949540884052,0.126587508075862,0.132073283107392,0.0661442063132481,0.170971903509455,0.123325627582344,0.130474523813204,0.173032986840834,0.17259685129319,0.121298128790475,0.141983607346771,0.116874966342011,0.129903735251999,0.110430538642761,0.0689663444695922,0.173128366111011,0.145659821676991,0.108739583126547,0.175519489937983,0.0985551371276031,0.175414242804582,0.146975129209388,0.163547964523709,0.149912920736404,0.175817662042352,0.162883171484249,0.135376997641384
"Banksia_ilicifolia",0.154412564203835,0.0946251597193474,0.0820056077013821,0.130531345477806,0.182309633500677,0.152953115125229,0.14335066134517,0.163977570181339,0.167309493679907,0.152738568977512,0.161188181542837,0.082400581378295,0.176668536432304,0.0654044296500131,0.108934800638087,0,0.161119944431873,0.185417768007395,0.162143760342981,0.163718442176169,0.127325719863031,0.0910166842587052,0.179985723280285,0.084761856004793,0.133675654060761,0.127432270600464,0.0789108007800933,0.0770147148799217,0.112653607760506,0.155898545102184,0.149444390286703,0.106731774999077,0.101892458715646,0.150285899774042,0.121934326139119,0.0743188409876458,0.13057916291827,0.0626193917570371,0.177550199185925,0.121092018814901,0.0805929292429074,0.144811003208929,0.174840236041337,0.127174832285058,0.169198818344494,0.150541529602178,0.125026070619546,0.139885307005337,0.113372487884966,0.14019315540396,0.14622674627475,0.0907761361499796,0.143032041442675,0.100773596019992,0.117349285558396,0.147747963500184,0.149489676481183,0.15083769584086,0.157578846036346,0.153555621259572,0.137154701377936,0.177503793875591,0.165178553970826,0.0814975861574353
"Boronia_sp_",0.169476238677461,0.102576899834383,0.0531064722801498,0.135822876069466,0.185310379143218,0.179058969852724,0.18867329237478,0.213539760507972,0.214925198641543,0.187524799736036,0.117298651476655,0.193624872654415,0.12814678802664,0.0581838236454959,0.136701934355545,0.161119944431873,0,0.116057222149852,0.123170250290257,0.159243948643884,0.165127717472348,0.184788922735,0.20523006678174,0.196549219191586,0.0863800310336117,0.236726623617373,0.185447737170182,0.0788132264581304,0.167323713387536,0.230264243324018,0.177459805672127,0.118612720977225,0.0693329115642505,0.200989806208206,0.251833805060066,0.0561411111694694,0.171768482042169,0.0659045981328899,0.187192662005,0.162825768584888,0.0877166720963834,0.234646967995294,0.168775810076523,0.130069899064228,0.226954127447579,0.218197991346474,0.139111002874318,0.153139644681564,0.160384611279321,0.13534571199486,0.110998614382932,0.0775749098555464,0.233615482651399,0.22045903128577,0.128700176002532,0.230228762380406,0.124673105161427,0.238837743112472,0.137162056011156,0.174842865872335,0.187973556911066,0.21502152964375,0.201777405959101,0.189420547487808
"Caladenia_flava",0.187243278224743,0.087812274951406,0.0571482557387706,0.117070298160895,0.194403693260216,0.127610592128407,0.205457720907768,0.14847293907225,0.178704188771211,0.218843692330136,0.16380159344552,0.274485648612131,0.189155753859565,0.0559936610904665,0.103337794259954,0.185417768007395,0.116057222149852,0,0.146013868429548,0.128436024399976,0.246722307736438,0.283878058813005,0.188304177358568,0.271847027753726,0.140946574595039,0.202145121559737,0.195485742157541,0.087223261793505,0.234466014203092,0.196964251176759,0.224383205004988,0.177633953997226,0.117964260746306,0.148716237071481,0.177054982380242,0.0578327474037488,0.256212198178802,0.0891080641140744,0.172266987881201,0.241413305819951,0.0771223329221313,0.17007258261312,0.136003680094468,0.114983857858615,0.179271413475821,0.16697598049576,0.0982225681737315,0.111493718594231,0.124296598392958,0.126678116412771,0.140008434044478,0.0936785928481115,0.162339901927273,0.181122096294799,0.114388688099978,0.160320517224608,0.185847777279012,0.1749567778959,0.140119399176554,0.132069608185197,0.16401106908193,0.175836771063387,0.146515054670143,0.271200295002037
"Caladenia_sp_",0.221270496452879,0.117204574795165,0.0482685821522225,0.136486900320741,0.230448587444888,0.13552634281462,0.240627492931522,0.192638410586586,0.230037981289408,0.245729417333088,0.148805331370949,0.231156926745498,0.154888180180151,0.0629868546493517,0.132925955653593,0.162143760342981,0.123170250290257,0.146013868429548,0,0.121221541329578,0.248426719164231,0.24538164046784,0.2287622081232,0.228675969969976,0.123894076643817,0.190572643539237,0.168230198690579,0.0986119266057173,0.195581295552563,0.203517506795265,0.240751323640679,0.149984567001384,0.0984133383119202,0.185883037240807,0.221954441540843,0.0533642982030416,0.226847093709604,0.0979208344968924,0.1524633135477,0.210450934893631,0.0762262552012231,0.204476976017128,0.127963957020389,0.133796877297936,0.228414141846681,0.213825992953158,0.111098510031972,0.134746910562014,0.13835927948621,0.158103456106945,0.143657564495124,0.0869509235882842,0.207693444137395,0.187300273940472,0.131869196144506,0.203356668114041,0.156491373979537,0.219808319206544,0.182577312723009,0.17027428132541,0.20724922419909,0.217406167902166,0.165470749919754,0.231645875568324
"Calytrix_angulata",0.156349192195016,0.093421716754445,0.0589068199692703,0.116432403985615,0.169630499002148,0.164163570311193,0.176286746767124,0.191809953306597,0.207467138672335,0.175168038307835,0.113303647042414,0.202321410268109,0.144745980933392,0.0538926298233431,0.127338699694621,0.163718442176169,0.159243948643884,0.128436024399976,0.121221541329578,0,0.161483901042906,0.190724862582104,0.191735182684221,0.206499609095577,0.0924392937290619,0.237922127687283,0.192069844217479,0.0701153305313793,0.168148478363872,0.239571620916918,0.169026229602338,0.128597826516242,0.0729103538940048,0.183453743941718,0.248835564109175,0.055069344403015,0.173092963373824,0.0623811885667847,0.189199073645049,0.163955516630314,0.0859646288648403,0.236287612236254,0.146029986211292,0.112529622857593,0.214530091930224,0.213522904283267,0.126496843572381,0.139650894989665,0.151039680930537,0.118265959229838,0.105423829576777,0.0769417032170134,0.216957752895709,0.222789860709988,0.119786474342601,0.2203071955002,0.138963357403375,0.235530834886124,0.127378431764174,0.164718228555826,0.180471185662594,0.205794170063298,0.199319706383072,0.197039386688106
"Chamaescilla_corymbosa",0.244415725707854,0.169076218097643,0.0988935054629682,0.207358452113887,0.230439674201201,0.17007589680884,0.0792655779501779,0.209206973899226,0.167190488012299,0.0774493886449273,0.219134232914707,0.0994054320856583,0.232628520211971,0.10018904425743,0.152101447025408,0.127325719863031,0.165127717472348,0.246722307736438,0.248426719164231,0.161483901042906,0,0.0759922284012659,0.219705331077573,0.117919569290077,0.189920445782385,0.197590687893424,0.133550320621842,0.123485852641134,0.148167362897013,0.204739310185607,0.0692978151155559,0.144085505810624,0.146013928766572,0.190620917214854,0.163931688534293,0.0915537264930652,0.130470368967086,0.0786481636748797,0.200979247992752,0.135007517942702,0.121507413217913,0.18637311049873,0.172063658076464,0.202548694729639,0.173747693615968,0.182695614172161,0.153836240973855,0.190212714901543,0.158595643972945,0.230202175050427,0.223312260841503,0.132502591142588,0.181582381480907,0.165082996695616,0.159399862075077,0.190442748871022,0.192302492260076,0.181551303730169,0.250871061860477,0.218983283099884,0.111686065224832,0.206724433098048,0.177865274598823,0.0981770610871638
"Dasypogon_bromeliifolius",0.223602607744565,0.14428491333868,0.11485834512151,0.190010782531298,0.241075854505002,0.174521260239746,0.123435606455163,0.1981418258145,0.190472749341298,0.132707129021301,0.24056861927697,0.0450209668436295,0.257412926716713,0.100410262882019,0.140741736323718,0.0910166842587052,0.184788922735,0.283878058813005,0.24538164046784,0.190724862582104,0.0759922284012659,0,0.230479591953056,0.0677537673758293,0.206836277968665,0.178369697891464,0.0909609609319972,0.123447327638006,0.142419821185538,0.199994009244589,0.117847882892659,0.143171960262828,0.157970848811132,0.184571962874043,0.156800587292407,0.107036491959346,0.127904196009283,0.0797409627710957,0.230197135300812,0.133805559073399,0.119667367181782,0.180853450868559,0.208176722350336,0.18282529625797,0.203602152282967,0.184625679860768,0.14506045998089,0.176611206963524,0.157943494945097,0.211926197521795,0.22580034814144,0.13300275290031,0.172870139946158,0.13516712014737,0.169960442004885,0.183864960676645,0.216226044529902,0.190138875325337,0.24041486524172,0.200241981333278,0.144839074387391,0.223963578340307,0.183355634951866,0.0451747788551607
"Eriochilus_dilatatus",0.270455387425583,0.177784766686637,0.0829142167233847,0.21407470149359,0.256268975409786,0.21988271813838,0.210946835797006,0.263424701106466,0.241591398561125,0.217271331324743,0.184526235171368,0.23254656193383,0.210209806098838,0.0911868127740093,0.181173726203347,0.179985723280285,0.20523006678174,0.188304177358568,0.2287622081232,0.191735182684221,0.219705331077573,0.230479591953055,0,0.236290778265913,0.155238944729612,0.242118677668795,0.198978278663313,0.122380903083843,0.213582801032926,0.250679657018619,0.212753600741974,0.169263067941278,0.121818696243403,0.236262671336769,0.229984642470063,0.0812225763375473,0.228748539123564,0.0987712922827644,0.20734614031423,0.214222541685132,0.115701109600029,0.236972656887012,0.193021701591638,0.217669584594518,0.231343426384279,0.23907590982951,0.19013730910639,0.217425898857803,0.175453870663713,0.228671676285304,0.190005745194641,0.125351172373526,0.24215816386381,0.219313390342587,0.165548510998145,0.240351569906619,0.177550732840005,0.236324305763871,0.242910184580059,0.253349319050603,0.194106304390809,0.241298754701215,0.242159996106259,0.225707845836273
"Euchilopsis_linearis",0.2125503802578,0.130323238871105,0.114307143260966,0.17913129600404,0.233120961680862,0.188794658042267,0.157495692656216,0.203614016812903,0.202972712031019,0.168906702842709,0.229588309263902,0.0629452750604895,0.250562522157959,0.0935026847675367,0.136435684176007,0.084761856004793,0.196549219191586,0.271847027753726,0.228675969969976,0.206499609095577,0.117919569290077,0.0677537673758293,0.236290778265913,0,0.194231279257686,0.168552809826445,0.0819356023164658,0.117197124848318,0.140128184539334,0.20292462106159,0.153483386988985,0.141349185818358,0.148698086354651,0.187872218647894,0.154834509518087,0.105574087168421,0.143129583348964,0.0820847456574276,0.238714961743581,0.139556143737299,0.110835620102953,0.178678533597772,0.222563100972132,0.168148747751618,0.213241991750657,0.190328828151703,0.150183585528987,0.176649437685743,0.148841073894983,0.194230837549228,0.209550067667724,0.126877548542627,0.17755861755368,0.124906272216105,0.163532828002712,0.18779256246254,0.210590016299645,0.19105810638348,0.22266974341108,0.195517452638661,0.157307321820196,0.232812463597354,0.199661572967146,0.0635673851380739
"Gompholobium_tomentoseum",0.161531082529147,0.0767434552202783,0.0470052531954859,0.0982142240863177,0.164345474704583,0.0861574244843623,0.160657065853967,0.108972593479175,0.142562625803228,0.173120892583157,0.139808522369079,0.197911227806824,0.146901076275158,0.0486147214410141,0.0864911907862682,0.133675654060761,0.0863800310336117,0.140946574595039,0.123894076643817,0.0924392937290619,0.189920445782385,0.206836277968665,0.155238944729612,0.194231279257686,0,0.141799577747385,0.136345141881711,0.0729986001866604,0.172279750768083,0.13925668023787,0.173683463274444,0.133320302342095,0.0917057208222206,0.111464630793452,0.121500240922043,0.0463679291760326,0.192907170439683,0.0733091486283403,0.112352487117352,0.182239542674567,0.065024691754944,0.119045906695628,0.0943552803650206,0.0997243394711167,0.13933397625246,0.122082958972186,0.0678227479382525,0.0889787536797315,0.0885970395946134,0.113786398385206,0.12318836144501,0.0765669034507531,0.116468134405632,0.123492819096258,0.0921381592359515,0.113975231578461,0.136952364101342,0.127767416873163,0.125928264377483,0.111450533541328,0.126939709035474,0.142384548848101,0.101548929733189,0.196745708356005
"Hibbertia_stellaris",0.225652200196346,0.141405714200406,0.102723359527626,0.18434149729991,0.239279544347512,0.234234176217875,0.200904139485318,0.236620608077253,0.218063759041926,0.219253494791424,0.183735648483342,0.1704838076134,0.211815295848614,0.0795534079015081,0.160520125271122,0.127432270600464,0.236726623617373,0.202145121559737,0.190572643539237,0.237922127687283,0.197590687893424,0.178369697891464,0.242118677668795,0.168552809826445,0.141799577747385,0,0.131815176258242,0.098629657236623,0.169367144947518,0.227905390312466,0.211556422766146,0.141172115275183,0.110395395175334,0.211873593708012,0.157491070971416,0.0911364128985957,0.208121138571752,0.085735170239786,0.229435811539086,0.186775407837879,0.0920477900562154,0.194731678131276,0.242083012796794,0.181934661089431,0.209032580116513,0.203155212658317,0.187348613256122,0.215767795271654,0.141134565768544,0.188788610874235,0.167993867651492,0.112967538026327,0.205757079563343,0.138985299979242,0.150704176793785,0.205459754701277,0.166942833577688,0.181712218084286,0.208798000660745,0.226323141577873,0.17222916224546,0.227829507362151,0.250576088516714,0.169239969708772
"Hibbertia_subvaginata",0.169559159067847,0.104494677085733,0.0906639797657051,0.148873083940099,0.198230834838271,0.184264444252536,0.152083612797226,0.183870636454487,0.17696916579351,0.165314412046441,0.167977902351507,0.0816332409702974,0.191417712879812,0.0689569357881152,0.120572282195727,0.0789108007800933,0.185447737170182,0.195485742157541,0.168230198690579,0.192069844217479,0.133550320621842,0.0909609609319972,0.198978278663313,0.0819356023164658,0.136345141881711,0.131815176258242,0,0.0833129552612985,0.115925265391039,0.172091618795015,0.158507206939462,0.109435542076671,0.107216971187854,0.167253462045573,0.123531705138753,0.0845606460364243,0.136579778207399,0.0678518760893065,0.195440745543943,0.126387854513411,0.0815186662676586,0.150895916929891,0.201312360467306,0.14135402819874,0.179917464807138,0.163276464854124,0.144180367362509,0.166363947541341,0.118509584145251,0.150647626424904,0.153361111976601,0.0991755211566879,0.160742158366071,0.0955124966743089,0.129087743657301,0.159176096169682,0.155370829450047,0.153619612314644,0.170871181327785,0.177481403149744,0.137052496381472,0.190686551505461,0.194640672849494,0.0784418222534087
"Hypocalymma_angustifolium",0.123962489936521,0.0699722679081964,0.0335176130446117,0.0867338304205361,0.12512208436288,0.0809403224273887,0.115816397587874,0.108753852660707,0.112475165984162,0.11989362523821,0.0834002579567973,0.119112519619188,0.0912799557371314,0.0359987575882404,0.0780330382017711,0.0770147148799217,0.0788132264581304,0.087223261793505,0.0986119266057173,0.0701153305313793,0.123485852641134,0.123447327638006,0.122380903083843,0.117197124848318,0.0729986001866604,0.098629657236623,0.0833129552612985,0,0.105381773915906,0.0955836962367133,0.118169008965646,0.0823851233804546,0.0548581858107176,0.100235522170684,0.102918595129239,0.0315727320511207,0.115453739920812,0.052946369675692,0.0809805334965337,0.10864013661627,0.0447880274618821,0.100403757066203,0.0749914960613319,0.084353679726692,0.110276013100192,0.105707635779125,0.0692941105802768,0.0872417352590069,0.073862542115997,0.0923371092990673,0.0787953141679736,0.054190026219706,0.101330043444617,0.0865541783896009,0.0731329391135086,0.100477973997719,0.0807494987014283,0.103865471385145,0.0998729211550064,0.0985391497209857,0.0998523927126864,0.109698859898897,0.090936370536876,0.118571498300447
"Hypolaena_exsulca",0.193873107878411,0.116287177042917,0.0937338746189992,0.159506121336453,0.216763599365104,0.162246244802753,0.156345384878287,0.178885176958199,0.184419943331789,0.166335238465049,0.201437060615318,0.137896911814132,0.223561898546196,0.0830448085719091,0.119662927047112,0.112653607760506,0.167323713387536,0.234466014203092,0.195581295552563,0.168148478363872,0.148167362897013,0.142419821185538,0.213582801032926,0.140128184539334,0.172279750768083,0.169367144947518,0.115925265391039,0.105381773915906,0,0.18751012606931,0.161676951230911,0.143430237348549,0.133525271540899,0.164728300956023,0.152380355380473,0.0899040966248579,0.165682956086671,0.0800430624833159,0.207639270244218,0.161279740795625,0.0993317130322104,0.163412611430518,0.186651563539268,0.151124026394562,0.190563014255043,0.17014220347751,0.125212334315352,0.153301263925243,0.135560905082807,0.171110986912012,0.184773206753703,0.113952182195695,0.160815418543593,0.135352370806283,0.142828925925536,0.168713533114845,0.186715881529818,0.176905935523166,0.198658349439826,0.171201543331982,0.150049512295025,0.2034520547379,0.172096588839625,0.138619273428645
"Kunzea_ericifolia",0.229146197008188,0.142377800123759,0.0985072771911309,0.183013389925671,0.238629242534889,0.238129330328495,0.213833740246232,0.246318941757336,0.245326887006692,0.223051215971841,0.179087553919737,0.200461991081947,0.214047140109155,0.0811106650589972,0.16402321959586,0.155898545102184,0.230264243324018,0.196964251176759,0.203517506795265,0.239571620916918,0.204739310185607,0.199994009244589,0.250679657018619,0.20292462106159,0.13925668023787,0.227905390312466,0.172091618795015,0.0955836962367133,0.18751012606931,0,0.216913578604506,0.150370438844815,0.111439900481095,0.227172491060715,0.225822388286493,0.0907816316893185,0.214759776077244,0.0862325689606084,0.243389647529902,0.194704108535863,0.0987214279179089,0.239483706741021,0.245808510694487,0.183613541502956,0.240510519454088,0.233968007388697,0.192450785920445,0.209312189479885,0.163831690361401,0.181737409900224,0.167086108835307,0.110722620670178,0.241414582513903,0.199400203916276,0.156598827778036,0.236335875010905,0.183381865465588,0.234417079067501,0.208952336127929,0.235306533431848,0.198464859958632,0.242578505755582,0.263214275480442,0.194926381649417
"Lagenophora_huegelii",0.245070732164226,0.173929555120956,0.0931867962997174,0.208696882768451,0.226639712770837,0.181301224804691,0.068542296817055,0.221412639030913,0.164248132047442,0.0699058100603387,0.203064059339218,0.14298308322632,0.218789402082251,0.0975219775684062,0.155063096698382,0.149444390286703,0.177459805672127,0.224383205004988,0.240751323640679,0.169026229602338,0.0692978151155558,0.117847882892659,0.212753600741974,0.153483386988985,0.173683463274444,0.211556422766146,0.158507206939462,0.118169008965646,0.161676951230911,0.216913578604506,0,0.146004610189316,0.134825100096533,0.193300148405242,0.168278287291927,0.0887767057003145,0.149829549300133,0.0779153321088904,0.189307433617238,0.149892075114889,0.118814641066841,0.185399424303475,0.171998370314438,0.208107654485977,0.160779452440413,0.182087986913404,0.166377692623132,0.199540920313863,0.157968331618102,0.228454894505681,0.211107168002656,0.128093314801007,0.18764782066086,0.175422992334322,0.153613795432877,0.189122156032757,0.180200409223458,0.179398509889596,0.244744119118958,0.229588681099036,0.0995952531394668,0.195139897810614,0.196981089840266,0.133599753735161
"Lepidosperma_longitudinale",0.158847233670252,0.0913375897137176,0.0706499078325119,0.120797618904418,0.171215328119036,0.122420895112376,0.141744909021241,0.144427104175959,0.152270117647436,0.146179682190219,0.149966865368005,0.139625834407858,0.170616258717143,0.0630009608036369,0.0965684946421446,0.106731774999077,0.118612720977225,0.177633953997226,0.149984567001384,0.128597826516242,0.144085505810624,0.143171960262828,0.169263067941278,0.141349185818358,0.133320302342095,0.141172115275183,0.109435542076671,0.0823851233804546,0.143430237348549,0.150370438844815,0.146004610189316,0,0.1011953818179,0.138196123767976,0.136325915593157,0.0682368448638695,0.147895318698202,0.0684340652583915,0.152970004356574,0.148065252142653,0.0786764011620069,0.137408507816697,0.135787771787846,0.115591113863741,0.157221492294203,0.145707202267281,0.0931109393156744,0.114468582371199,0.108697097186955,0.134838667617973,0.136242338634502,0.0881684798374078,0.132771448455615,0.123289381177666,0.111530774519941,0.141841577859719,0.146349610450663,0.14901785330864,0.146426373596533,0.130498252745686,0.128100192104356,0.162574342392086,0.128822755027379,0.13942942647676
"Lepidosperma_squarrosa",0.127297675493924,0.0619100702866757,0.0390843941064863,0.0817153025177077,0.129490912941903,0.077729898947995,0.125762361672104,0.0944175506985812,0.113248489330041,0.135712550613891,0.104899503652711,0.152426398276859,0.111950942628896,0.0367622913565131,0.0673757967838451,0.101892458715646,0.0693329115642505,0.117964260746306,0.0984133383119202,0.0729103538940048,0.146013928766572,0.157970848811132,0.121818696243403,0.148698086354651,0.0917057208222206,0.110395395175334,0.107216971187854,0.0548581858107176,0.133525271540899,0.111439900481095,0.134825100096533,0.1011953818179,0,0.0922716473383203,0.104041056525434,0.0407195996073215,0.146135198178152,0.0574036921004663,0.0968721132148619,0.139119585973629,0.0499599348026073,0.100476483684003,0.0817189680733526,0.0743834444033924,0.113097909595798,0.100618898268665,0.0594359984455815,0.0744403562439527,0.0721078060959831,0.0887192385147997,0.0883754839344115,0.0615134778934588,0.0964181431925763,0.101165069856796,0.0733905029321721,0.100323932385645,0.116120855936675,0.105699791815902,0.0992000662745821,0.0869001626158837,0.100001558012963,0.112299068649918,0.0844557841176094,0.150370146838503
