"","X_Aira_sp_","X_Briza_maxima","X_Briza_minor","X_Carpobrotus_edulis","X_Disa_bracteata","X_Gladiolus_caryophyllaceus","X_Hypochaeris_glabra","X_Sonchus_oleraceus","X_Unknown_Bromus_grass","X_Ursinia_anthemoides","Acacia_pulchella","Adenanthos_obovatus","Allocasuarina_fraseriana","Astartea_scoparia","Banksia_attenuata","Banksia_ilicifolia","Boronia_sp_","Caladenia_flava","Caladenia_sp_","Calytrix_angulata","Chamaescilla_corymbosa","Dasypogon_bromeliifolius","Eriochilus_dilatatus","Euchilopsis_linearis","Gompholobium_tomentoseum","Hibbertia_stellaris","Hibbertia_subvaginata","Hypocalymma_angustifolium","Hypolaena_exsulca","Kunzea_ericifolia","Lagenophora_huegelii","Lepidosperma_longitudinale","Lepidosperma_squarrosa","Leucopogon_racemulosus","Levenhookia_pusilla","Lomandra_sp_","Macrozamia_riedlei","Melaleuca_preissiana","Orthrosanthus_laxus","Patersonia_occidentalis","Pericalymma_ellipticum","Phyllangium_paradoxum","Platytheca_galioides","Podolepis_gracilis","Podotheca_gnaphalioides","Poranthera_microphylla","Pterostylis_nana","Pterostylis_vittata","Pulteneaea_reticulata","Restionaceae","Restionaceae_sp_","Schoenus_sp1","Scholtzia_involucrata","Siloxerus_filifolius","Stylidium_brunonianum","Stylidium_piliferum","Stylidium_repens","Thelymitra_sp1","Thelymitra_sp2","Thysanotus_thyrsoideus","Trachymene_pilosa","Unknown_native_herb","Unknown_native_shrub","Xanthorrhoea_preissii"
"X_Aira_sp_",1,0.15063062572501,-0.0146320923441716,0.187866756343624,0.478322064266458,0.136867372653505,0.564512667778895,0.30798296225246,0.489346271718522,0.578661968350278,0.230002879991012,0.362307593135473,0.197243698783636,0.0540638553428938,0.239421263055456,-0.140828726948015,0.111875687090954,0.15833487632215,0.221070373252415,0.0417081276630896,0.559465937404099,0.447119996220937,0.470752927631723,0.326318119258214,0.188577979531471,0.100576773135441,-0.0798045862568468,0.178082204561866,0.299868856949676,0.0847989445148553,0.55690696945191,0.233248373819536,0.14127262170986,0.319935429844059,0.356196811899858,-0.00343545001820447,0.428155504061513,0.194434015344167,-0.0579258262719198,0.375232952192168,-0.0446104054592139,0.304339937960591,0.0365234116120299,0.185957104868979,0.465310231510735,0.403086523542139,0.128289984636328,0.161192877814216,0.193563098747588,0.206535104019798,0.177898687160217,0.0991401489390487,0.309165663354252,0.127236110260355,0.222480135428338,0.338031451578682,0.176536500090003,0.393077943210057,0.235048359846191,0.22926223743199,0.45962516764485,0.431820590875799,0.180890019989235,0.371122647377924
"X_Briza_maxima",0.15063062572501,1,-0.00851556431193019,0.0825796840213503,0.169803295637022,0.100808395221386,0.213722117785545,0.159711192218518,0.223527077005376,0.202992250239492,0.0543295482490755,0.0192305029865148,0.020507805638927,0.0344875763939617,0.112732241363857,0.0384308217514675,0.0861429647488339,0.0167678084286863,0.0843726741051753,0.0631216929632709,0.159273878697652,0.0614877955032068,0.19221440271955,0.00350802408519792,0.0381482049717044,0.147716270717562,0.0751700562211003,0.0670325254526321,0.0181973812468486,0.137824703268719,0.185244225448857,0.0264065300160795,0.0251530321736632,0.166998412113759,0.22832956972777,-0.0154379817975338,0.0758495393661944,0.0578828342761951,-0.0942909029371925,0.0516961817920068,-0.0506773578801151,0.202230377814187,0.060324439326111,0.0842393404181846,0.228803120091093,0.210555355125475,0.0746011957566767,0.0840572473533418,0.127514449836234,0.0840916623266625,0.0562887618349566,0.0117508540479617,0.199413639352245,0.155381909824114,0.109668652423141,0.198766832238484,-0.000981793202584351,0.226471833413963,0.0892132406895969,0.120094466705857,0.203356851727249,0.208974803298195,0.134797232494387,0.0242943479266028
"X_Briza_minor",-0.0146320923441716,-0.00851556431193019,1,-0.010100251456367,-0.0181160409258271,-0.012183732941829,-0.0227867600531261,-0.0196166021617864,-0.0245432075081955,-0.0200646324681398,-0.0025489879846202,0.00364975586793412,0.00304504174974112,-0.00263256012263656,-0.0135082262824002,-0.00951641881544558,-0.0114022837114233,0.000376959590070077,-0.00788947702305161,-0.0105563669744242,-0.0150329689946112,-0.00134625583276612,-0.0199288250411126,0.00556385187255443,-0.00246801478333252,-0.0221492580233279,-0.0131299094004963,-0.00859229388240878,0.00382795077487568,-0.0203996154852638,-0.0188707611417786,0.000613276190574889,-0.00202827563269368,-0.0200484228652556,-0.0304588675062778,0.00143873596599741,-0.0037611044890861,-0.00537356752707459,0.018882402549901,-0.00227689897144826,0.0064827179356831,-0.0246383514066514,-0.00995861143308822,-0.0107920149326865,-0.0279510032310348,-0.0248157818384222,-0.00843058228174741,-0.0098164969452902,-0.0164290242192808,-0.00919533154000545,-0.00628341185822982,0.000466923310386244,-0.0263915014882746,-0.0223651305085997,-0.0144471828116779,-0.0256045929846223,0.00346542174764597,-0.0285157266352825,-0.00723155731567736,-0.0138842961530791,-0.0241475629300611,-0.025642972744189,-0.0182568512037145,0.00246254496262797
"X_Carpobrotus_edulis",0.187866756343624,0.0825796840213503,-0.010100251456367,1,0.212886572389211,0.107627175671593,0.270560883841491,0.184847160688565,0.264852905627684,0.264114109789881,0.0844774948951784,0.0727809982830425,0.0476316384185462,0.0362334301009233,0.131148919736392,0.010304219755168,0.0909788185032668,0.0416129399268975,0.104091619484678,0.0608655990467531,0.223730944224557,0.122390721400899,0.239666814389914,0.0536256931512717,0.0622240975553063,0.140413070462212,0.0503575458563708,0.0856874630916974,0.0631316912985933,0.129067172170649,0.244424884459646,0.0563794676510069,0.0445289884789723,0.190596126011994,0.249832254336565,-0.013189313654116,0.132635532255102,0.0805322275381969,-0.0865280206417339,0.104945453737621,-0.0510842586811424,0.220303655018059,0.0582125158018234,0.100564025405636,0.26558995286326,0.24361902328485,0.0840085806344809,0.0970801055431549,0.138479456367859,0.099289033548823,0.0776244106753347,0.0252328605115197,0.217089958175836,0.151636822379985,0.127876018225009,0.222852581333085,0.0293931351129337,0.254177933450547,0.112813735741452,0.139121920419002,0.246980826929978,0.242862089659627,0.142499907621754,0.0795971949288077
"X_Disa_bracteata",0.478322064266458,0.169803295637022,-0.0181160409258271,0.212886572389211,1,0.177376551775886,0.637085186543048,0.370007985501248,0.573056336274405,0.64343611163255,0.24284213792214,0.346666138413485,0.190108030401674,0.0679444676193345,0.275487985111179,-0.110957920716515,0.149057413547785,0.153589451379202,0.248579161158103,0.079262664722524,0.603922443274615,0.448201103009064,0.537361415761717,0.304091317022431,0.194035355556827,0.17130629066212,-0.0363550090832035,0.198214427574063,0.28853010642655,0.151477576116552,0.614211376398339,0.228294377805922,0.141190877610212,0.38539431536188,0.449883064981832,-0.0112215334500258,0.438694524548277,0.214456227394121,-0.108438565482942,0.378482360793988,-0.0678557080318051,0.3908716794421,0.0675349395878961,0.210009938623501,0.552985739715838,0.487132231990121,0.156896140647426,0.18777311902133,0.246515593667012,0.233970101992195,0.191404551493101,0.0961558928216318,0.3936328137231,0.198358424554167,0.267229458686016,0.41526211406824,0.161459217199143,0.485102207327204,0.264859079453659,0.282524594489078,0.535618861765217,0.513743015577785,0.237735802814674,0.358194016833241
"X_Gladiolus_caryophyllaceus",0.136867372653505,0.100808395221386,-0.012183732941829,0.107627175671593,0.177376551775886,1,0.233112119288885,0.259788164218021,0.303375982950666,0.199680880900167,0.00723008121981839,-0.167286307802207,-0.0617474252744134,0.0578787355225734,0.163072301088231,0.18921700715428,0.171398172107832,-0.0568478844494744,0.0882635502817682,0.1459711629388,0.0872987057393682,-0.106503594307489,0.242416493105243,-0.188762589055856,-0.00799268650988082,0.341413189776467,0.250805146030546,0.075168048476436,-0.134573333853074,0.3158391506678,0.163058892890057,-0.0787628445456775,-0.0182782928484286,0.260565481735182,0.408363576596306,-0.0400573557386837,-0.0531121380313684,0.0375824675206814,-0.219008076009649,-0.0852943789432668,-0.112265943555908,0.364599906684883,0.144398854763589,0.115700147354472,0.33401763920305,0.327808301750438,0.128963951576683,0.141068068132149,0.228387769553737,0.10329410138351,0.0377406262515061,-0.0312052606590284,0.348986036217062,0.343295212774877,0.167818946211405,0.336658502586843,-0.108852727524101,0.378602169038522,0.101246337159095,0.181017774995298,0.2726380627827,0.305458737008925,0.254863502150658,-0.155229454823399
"X_Hypochaeris_glabra",0.564512667778895,0.213722117785545,-0.0227867600531261,0.270560883841491,0.637085186543048,0.233112119288885,1,0.472200830098159,0.71408706345131,0.788368356038543,0.291034257718955,0.391580108726944,0.219538030761743,0.087866598819315,0.347390812936484,-0.11428759957647,0.193042300001179,0.183721980151981,0.300706015253342,0.108195632691586,0.729418650638553,0.520251136893497,0.669208578020923,0.342893317221546,0.230002492361152,0.233705581794625,-0.017012240305731,0.243280917000848,0.328644378510728,0.206638912082552,0.752607317534492,0.264387776980864,0.168462969120356,0.483880586234047,0.576889223293723,-0.017456691322845,0.518333695151835,0.257894435186066,-0.148561486993735,0.44178136047551,-0.0953527654122586,0.49702389551833,0.0938576537144237,0.26811800081574,0.692654702447717,0.611172692253771,0.201608114636004,0.240798588270798,0.314741010900024,0.291541415800545,0.23089620393039,0.113187286197248,0.50581353031773,0.271259664387411,0.329661340729001,0.527606381604176,0.182990078230522,0.613768891936452,0.323778350731797,0.359260307355527,0.667391036302793,0.637799502453517,0.314703301661138,0.406946187424586
"X_Sonchus_oleraceus",0.30798296225246,0.159711192218518,-0.0196166021617864,0.184847160688565,0.370007985501248,0.259788164218021,0.472200830098159,1,0.522171548236006,0.440459470391665,0.102188928414379,-0.0364890827802012,0.00652659363692675,0.0838031409809926,0.262793188546948,0.145087134250458,0.22603903771268,0.00393352691138279,0.182632159967995,0.173441965376125,0.316182827402765,0.0621490558600495,0.447368229415004,-0.0707068523820943,0.059155402284609,0.403580361644247,0.236193285224035,0.150322256663757,-0.0241614516567258,0.369836883200383,0.396330660430551,0.00954037996716125,0.0339666012794537,0.401120532524127,0.574119389861809,-0.0461135091555916,0.114834109106241,0.117353859478706,-0.252425076878341,0.0578642129229691,-0.138113020085019,0.507672070179934,0.164577380411472,0.198195723365707,0.541243901025354,0.510632130426521,0.188392795346237,0.217834252321115,0.317634337083492,0.188859832855651,0.111211661371869,0.00639055500498322,0.500374158156609,0.415889151170587,0.263617890052971,0.490700460476738,-0.0476291602612658,0.55700955285358,0.198825262446643,0.299061880737453,0.475420615636725,0.496281083768126,0.344867297815681,-0.0196931125182807
"X_Unknown_Bromus_grass",0.489346271718522,0.223527077005376,-0.0245432075081955,0.264852905627684,0.573056336274405,0.303375982950666,0.71408706345131,0.522171548236006,1,0.689235013221573,0.201617621330979,0.135503728114344,0.100671608942886,0.10466289132627,0.358951267367187,0.0667204406819644,0.257675857505262,0.0829086581458073,0.272882135917232,0.187822261080123,0.563984034921655,0.270739011575516,0.645470779666086,0.0849816877928523,0.14780560013633,0.422678031241969,0.181422767308997,0.22212397083433,0.119077137444553,0.388332360661567,0.63691613807789,0.119993516198095,0.0977321787698383,0.528434194005218,0.707367557930637,-0.0462447412217857,0.309055594594791,0.204238436113057,-0.269754628961922,0.23617856218019,-0.152045103631013,0.618883613364866,0.176553892447333,0.271491568849153,0.73236769554803,0.671983376076214,0.237735171024173,0.271138500731561,0.388808336205477,0.276895657765604,0.187763594731435,0.0524173257213904,0.614053555704138,0.449597209583523,0.353918209868962,0.617959871275113,0.038786600629078,0.708533283005925,0.297629218140764,0.388412798786325,0.664587283543908,0.671491042447442,0.406854507287903,0.155101163952045
"X_Ursinia_anthemoides",0.578661968350278,0.202992250239492,-0.0200646324681398,0.264114109789881,0.64343611163255,0.199680880900167,0.788368356038543,0.440459470391665,0.689235013221573,1,0.316722998948534,0.480640828712314,0.260953790146969,0.0782670011460864,0.333617108700765,-0.182434411548874,0.163341663560205,0.218740844818265,0.304679150186458,0.0734069261649049,0.772727381388989,0.602660737634501,0.659498770739632,0.433358078186442,0.254160510996373,0.153658111868688,-0.0946121291410508,0.244222016097335,0.400357717987282,0.131643675135954,0.775709144642664,0.312969883387184,0.189735367708518,0.453500297938241,0.508973396028453,-0.0069116798266725,0.583286187690612,0.271651989297258,-0.0975988430157047,0.510571448696333,-0.070712574773617,0.434398503524641,0.0599169755053,0.259620092301111,0.656415727627099,0.57257817614555,0.182771343848323,0.220827964120391,0.276275358025878,0.288783562625573,0.243636352736053,0.133145441933977,0.44809459100786,0.194052807385632,0.311567794398906,0.476773714362571,0.235564503711556,0.558263437427465,0.323648122150235,0.336175478429145,0.647840962272448,0.60523894022761,0.265440491584421,0.493764934609455
"Acacia_pulchella",0.230002879991012,0.0543295482490755,-0.0025489879846202,0.0844774948951784,0.24284213792214,0.00723008121981839,0.291034257718955,0.102188928414379,0.201617621330979,0.316722998948534,1,0.332460608843415,0.164940531249058,0.0135422708125308,0.0919862445041566,-0.189210450290742,-9.62815655729537e-05,0.136896316911815,0.113489198314698,-0.0347932276387898,0.353636498813957,0.363733663502118,0.22030315640025,0.318829116483041,0.141566614435222,-0.0921257980245139,-0.171481241062119,0.0874160594064721,0.273798450585982,-0.0909334142772916,0.317148514984033,0.198734983053044,0.108489203905598,0.105943087706428,0.0606440642354077,0.0201442938228107,0.328439397535604,0.120971188342907,0.0610118101783462,0.304864151676348,0.0197199352549987,0.0452391261460951,-0.0438799610284182,0.0805365344518989,0.17404773228756,0.12998710903096,0.0311451839830434,0.0386341310664648,0.0295198540619757,0.102024773944742,0.107456660707779,0.0832367644540739,0.0584467038598834,-0.0717990883538446,0.0771291516662236,0.0773750616373787,0.175689929268334,0.0999109112983247,0.116219766633351,0.0797138512034656,0.198308415010745,0.161994381072179,0.0121050170019475,0.332444602117617
"Adenanthos_obovatus",0.362307593135473,0.0192305029865148,0.00364975586793412,0.0727809982830425,0.346666138413485,-0.167286307802207,0.391580108726944,-0.0364890827802012,0.135503728114344,0.480640828712314,0.332460608843415,1,0.430032518665135,-0.0315841693571881,0.0376047409979095,-0.598169329509739,-0.164168464863828,0.358333597774032,0.157130010885205,-0.223026632149258,0.677610104866559,0.901952485949167,0.23474725879607,0.887307984774148,0.308267321882901,-0.541923978679064,-0.62919962625338,0.120939828329196,0.731821190447989,-0.517547109067854,0.525807945198599,0.516225851797481,0.249117386357763,-0.0266743642875658,-0.275880056273376,0.08048072604888,0.767248549508552,0.226047616769653,0.349965290974967,0.749823773351157,0.156531774120793,-0.26889860351466,-0.23425607635294,0.0480377957404819,0.0348659169981245,-0.0421021275061382,-0.0597613308039938,-0.0463718507970252,-0.16175881872016,0.11287092918518,0.18786519592773,0.214733773907388,-0.223258897362438,-0.498284159595483,0.000454305430004975,-0.166931048477294,0.491562348778699,-0.159070511753524,0.154786475502713,-0.00811892885687812,0.152292932916199,0.0411857326601642,-0.231998050958474,0.886264693895973
"Allocasuarina_fraseriana",0.197243698783636,0.020507805638927,0.00304504174974112,0.0476316384185462,0.190108030401674,-0.0617474252744134,0.219538030761743,0.00652659363692675,0.100671608942886,0.260953790146969,0.164940531249058,0.430032518665135,1,-0.00816208425998581,0.0355895850392952,-0.279551493334876,-0.0592825048598389,0.175150073265701,0.0878487962619432,-0.0999949441864235,0.348377284418913,0.439068816883002,0.138428261355586,0.423670920101425,0.152603065908151,-0.236236547286769,-0.288523529053468,0.0665930354174904,0.354080629482588,-0.225647063220404,0.282031209720574,0.254488544052678,0.121755040107258,0.0125545560562756,-0.100592084538231,0.0377912890318064,0.378040586932461,0.117470804994657,0.156545669982997,0.367890791595531,0.0680647113276597,-0.0985576051557827,-0.101454247579506,0.0390391341751914,0.0507190691671428,0.00870946018256637,-0.0173444433872514,-0.0107894160305414,-0.0590415948522827,0.0674493954911449,0.100632272855568,0.108239651548698,-0.0759619641422755,-0.217586047222305,0.0163703192131333,-0.0517822367856876,0.233707739511176,-0.0450142755190245,0.0857363782680983,0.0173518869435419,0.103253325453204,0.0488408193228043,-0.0915961942177898,0.425933004015063
"Astartea_scoparia",0.0540638553428938,0.0344875763939617,-0.00263256012263656,0.0362334301009233,0.0679444676193345,0.0578787355225734,0.087866598819315,0.0838031409809926,0.10466289132627,0.0782670011460864,0.0135422708125308,-0.0315841693571881,-0.00816208425998581,1,0.0522692459623059,0.0458156834543529,0.0500164528451903,-0.00652669283393539,0.035582555782116,0.0409794774159382,0.047318305785409,-0.0108152191349572,0.0848903423538602,-0.0389282042064148,0.00681184923896717,0.0981293625795111,0.0657079156973934,0.0272230299993328,-0.0231065673694157,0.0899035356614719,0.0680462675400911,-0.0101095530117568,0.000422443079875973,0.0837710717560567,0.125226226289383,-0.0118820654721215,0.00479753430176328,0.0187561614214017,-0.0626175981262441,-0.00680935711848858,-0.0327717000383994,0.110958519023833,0.0402062346260716,0.040893368038139,0.110045475625789,0.105792995931163,0.0393676285115703,0.0441284879409837,0.0719090806772969,0.0371679041097213,0.0167533093205034,-0.00231658166314752,0.107682444306473,0.0992394764811225,0.054419107452464,0.105389935647377,-0.0231044025375734,0.118513700941662,0.0379465206960876,0.0601406003470838,0.0948308062724882,0.10134083819389,0.0771155336296902,-0.0280556370503596
"Banksia_attenuata",0.239421263055456,0.112732241363857,-0.0135082262824002,0.131148919736392,0.275487985111179,0.163072301088231,0.347390812936484,0.262793188546948,0.358951267367187,0.333617108700765,0.0919862445041566,0.0376047409979095,0.0355895850392952,0.0522692459623059,1,0.0590982210142387,0.141830117977551,0.0277472672140256,0.132396327293158,0.102487035557415,0.262063000069023,0.103900279775738,0.318933086758647,0.0121607556843313,0.0635749723045476,0.238021190243967,0.116210750367072,0.11028205372751,0.0338159395357637,0.218632577427474,0.303164681164625,0.0394017325900916,0.0413956041473297,0.268614622464851,0.371233741600469,-0.0246761749334817,0.130737189741655,0.0946508355273286,-0.149371512469959,0.0916458147707165,-0.0802019079054089,0.327180118276976,0.0998360628874534,0.135015486632565,0.369903735574967,0.342254958173786,0.121307912756278,0.140258990786329,0.202730220204159,0.134753180932401,0.0901679229573014,0.0182213376160167,0.316798931472727,0.245526991270052,0.181010536114914,0.324272408788835,0.00248602218051399,0.366587576597697,0.148378616464235,0.195121262373939,0.331108245112549,0.340105193895306,0.213604005857313,0.0477372833586195
"Banksia_ilicifolia",-0.140828726948015,0.0384308217514675,-0.00951641881544558,0.010304219755168,-0.110957920716515,0.18921700715428,-0.11428759957647,0.145087134250458,0.0667204406819644,-0.182434411548874,-0.189210450290742,-0.598169329509739,-0.279551493334876,0.0458156834543529,0.0590982210142387,1,0.178074307375594,-0.231701996791759,-0.0469473088357591,0.200469208924347,-0.349595012167798,-0.573535165455626,-0.018143950240027,-0.604900304011843,-0.184001731997771,0.485799700356976,0.490433967339386,-0.0285260127944012,-0.486323186776635,0.459493792432267,-0.226360660597557,-0.338221108283319,-0.152718870370423,0.139286265631959,0.36135082596413,-0.066693417721638,-0.471071670168997,-0.113312511000515,-0.308186549996855,-0.477026792636145,-0.142711028711979,0.337186049779749,0.208123651320109,0.0264056563976589,0.14488552903001,0.186168098540278,0.0974747269841808,0.0954643072283498,0.206368960240496,-0.0181923564757294,-0.0879086605380978,-0.138284344312127,0.300136619212671,0.461969797787022,0.0847214678694302,0.262038933998757,-0.337875428068498,0.276845925657559,-0.0362759462134664,0.093034287318384,0.04558460698207,0.124859269828154,0.259324096713806,-0.587026646216652
"Boronia_sp_",0.111875687090954,0.0861429647488339,-0.0114022837114233,0.0909788185032668,0.149057413547785,0.171398172107832,0.193042300001179,0.22603903771268,0.257675857505262,0.163341663560205,-9.62815655729533e-05,-0.164168464863828,-0.0592825048598389,0.0500164528451903,0.141830117977551,0.178074307375594,1,-0.0512167950466884,0.0727192449787158,0.13157752869993,0.063268256145478,-0.111361567173799,0.204785616897784,-0.181971363053672,-0.016224500649559,0.313027739797108,0.229686894019737,0.0648809782480335,-0.129654751971612,0.284284008880388,0.129666144998356,-0.0783327708302538,-0.0212772128307507,0.228685954011273,0.359614608608607,-0.0387708735857557,-0.0606737593883957,0.0268923706658113,-0.19915638042469,-0.0901748263930753,-0.0994411407987563,0.320077251071397,0.134765823751146,0.101583209702623,0.29369787294755,0.282586505588678,0.111830583678957,0.121935398698117,0.203757086822092,0.0858652531650686,0.0343123011168664,-0.0313628197821372,0.30574439515174,0.306739463770255,0.146022614805489,0.294094090818824,-0.101053021969788,0.328705217255632,0.0839497863975306,0.157440985083808,0.234947077840996,0.263402122680175,0.221815444383642,-0.152833228361789
"Caladenia_flava",0.15833487632215,0.0167678084286863,0.000376959590070077,0.0416129399268975,0.153589451379202,-0.0568478844494744,0.183721980151981,0.00393352691138279,0.0829086581458073,0.218740844818265,0.136896316911815,0.358333597774032,0.175150073265701,-0.00652669283393539,0.0277472672140256,-0.231701996791759,-0.0512167950466884,1,0.0737309725110118,-0.0800476234961267,0.291014921050361,0.366620417297973,0.117059873204015,0.353108053675187,0.125288433327938,-0.19789931431952,-0.239832931377399,0.057979592413654,0.292551381756467,-0.186454149295385,0.2348790408032,0.208240945717599,0.104245869708669,0.010800284404001,-0.0809121014509538,0.0289431776926771,0.315369544891401,0.0945995291593753,0.128757996726444,0.301941072351436,0.0538725094899579,-0.0819754124256115,-0.0848847435792107,0.0318524322510204,0.0455242592720698,0.0112391483618585,-0.0128618090876235,-0.00160437555447093,-0.0496176180000238,0.0571159487769601,0.0824133593426552,0.0857868640578569,-0.0630921523545589,-0.176463774943515,0.0147585455345831,-0.0400773837028466,0.19742989791611,-0.0324991993560515,0.0693979577612434,0.0175833193465738,0.0890431757895513,0.0424048535602586,-0.0781378119290259,0.353948171956448
"Caladenia_sp_",0.221070373252415,0.0843726741051753,-0.00788947702305161,0.104091619484678,0.248579161158103,0.0882635502817682,0.300706015253342,0.182632159967995,0.272882135917232,0.304679150186458,0.113489198314698,0.157130010885205,0.0878487962619432,0.035582555782116,0.132396327293158,-0.0469473088357591,0.0727192449787158,0.0737309725110118,1,0.0394282214310473,0.280756054831579,0.203967812911894,0.255964094062873,0.136544920919659,0.090586228491222,0.0886130941409689,-0.00948208985757727,0.0965976639841963,0.130287380535434,0.0777323606817647,0.290239205336633,0.10257268347067,0.0653467968832948,0.187741908750153,0.221317851225468,-0.00748430546344008,0.201513524130613,0.101521214571055,-0.0545139227785418,0.171779418159788,-0.0343320753477598,0.189456504290537,0.0376582532214952,0.101577287731696,0.266974803276717,0.233068653864449,0.0743424561888212,0.0923664781302033,0.121291031682603,0.11445903302905,0.0919894839647426,0.0450028912177135,0.192897033835283,0.102606745262465,0.126038222614737,0.199727725378639,0.0739405944815996,0.234984331157269,0.132060652004373,0.136532540641144,0.255940545582702,0.24372212416423,0.116295699718042,0.163357726748405
"Calytrix_angulata",0.0417081276630896,0.0631216929632709,-0.0105563669744242,0.0608655990467531,0.079262664722524,0.1459711629388,0.108195632691586,0.173441965376125,0.187822261080123,0.0734069261649049,-0.0347932276387898,-0.223026632149258,-0.0999949441864235,0.0409794774159382,0.102487035557415,0.200469208924347,0.13157752869993,-0.0800476234961267,0.0394282214310473,1,-0.0247953836481132,-0.181691165426779,0.132672456201167,-0.235821162186923,-0.0453953781024235,0.296062577518591,0.244967881501481,0.0359728903739432,-0.177958505088203,0.281504660065387,0.0420237576503107,-0.117779578456509,-0.0419494759494149,0.173658483111374,0.308197494041637,-0.0380887895996583,-0.131056733369992,-0.00499680108443859,-0.193803934978407,-0.148225531700593,-0.0940787944035458,0.279732999674781,0.121667744300529,0.065723868511772,0.217568919901005,0.228586448026883,0.0909419726084496,0.0982543386813844,0.170857429107697,0.0548166487332354,0.00252568939234931,-0.0486840339024644,0.255992427567021,0.289571704903427,0.113182806117244,0.248646421396855,-0.131021432130191,0.274262614071979,0.0521087570821829,0.12218098147712,0.164299482414616,0.198232143001125,0.200620123615105,-0.213577799025043
"Chamaescilla_corymbosa",0.559465937404099,0.159273878697652,-0.0150329689946112,0.223730944224557,0.603922443274615,0.0872987057393682,0.729418650638553,0.316182827402765,0.563984034921655,0.772727381388989,0.353636498813957,0.677610104866559,0.348377284418913,0.047318305785409,0.262063000069023,-0.349595012167798,0.063268256145478,0.291014921050361,0.280756054831579,-0.0247953836481132,1,0.771931567072228,0.577331442952626,0.640042047263326,0.300169421376355,-0.0790105815419076,-0.29423621794172,0.225067090249074,0.559910733024408,-0.0870602342960533,0.769649803616407,0.419178497390822,0.230994798161741,0.327274816942259,0.281542969705073,0.0227971653669427,0.709796832303003,0.28321134194623,0.0511240233837642,0.647918706252527,0.0019980832142871,0.228782023460789,-0.0377664642245813,0.212199343668004,0.503077422542984,0.411015735929449,0.11521639050023,0.148911367500105,0.149765969136978,0.256855597463067,0.247924575514708,0.175285143345434,0.25719035235497,-0.0327556878477609,0.232818601047832,0.296704943001223,0.349820809160726,0.359755983104793,0.295715221309653,0.249625770787809,0.539114528776103,0.466025561655775,0.115108402923739,0.683766294603868
"Dasypogon_bromeliifolius",0.447119996220937,0.0614877955032068,-0.00134625583276612,0.122390721400899,0.448201103009064,-0.106503594307489,0.520251136893497,0.0621490558600495,0.270739011575516,0.602660737634501,0.363733663502118,0.901952485949167,0.439068816883002,-0.0108152191349572,0.103900279775738,-0.573535165455626,-0.111361567173799,0.366620417297973,0.203967812911894,-0.181691165426779,0.771931567072228,1,0.352900133518719,0.884281190420153,0.329398971531267,-0.449495854022334,-0.58073890930431,0.159655640648552,0.738653328472113,-0.433988691565743,0.637587198249972,0.527975968346944,0.262289036688282,0.0744566935785673,-0.135543350734016,0.0699809721794996,0.811541104243957,0.259857823239531,0.289565719848644,0.779419010507528,0.122589027083428,-0.144850607443217,-0.195667458448694,0.100631239383103,0.173154370138251,0.0860264863393988,-0.0132612699635684,0.00675280015448212,-0.0842151085037066,0.163180517480968,0.219301316748999,0.219140963004868,-0.101492154611782,-0.401852321017091,0.0678504586503768,-0.0458247773672098,0.488369831000153,-0.0204197798163093,0.207409547936758,0.0665159023930003,0.276479327533266,0.16828770031403,-0.148545449722238,0.895772503993679
"Eriochilus_dilatatus",0.470752927631723,0.19221440271955,-0.0199288250411126,0.239666814389914,0.537361415761717,0.242416493105243,0.669208578020923,0.447368229415004,0.645470779666086,0.659498770739632,0.22030315640025,0.23474725879607,0.138428261355586,0.0848903423538602,0.318933086758647,-0.018143950240027,0.204785616897784,0.117059873204015,0.255964094062873,0.132672456201167,0.577331442952626,0.352900133518719,1,0.189686184155839,0.167667817330187,0.295076346387816,0.0781646962884751,0.210491169976447,0.201659183633659,0.270247946964088,0.621152733463613,0.170732222531392,0.116465233333644,0.45019139546942,0.577484796105436,-0.028393356583681,0.368583697253732,0.205874808026191,-0.185446912877119,0.301601474112267,-0.112963379760907,0.50479725475416,0.123802669637084,0.244144654990678,0.641113872076013,0.574803464796428,0.195761504689562,0.229581181191045,0.316147177240126,0.253204147795361,0.185490896341057,0.0738527557104376,0.501235607881965,0.325398066835476,0.309523099859212,0.513484151165116,0.0979890206044902,0.59494381345999,0.280200971733527,0.334941583881581,0.597963796006531,0.583739907435312,0.321724777904459,0.250421971293477
"Euchilopsis_linearis",0.326318119258214,0.00350802408519792,0.00556385187255443,0.0536256931512717,0.304091317022431,-0.188762589055856,0.342893317221546,-0.0707068523820943,0.0849816877928523,0.433358078186442,0.318829116483041,0.887307984774148,0.423670920101425,-0.0389282042064148,0.0121607556843313,-0.604900304011843,-0.181971363053672,0.353108053675187,0.136544920919659,-0.235821162186923,0.640042047263326,0.884281190420153,0.189686184155839,1,0.298513823227562,-0.573291034847426,-0.642596576336356,0.104633544112609,0.72442279765369,-0.5463129205477,0.482937558328195,0.508527495731683,0.241740453641674,-0.0640321954351874,-0.326626419021342,0.0843116588385163,0.747125736664179,0.212171104609169,0.369842094191935,0.73436683772176,0.166439585671572,-0.312672986446352,-0.2479333434048,0.0293833036782543,-0.0168401074048842,-0.0896883674124911,-0.0773862171353812,-0.0653165277990143,-0.189664095781148,0.0922569422140711,0.173743641626685,0.211579163852303,-0.266822826622401,-0.531493229182172,-0.0259426830270984,-0.211507281685329,0.489602639974753,-0.209676949155066,0.132727406842546,-0.0353103938368896,0.106087049864555,-0.00599177148036228,-0.261297475306605,0.875989326973457
"Gompholobium_tomentoseum",0.188577979531471,0.0381482049717044,-0.00246801478333252,0.0622240975553063,0.194035355556827,-0.00799268650988082,0.230002492361152,0.059155402284609,0.14780560013633,0.254160510996373,0.141566614435222,0.308267321882901,0.152603065908151,0.00681184923896717,0.0635749723045476,-0.184001731997771,-0.016224500649559,0.125288433327938,0.090586228491222,-0.0453953781024235,0.300169421376355,0.329398971531267,0.167667817330187,0.298513823227562,1,-0.114397836749899,-0.176454760155251,0.0698026764694686,0.253104650536022,-0.111310622350072,0.26237505668748,0.18481201315576,0.0953813368447159,0.0666672057943944,0.0106274113679817,0.0183962173804047,0.294452819977064,0.102163995577631,0.0731027978028631,0.276059914650386,0.0274608890359822,0.00290571138629243,-0.0478062378378841,0.0558341585646784,0.116965633432199,0.0804525884011563,0.0112257845145605,0.0231244889038903,0.00490815311013122,0.0760869040975749,0.0933182831712172,0.0747121594295493,0.0167802557936631,-0.0969575685802723,0.0516693007607503,0.038230833539274,0.162105322274207,0.0499354842349195,0.0929126337444747,0.0499173654329454,0.146203983196425,0.110570840244774,-0.0172746571991908,0.307918350093402
"Hibbertia_stellaris",0.100576773135441,0.147716270717562,-0.0221492580233279,0.140413070462212,0.17130629066212,0.341413189776467,0.233705581794625,0.403580361644247,0.422678031241969,0.153658111868688,-0.0921257980245139,-0.541923978679064,-0.236236547286769,0.0981293625795111,0.238021190243967,0.485799700356976,0.313027739797108,-0.19789931431952,0.0886130941409689,0.296062577518591,-0.0790105815419076,-0.449495854022334,0.295076346387816,-0.573291034847426,-0.114397836749899,1,0.588570794279076,0.0791923665959556,-0.437263766335817,0.664257969932785,0.0823032715163523,-0.28348051098958,-0.105898036887856,0.401242916880126,0.716176596822228,-0.0914587667859327,-0.3263448859989,-0.0142927712070414,-0.448390661196639,-0.36976343149719,-0.22130482397866,0.647778897627572,0.297517620966095,0.164931252667026,0.506234174729801,0.518831988438903,0.213856967206863,0.232765258899907,0.400018971419362,0.116993780769849,0.00207533859036955,-0.114488703058434,0.606667436092009,0.691466874418835,0.260640710623806,0.573352199804307,-0.323163578499687,0.633025478371917,0.105868419934964,0.282204413993092,0.37240894932814,0.456048227379844,0.468874023255939,-0.5204366927665
"Hibbertia_subvaginata",-0.0798045862568468,0.0751700562211003,-0.0131299094004963,0.0503575458563708,-0.0363550090832035,0.250805146030546,-0.017012240305731,0.236193285224035,0.181422767308997,-0.0946121291410508,-0.171481241062119,-0.62919962625338,-0.288523529053468,0.0657079156973934,0.116210750367072,0.490433967339386,0.229686894019737,-0.239832931377399,-0.00948208985757727,0.244967881501481,-0.29423621794172,-0.58073890930431,0.0781646962884751,-0.642596576336356,-0.176454760155251,0.588570794279076,1,-9.67286243447963e-05,-0.510775762002724,0.553525168015293,-0.149312926713564,-0.346641163675384,-0.152262225647801,0.231028612785716,0.494783461964347,-0.0803384012875083,-0.464336927423503,-0.0925123129064022,-0.374770577815343,-0.480537997331059,-0.180149416483717,0.453800082461265,0.24908445974434,0.0716336417939354,0.26573990626777,0.298466970546624,0.139794633539434,0.144206661383478,0.279385438298228,0.0229128675343137,-0.0667443093277559,-0.141395840023429,0.415847895598406,0.565606302449651,0.141703804640963,0.374929127719572,-0.359948464156352,0.404978297699679,0.00363365290534133,0.160096713542389,0.147823117276041,0.235136567957651,0.343467608817561,-0.613820403175803
"Hypocalymma_angustifolium",0.178082204561866,0.0670325254526321,-0.00859229388240878,0.0856874630916974,0.198214427574063,0.075168048476436,0.243280917000848,0.150322256663757,0.22212397083433,0.244222016097335,0.0874160594064721,0.120939828329196,0.0665930354174904,0.0272230299993328,0.11028205372751,-0.0285260127944012,0.0648809782480335,0.057979592413654,0.0965976639841963,0.0359728903739432,0.225067090249074,0.159655640648552,0.210491169976447,0.104633544112609,0.0698026764694686,0.0791923665959556,-9.67286243447966e-05,1,0.101237417113842,0.0695236392360418,0.2337018119096,0.0804661571504385,0.0511133371903895,0.15295782323121,0.185743037846125,-0.00615145649825798,0.158103931316492,0.0806863767966161,-0.0487658882477869,0.134925608335813,-0.0276165383623531,0.160219858290906,0.0326591339338764,0.0842284797054655,0.217433857941604,0.192842422770725,0.063955734883992,0.0767161494956655,0.100254234135991,0.0912294411420713,0.0712363963452779,0.036695172829966,0.162288560446335,0.0910958759827382,0.108557020527943,0.166669251425605,0.0546598435104992,0.195735446103555,0.101520393732918,0.11227248506994,0.208957320197024,0.200865321966736,0.100183898812797,0.126727206587701
"Hypolaena_exsulca",0.299868856949676,0.0181973812468486,0.00382795077487568,0.0631316912985933,0.28853010642655,-0.134573333853074,0.328644378510728,-0.0241614516567258,0.119077137444553,0.400357717987282,0.273798450585982,0.731821190447989,0.354080629482588,-0.0231065673694157,0.0338159395357637,-0.486323186776635,-0.129654751971612,0.292551381756467,0.130287380535434,-0.177958505088203,0.559910733024408,0.738653328472113,0.201659183633659,0.72442279765369,0.253104650536022,-0.437263766335817,-0.510775762002724,0.101237417113842,1,-0.416826654814972,0.436817423314068,0.424370972288467,0.20487015254132,-0.0139207081269948,-0.216599069542636,0.0661586331636577,0.630677509773547,0.187336842700115,0.284099710599408,0.616073577940432,0.125181710855221,-0.211054484360015,-0.190058358508313,0.0434201575487282,0.0372769501427472,-0.0261025791454867,-0.0457788497691215,-0.0351235321314985,-0.128431417507343,0.09617151412625,0.156271843898417,0.177858649141228,-0.173980796105271,-0.401951248193047,0.0035502097948403,-0.129107846566456,0.399386316953243,-0.121192775899725,0.129637912258779,-0.00258627935519367,0.132200229569684,0.0414677058330321,-0.18448012097413,0.723526367067245
"Kunzea_ericifolia",0.0847989445148553,0.137824703268719,-0.0203996154852638,0.129067172170649,0.151477576116552,0.3158391506678,0.206638912082552,0.369836883200383,0.388332360661567,0.131643675135954,-0.0909334142772916,-0.517547109067854,-0.225647063220404,0.0899035356614719,0.218632577427474,0.459493792432267,0.284284008880388,-0.186454149295385,0.0777323606817647,0.281504660065387,-0.0870602342960533,-0.433988691565743,0.270247946964088,-0.5463129205477,-0.111310622350072,0.664257969932785,0.553525168015293,0.0695236392360418,-0.416826654814972,1,0.0641088018914064,-0.273350038064526,-0.103949587984967,0.368706146285974,0.66579010954467,-0.0860281219527886,-0.316950592855174,-0.019670152195782,-0.421445499346421,-0.357698233353855,-0.206901948703813,0.603167351757117,0.285972118812864,0.149724166729415,0.465334806309337,0.479277557071628,0.196975803018962,0.214965020377439,0.370341734757565,0.102934156153934,-0.000368358238411785,-0.11021938037173,0.563728713073565,0.644642935079841,0.238637736490312,0.536051808716152,-0.308637331115924,0.587119295262091,0.097395234236533,0.262906048050821,0.340462586088341,0.424982763364519,0.436812842137364,-0.498302479892916
"Lagenophora_huegelii",0.55690696945191,0.185244225448857,-0.0188707611417786,0.244424884459646,0.614211376398339,0.163058892890057,0.752607317534492,0.396330660430551,0.63691613807789,0.775709144642664,0.317148514984033,0.525807945198599,0.282031209720574,0.0680462675400911,0.303164681164625,-0.226360660597557,0.129666144998356,0.2348790408032,0.290239205336633,0.0420237576503107,0.769649803616407,0.637587198249972,0.621152733463613,0.482937558328195,0.26237505668748,0.0823032715163523,-0.149312926713564,0.2337018119096,0.436817423314068,0.0641088018914064,1,0.338034367033456,0.197306583475565,0.405723750335073,0.430240777206415,0.00213783903851175,0.606677948093627,0.268678677125532,-0.0483613511444582,0.537851089622682,-0.0476245165540113,0.364716734616224,0.0296562633871054,0.241210822724861,0.597938407618152,0.509933815584906,0.158675553198907,0.194738331369304,0.233108122073934,0.271969918869547,0.236765486009185,0.144303819192517,0.383329012841651,0.122969189573438,0.281847063155942,0.411925404545609,0.262160894038541,0.486936320074938,0.306028700579844,0.304930035673253,0.601640545354808,0.55067160509521,0.214515961792878,0.537305649314591
"Lepidosperma_longitudinale",0.233248373819536,0.0264065300160795,0.000613276190574889,0.0563794676510069,0.228294377805922,-0.0787628445456775,0.264387776980864,0.00954037996716125,0.119993516198095,0.312969883387184,0.198734983053044,0.516225851797481,0.254488544052678,-0.0101095530117568,0.0394017325900916,-0.338221108283319,-0.0783327708302538,0.208240945717599,0.10257268347067,-0.117779578456509,0.419178497390822,0.527975968346944,0.170732222531392,0.508527495731683,0.18481201315576,-0.28348051098958,-0.346641163675384,0.0804661571504385,0.424370972288467,-0.273350038064526,0.338034367033456,1,0.147121346430358,0.0147018442770203,-0.118824328120433,0.0431277089869981,0.455228705015273,0.141636470813812,0.182854134278832,0.442425812756494,0.0798837992451301,-0.120663269387774,-0.123433153354835,0.0444594632517035,0.060217731133705,0.0115921091215217,-0.0211072125158351,-0.00895723737891547,-0.0720509125843433,0.0814734464477394,0.116448281820198,0.128834009989226,-0.0920919169612727,-0.258985643621306,0.0191675327714786,-0.0622455573180387,0.279508095150626,-0.0507695949821529,0.10356848090209,0.0198332883072269,0.123308599357386,0.0607298413086697,-0.10898231622971,0.5120057443976
