"","X_Aira_sp_","X_Briza_maxima","X_Briza_minor","X_Carpobrotus_edulis","X_Disa_bracteata","X_Gladiolus_caryophyllaceus","X_Hypochaeris_glabra","X_Sonchus_oleraceus","X_Unknown_Bromus_grass","X_Ursinia_anthemoides","Acacia_pulchella","Adenanthos_obovatus","Allocasuarina_fraseriana","Astartea_scoparia","Banksia_attenuata","Banksia_ilicifolia","Boronia_sp_","Caladenia_flava","Caladenia_sp_","Calytrix_angulata","Chamaescilla_corymbosa","Dasypogon_bromeliifolius","Eriochilus_dilatatus","Euchilopsis_linearis","Gompholobium_tomentoseum","Hibbertia_stellaris","Hibbertia_subvaginata","Hypocalymma_angustifolium","Hypolaena_exsulca","Kunzea_ericifolia","Lagenophora_huegelii","Lepidosperma_longitudinale","Lepidosperma_squarrosa","Leucopogon_racemulosus","Levenhookia_pusilla","Lomandra_sp_","Macrozamia_riedlei","Melaleuca_preissiana","Orthrosanthus_laxus","Patersonia_occidentalis","Pericalymma_ellipticum","Phyllangium_paradoxum","Platytheca_galioides","Podolepis_gracilis","Podotheca_gnaphalioides","Poranthera_microphylla","Pterostylis_nana","Pterostylis_vittata","Pulteneaea_reticulata","Restionaceae","Restionaceae_sp_","Schoenus_sp1","Scholtzia_involucrata","Siloxerus_filifolius","Stylidium_brunonianum","Stylidium_piliferum","Stylidium_repens","Thelymitra_sp1","Thelymitra_sp2","Thysanotus_thyrsoideus","Trachymene_pilosa","Unknown_native_herb","Unknown_native_shrub","Xanthorrhoea_preissii"
"X_Aira_sp_",1,-0.0058079125661221,-0.0743938897372008,-0.033089878503582,0.00277331782013303,-0.0215431337124497,0.0504174797047648,0.0072954119909023,-0.0211387964232528,0.00979837030581197,-0.0104133749679676,-0.0288094370012894,-0.0317995252752188,0.00941181196727564,-0.0292862763263143,-0.29253565095954,-0.0212347840085785,-0.0293479263104676,0.021805109505042,-0.10139005595664,0.011921449280887,-0.0217827022214685,0.0125892237193522,-0.0616583511591704,0.0136781900715315,-0.137144700285671,-0.34683318590581,0.010093015491121,0.00042471864617452,-0.147061932118577,0.0115219698099047,0.0385122913683834,-0.011771445926561,0.00901170125065397,0.00305430859494653,-0.0429233458563908,0.0362717111692138,-0.00643995005227603,-0.0554922973053634,0.0254433545032238,-3.23476561414876e-05,-0.0787652179731367,-0.117318255932389,-0.0305195369645695,-0.0207169149501666,0.00533670744804525,-0.00235571114472695,-0.0255090537276884,-0.13248776604929,-0.0484824987996563,-0.0120855975360435,0.0232764012586825,-0.0115135890965133,-0.106593580198178,-0.0159121901881703,-0.0551757535062359,-0.0762163431566262,-0.0358291228301936,0.00258217533830686,0.0149134609834663,0.0141838432757623,-0.0555335644793566,-0.0280477607299922,0.0527606409436608
"X_Briza_maxima",-0.0058079125661221,1,-0.0474788924598694,0.00138587245269218,-0.00880160052461335,-0.00349812387279895,0.0179845777797161,0.00404579290135076,0.0035695533916202,0.00220667827013475,-0.00823422752614882,-0.0313011018503449,-0.0577314792757284,0.00649679203064773,-0.0122190306612351,-0.0746494810163784,-0.000941971474346869,-0.00320717094830521,0.00909894360492355,-0.0302830256104833,0.00202243990264739,-0.0159596305226326,0.00438293132594426,-0.0123866358191274,-0.00471125298595533,-0.0223607221222846,-0.0967789518223467,0.0130291055186041,-0.0149418558690457,-0.00851271877658205,-0.000319021101324742,-0.0454356341853456,-0.011587255749567,0.0116525156775722,0.00802522442042339,-0.00767715074914409,-0.0155810905992158,-0.00280911768467774,-0.0572742959511771,-0.0111806866260169,-0.0130009324424738,0.00564129932070732,-0.00912253379021785,0.00287927427946945,0.0052105202890015,0.00415097686092182,0.00264526444451034,0.00670400955291679,-0.0235588505349292,-0.011490451356078,-0.00224424263176039,-0.0169811814476927,0.00234660818925614,-0.000853992844073261,0.00803450516724188,0.00561606390262118,-0.0392640473767835,-0.0014480845601727,0.00311003616667394,-0.00347107639893457,0.0137775422327723,0.003879830713838,0.00429397116924349,-0.0294541202363126
"X_Briza_minor",-0.0743938897372008,-0.0474788924598694,1,-0.0296643899231762,-0.0434435027664571,-0.0974395964466259,-0.135064139363112,-0.0563382360327043,-0.0759297136408577,-0.131954788628517,-0.0520456883176301,-0.08940345849094,-0.0255867332154807,-0.0441772785885273,-0.0892943604631602,-0.0704143217645629,-0.0348182059867422,-0.0204320208298407,-0.045391344801043,-0.0512351205504896,-0.139606423211456,-0.0926473731436783,-0.0680482905188853,-0.0454441623482876,-0.0450263851357135,-0.0858855027574579,-0.0903037805499493,-0.0497870680902526,-0.0187132380595264,-0.0600823572241241,-0.1440739028009,-0.030189652864068,-0.0462338335498868,-0.0420442035090767,-0.135786891950705,-0.0160100599315401,-0.0482563873254629,-0.0409602396861706,-0.0104765142932406,-0.100235422209703,-0.02912824128431,-0.107082760145766,-0.0793382136002355,-0.045590291925391,-0.0313771678377871,-0.121884113456796,-0.0862984087720373,-0.0344029856085579,-0.0642802122093939,-0.0200911878155966,-0.0207204347502728,-0.0290318381803759,-0.046100838822809,-0.106312632327098,-0.0906707590183564,-0.110111350377063,-0.0427633771002237,-0.0708610054112145,-0.0393183693685739,-0.0329118644134021,-0.130539741770961,-0.118263300222204,-0.0422799963037929,-0.0940657350245569
"X_Carpobrotus_edulis",-0.033089878503582,0.00138587245269218,-0.0296643899231762,1,-0.021887751444874,0.00203409590130819,0.00964716706558071,0.00428718740611835,-0.00108741109443221,-0.000664236110231522,-0.0297191183394177,-0.0923119896846252,-0.0946001496477985,0.00169143422317379,-0.00996836835565367,-0.0340049656370974,0.000125684468934908,-0.0140269351522463,-0.000690883230141516,-0.0184958248384013,-0.0148035172891089,-0.0760165529891003,-0.00198704298841592,-0.0333500283717934,-0.00892964047259594,0.00312372770142614,-0.056267045725674,-0.00400734948818507,-0.0764909405296117,0.00414213702032527,0.000998457134855449,-0.0904824410361834,-0.0243357739394733,0.00596858061965376,0.0101458358282286,-0.0161108217887489,-0.0634433254744533,-0.00604467255649447,-0.0671652321497648,-0.0951186179845657,-0.0542207643263468,0.00859839572627955,0.00387382680596731,0.00365286365611924,0.00524112938537505,0.00830341512335162,0.008399462705589,0.00077618620308427,-0.00499141277312939,-0.0175480744274852,-0.00656657257929725,-0.0584317336181509,0.0048239675798524,0.000966008836782933,0.00359527062742599,0.0117951353982955,-0.100998743811262,0.00557535361938142,0.00275234373865812,-0.0108138231833943,0.0259232563659155,0.0149528845843912,0.007948079225031,-0.0971797701506327
"X_Disa_bracteata",0.00277331782013303,-0.00880160052461335,-0.0434435027664571,-0.021887751444874,1,0.00148056788090024,0.033226270134071,0.0138642195026334,0.00818700438096372,-0.0106913230526657,-0.02433593132042,-0.0247188805464961,-0.0140888899075046,0.00903949638300428,-0.0353562310125838,-0.13888589787574,-0.000673677710659337,-0.0096895066958375,0.01177134878209,-0.0320058724676765,0.0215925587365255,-0.00452177490554969,-0.00614249807719706,-0.047684943896585,-0.00692013117367012,-0.0355506369435711,-0.140561121057915,0.0222028727891829,-0.0559675882856156,-0.040252264553143,0.00785568224849759,-0.0313099796694551,-0.00839544764389264,0.0122448940423183,0.0254804708895501,-0.0187143357149608,-0.0373357643291621,-0.0115053459121957,-0.0479258034661853,-0.0104287109806679,-0.0228947109971182,-0.00664165642656703,-0.0253684455621025,0.00274756783103755,-0.0301161033224624,0.0250934011268932,0.0133099591625902,-0.00580251517694093,-0.0214934570902016,0.00924832171841109,-0.00479531265054529,-0.0144302338655503,-0.00656935282575903,-0.0536712648981035,0.00965166455301174,-0.021728002285648,-0.0472622141761402,0.0131504875940401,0.00488281481826224,-0.00360746903886168,0.0673279564163108,0.015851440841292,-0.0102201646633824,-0.0200352998449793
"X_Gladiolus_caryophyllaceus",-0.0215431337124497,-0.00349812387279895,-0.0974395964466259,0.00203409590130819,0.00148056788090024,1,0.00657237996051441,0.00114185891224941,0.00126540242961217,0.000258916637584543,-0.0156786584871547,-0.0996128548045914,-0.098992368438289,0.00553091559554687,-0.0123772044309554,-0.0520156218118118,0.000282389545359449,-0.0059705047149257,0.00640756470528424,-0.0175204739618242,-0.00515230513261085,-0.0726098866871872,-0.00162605039381336,-0.039169298025488,-0.0220322212858794,0.00554165123039117,-0.0529972377524024,0.00723172496273616,-0.146636178242983,0.00801633245389266,0.00111182075034412,-0.127021151222996,-0.00430657393135356,0.00378272498032329,0.0109746795724649,-0.0337268679431359,-0.157399395097655,-0.0149630697809571,-0.138263174920742,-0.0618840653089168,-0.0589062524239077,0.00728083605897718,0.00330435490409802,0.00131207300732754,0.00382997103799769,0.00665406961479613,0.00787733120969263,0.00565494309324344,0.00981815206738017,-0.00500703256883207,-0.00423385242381619,-0.108645466427425,0.00148375372270708,0.00119633008134618,0.00414617639376274,0.00706368961198161,-0.0478048281422245,0.00414559186060203,0.00319520811232113,-0.000729480896468766,0.0172906794106309,-0.0160942250430893,0.00716548822967368,-0.117573036810686
"X_Hypochaeris_glabra",0.0504174797047648,0.0179845777797161,-0.135064139363112,0.00964716706558071,0.033226270134071,0.00657237996051441,1,0.0271577729394844,0.0222448650522269,0.044712131581267,-0.0382356092368612,-0.0778876709202509,-0.092095457830476,0.0457451366369076,-0.108118458976656,-0.240385028304786,-0.00155699677634257,-0.0450685421008047,0.0582121862553823,-0.0727282957144476,0.0588211504275537,-0.0272402204268748,0.0366861776585689,-0.116177776872405,0.0403183188360214,-0.00181378237869721,-0.333999009659015,0.0794018674854237,-0.0782872632219463,-0.0379347850722512,0.0271944096186695,0.0304454614029938,-0.0290146932960715,0.0640610024178769,0.079326790648066,-0.0727072220415343,0.0612283068673083,-0.0214182289656337,-0.168852021873302,0.0623287708491797,-0.074301120198704,0.0366196213008016,-0.00333533402869903,0.0248179712633427,0.00804560963457428,0.0372011299289235,0.0193628945100467,0.0419285814135625,-0.00257213652345247,0.0252977362619559,-0.00188761250678388,0.0548993846993167,0.0138954504776954,-0.00548814373249683,0.0515487791181178,-0.00323199499284023,-0.160383627320351,0.0345731870678792,0.0244323885785773,0.043216917020865,0.104611414893494,0.0485497810554417,0.0153473803551042,0.102395202552694
"X_Sonchus_oleraceus",0.00729541199090229,0.00404579290135076,-0.0563382360327043,0.00428718740611835,0.0138642195026334,0.00114185891224941,0.0271577729394844,1,0.00662215655214172,-0.0091486413257848,-0.0251968802239507,-0.0311423038099668,-0.0614739276275597,0.019449281139692,-0.0411979352986365,-0.0966130210719331,-0.000246696155550683,-0.00780848453033828,0.0163113024699146,-0.038057137398381,0.0280947120646475,-0.017289601698607,-0.00616234971719387,-0.0421266195287546,-0.00599218897351144,-0.0124213952140268,-0.135735493136748,0.0292048614864496,-0.0878096207801724,-0.00215500101292018,0.00525304822087389,-0.0565700508283585,-0.00870905376909225,0.0150376044506363,0.0212257860770401,-0.0233232702086962,-0.0741869114785231,-0.010260944926989,-0.0811671904073137,-0.0203933072622856,-0.0408966000228703,0.00682220577969457,0.0053178443221013,0.000371444301727441,0.0130315188737403,0.0191260148789742,0.00813241916390759,0.0163774757587057,-0.00800130725302738,0.00224376743686724,-0.00414449478431766,-0.0609574443351846,0.0133197830271513,-2.66756589692491e-05,-0.000581851664033346,0.0186485519327684,-0.0469089870189715,0.0112035353251994,0.0104450513198977,-0.00457860956984211,0.0690962589230441,0.0477862795721176,0.0116343581682712,-0.0252225610444092
"X_Unknown_Bromus_grass",-0.0211387964232528,0.0035695533916202,-0.0759297136408577,-0.00108741109443221,0.00818700438096372,0.00126540242961217,0.0222448650522269,0.00662215655214172,1,-0.000407603893053468,-0.0221897034483708,-0.108107482833841,-0.0699258666432929,0.00991050016607431,-0.0109328332479454,-0.187849852826896,-0.00129979216922098,-0.00693854148721926,0.0126227809848923,-0.0475815555326543,0.00580161903560585,-0.0746122751347944,0.00352580910022532,-0.0467354579438823,0.00667788118028078,-0.0350963683594548,-0.268695494640565,0.0135447023616789,-0.135102642360522,-0.0438889798446488,-0.000712212032815175,-0.132711946101631,-0.00379451156625308,0.0130194978300097,0.00707537730847869,-0.00936805528823688,-0.16438315919046,-0.00372541985527271,-0.0842562640796802,-0.0357893274470743,-0.0715236589869402,0.0078366114499552,-0.0154106264443718,-0.00463036677048163,-0.0137557605759796,0.00619609925938691,0.00447111928516115,0.00909101028770534,-0.00116518208287376,0.00508349102717895,-0.00124911360083592,0.0128594045852665,0.00403842774633176,-0.00036516126883491,0.0103184827941513,-0.0170572677257499,-0.0416494325745022,0.00637223956462142,0.00718791245616287,0.00728848761177417,0.0172273167823088,-0.00731251253575095,-0.00237507094416708,-0.124753393034335
"X_Ursinia_anthemoides",0.00979837030581198,0.00220667827013475,-0.131954788628517,-0.000664236110231521,-0.0106913230526657,0.000258916637584543,0.044712131581267,-0.0091486413257848,-0.000407603893053467,1,-0.0313809276706781,-0.0490078379575972,-0.105123942665255,-0.0113368091236305,-0.0640843282598732,-0.197010525116313,0.00652210092976241,-0.0429789574615679,0.00691598994640237,-0.0905922141092063,0.0285652445236459,-0.00483878548438013,0.0343581605014128,-0.0990814116048142,0.022689751512631,-0.0270632294509865,-0.278996644076273,-0.0152472464341731,-0.0245929421232403,-0.0240759094629305,0.0424635347418971,-0.0340964884456962,-0.0201642836925374,0.0252064066356278,0.0481578406123264,-0.0559368780145476,0.0104548664260889,-0.00830687284732835,-0.145338280216152,-0.00478010801274964,-0.0586469274438171,-0.000736833675832563,-0.0294545151717178,-0.0241820388236305,-0.0096444820634912,-0.00388123575805288,0.00793482017018659,-0.0179872885841531,-0.0027610904148027,-0.00976955705045224,0.0118772111907378,0.0181866357510884,-0.00583148133979799,-0.0118997876417776,0.00869604929499096,-0.0216936554962702,-0.128526338496096,-0.00253831455380907,-0.0151759572177984,0.0167118712879489,-0.0141689664134471,-0.0126227402428474,-0.016464019018884,0.0621354123530284
"Acacia_pulchella",-0.0104133749679676,-0.00823422752614882,-0.0520456883176301,-0.0297191183394177,-0.02433593132042,-0.0156786584871547,-0.0382356092368612,-0.0251968802239507,-0.0221897034483708,-0.0313809276706781,1,-0.0293996869259371,-0.0219305616167611,-0.0181037151258539,-0.00113941717605113,-0.211033048325128,-0.0313142221969668,-0.00391006940859485,-0.0359880965229648,-0.0483337351438423,-0.0425510186718013,-0.0285350362229609,-0.0133792765438772,-0.0279578054142051,-0.0223809790428928,-0.0515719736068264,-0.285320515667141,-0.0259596809045682,-0.0221880840970111,-0.114031185754989,-0.0350376011679086,-0.0275413075058089,-0.000557823199370388,-0.0228154550336161,-0.0454758428592205,-0.0251990538887379,-0.0149729298812166,-0.0134050554222321,-0.0507559186859345,-0.0133995331248857,-0.0183338241107454,-0.0393494529081412,-0.112261261000895,-0.0349863971965158,-0.0183094465035013,-0.0257360102238892,-0.0289884891096576,-0.0334894019152609,-0.0989753968607851,-0.0190327923807642,-0.0102210718796401,-0.00801300071590404,-0.0120378385383453,-0.106864237157171,-0.0333704994366305,-0.0598951514486015,-0.0334258488555141,-0.0221131290773954,-0.027067132299461,-0.00489344529014842,-0.0743455008869503,-0.0736106568661756,-0.0308969249595063,-0.0287203778604884
"Adenanthos_obovatus",-0.0288094370012894,-0.0313011018503449,-0.08940345849094,-0.0923119896846251,-0.0247188805464961,-0.0996128548045915,-0.0778876709202509,-0.0311423038099668,-0.108107482833841,-0.0490078379575972,-0.0293996869259371,1,-0.0636107398042326,-0.0233709124797425,-0.00610629654061057,-0.571589187335299,-0.0838339296329618,-0.00142354477035058,-0.0635750285236335,-0.168338906300487,-0.0632192968291521,-0.00384298915359762,-0.0326771669565299,0.00511429158220625,-0.0240975249302799,-0.288929942140013,-0.699788540719864,-0.0409287771536933,-0.015631227611429,-0.375220077701641,-0.0108404650064088,-0.0522376947335527,0.00527397953875853,-0.0447800405595595,-0.0911364890262826,-0.0223679501333992,-0.0319722733191356,-0.00259915158869197,-0.016683679975197,-0.0310467494606843,-0.00238869342875466,-0.241353345430463,-0.339993798342114,-0.106834213029834,-0.119339630402649,-0.0222815085034382,-0.0458716615332738,-0.0323043850421482,-0.255779038571159,-0.101452762821917,-0.0272540338611495,-0.0489770246430922,-0.0449274284191084,-0.330345559465163,-0.0471650242061444,-0.174766497275993,0.00382786640034253,-0.102512914020923,-0.0247751505045297,-0.0253731320148814,-0.0814367702145206,-0.217385947327209,-0.0974185977074415,-0.0493840239945241
"Allocasuarina_fraseriana",-0.0317995252752188,-0.0577314792757284,-0.0255867332154807,-0.0946001496477985,-0.0140888899075046,-0.098992368438289,-0.092095457830476,-0.0614739276275597,-0.0699258666432929,-0.105123942665255,-0.0219305616167611,-0.0636107398042326,1,-0.0217046265018073,-0.08632470189041,-0.322292851902415,-0.0406908074332301,-0.0354982534259912,-0.048582519277859,-0.0998429348420751,-0.0829527742302832,-0.0689499812115689,-0.0347794630636247,-0.0628837797220313,-0.00974625300447581,-0.189614966825222,-0.409094734705021,-0.0449399600792716,-0.0326332443739547,-0.212698574175766,-0.096845606337659,-0.0236367629050251,-0.0151861851140168,-0.0664471829734858,-0.173540988661949,-0.0491121463942248,-0.0295598255287371,-0.0242419232040024,-0.0455619354201896,-0.0485286512275114,-0.0248808686061931,-0.153648858596214,-0.145086241455579,-0.0366733327669143,-0.11747015439979,-0.100713872411,-0.0617720722062571,-0.0600659248133456,-0.239687102037592,-0.0499393760984863,-0.0166976775200299,-0.0312490382299908,-0.026082510510774,-0.235448771240164,-0.115056195925471,-0.105376742715031,-0.0745234268158386,-0.138923649065548,-0.0376039531271958,-0.0180145696241466,-0.1172842978283,-0.0759401319333076,-0.0820904761025976,-0.0522335794819904
"Astartea_scoparia",0.00941181196727565,0.00649679203064773,-0.0441772785885273,0.00169143422317379,0.00903949638300429,0.00553091559554687,0.0457451366369076,0.019449281139692,0.00991050016607431,-0.0113368091236305,-0.0181037151258539,-0.0233709124797425,-0.0217046265018073,1,-0.0342201823415316,-0.0895338783413191,-0.00197367215491486,-0.015151572719855,0.028493946680215,-0.0166572040450452,0.022991111644437,0.00202101253357167,-0.00117792580945502,-0.0486447769218854,0.00237182999770986,-0.0141441368437525,-0.117652508640832,0.0250826061107759,-0.0401244889671055,-0.0316225107076449,0.00949967641740892,-0.00951445199881846,-0.0097218782772763,0.0218874218670764,0.0237058225882055,-0.0226091304838827,-0.00491505755750047,-0.0125587846824794,-0.0474316857666738,0.0218529082631779,-0.0207225534997596,0.0278225025677146,0.000119058386827804,0.000590385514724988,0.00661628517640654,0.0308464488741646,0.018682994766631,0.0130313412380261,-0.00105659274129618,0.000827125453701155,-0.00597740012541123,-0.00145601449847357,0.00460934693015747,0.000100739635119325,0.0149790074275084,-0.00938018235034702,-0.0566145340434819,0.0205616472002753,0.00742835363310986,0.00232529343179104,0.0633022489037224,0.00243770100242565,0.00122497553103783,0.0015378219851871
"Banksia_attenuata",-0.0292862763263143,-0.0122190306612351,-0.0892943604631602,-0.00996836835565367,-0.0353562310125838,-0.0123772044309554,-0.108118458976656,-0.0411979352986365,-0.0109328332479454,-0.0640843282598732,-0.00113941717605113,-0.00610629654061057,-0.08632470189041,-0.0342201823415316,1,-0.12974952980957,-0.00410859261817676,-0.00310471585547364,-0.0913102960474869,-0.0398395725551364,-0.0774781408569504,-0.00556741012865612,-0.0399671722090306,-0.00483196319768054,-0.0214809667849128,-0.056760703171535,-0.167388077989583,-0.0471422415097688,-0.0782089590867077,-0.0563646675060063,-0.0281351230413748,-0.0637294982330169,-0.00218146464741786,-0.0643167635154712,-0.104263087761872,-0.0088922265988182,-0.0577367138449295,0.00856483824052028,-0.102225653113835,-0.0239267027481746,-0.0303079172700861,-0.0505473246675715,-0.0419720499435359,-0.027179908658978,-0.0390673236479132,-0.0262441128848009,-0.0565623676186271,-0.0385042215402735,-0.0757811878978364,-0.0226404670372605,-0.00748938550129301,-0.0446073985011469,-0.0166843291018696,-0.0117863522950177,-0.05118311172022,-0.118245351246416,-0.0375155354194445,-0.0244297165090436,-0.0373859603269955,-0.0279866524897478,-0.112845469618384,-0.0831776182362695,-0.0287373945773771,-0.0459184814677356
"Banksia_ilicifolia",-0.29253565095954,-0.0746494810163784,-0.0704143217645629,-0.0340049656370974,-0.13888589787574,-0.0520156218118118,-0.240385028304786,-0.0966130210719331,-0.187849852826896,-0.197010525116313,-0.211033048325128,-0.571589187335299,-0.322292851902415,-0.0895338783413191,-0.12974952980957,1,-0.00781074690398331,-0.100811942088567,-0.12041501964261,-0.000851592478085189,-0.369599985811402,-0.504387643350859,-0.0806088260297843,-0.247969586945852,-0.147942181617039,0.0280030998662462,0.0658128260870775,-0.149132282727303,-0.413583181559937,0.0461934527544045,-0.259621668327122,-0.384775093205333,-0.180193754716483,-0.0432187344657159,0.0298989311758256,-0.0905351566389728,-0.44920757281214,-0.149396689477752,-0.250187910751998,-0.532310355437266,-0.235583905254344,0.00811441910428232,-0.0191883563681213,-0.0645528500227399,-0.0310808689198791,-0.0136747941437385,-0.0631348937094841,-0.0767553909508231,0.0398070149316531,-0.0753321359603042,-0.119620896160371,-0.223231587287385,-0.017450557751994,0.0137035510517384,-0.06350429910599,-0.0434532570711337,-0.300284296961029,-0.00585195150358664,-0.0361831786522631,-0.0815124153501846,-0.0619194540123218,-0.220130985721863,0.00160692703872991,-0.60385191976035
"Boronia_sp_",-0.0212347840085785,-0.000941971474346869,-0.0348182059867422,0.000125684468934908,-0.000673677710659336,0.000282389545359449,-0.00155699677634256,-0.000246696155550683,-0.00129979216922098,0.00652210092976241,-0.0313142221969668,-0.0838339296329617,-0.0406908074332301,-0.00197367215491486,-0.00410859261817676,-0.00781074690398331,1,-0.0157462201252108,-0.000527835865246074,-0.00486212352072227,0.00264242641767816,-0.060359821287029,0.000438337993933057,-0.0342269965584001,-0.00275794237619232,-0.00565554053391366,-0.00661425607688897,-0.00500628007671649,-0.0919378301278642,-0.00308813635200131,0.00663366996670615,-0.0821844676878064,-0.00436191522442154,0.000419788975002502,0.00403900967510429,-0.0174204215430671,-0.0809210112776199,-4.08103637992059e-05,-0.0663997732682563,-0.0894077998113867,-0.0444959428781945,-0.000986477238792324,-0.000375679075182315,-0.00203817590852881,-0.00208531313135562,0.00090323655043907,0.00164465492066133,-0.00473123206492872,-0.00457618459388794,-0.00413209682884424,0.00118320203710175,-0.0142195398865654,9.97658138024069e-05,-0.00131681791612831,-0.00355518468493112,-0.00138019564296426,-0.0188280660195304,-0.00108862844229851,-0.000641935734741594,-0.00210242048980494,-0.000770755117314832,-0.0017326699036715,-2.79715160250901e-05,-0.0778721597536666
"Caladenia_flava",-0.0293479263104676,-0.00320717094830521,-0.0204320208298407,-0.0140269351522463,-0.0096895066958375,-0.0059705047149257,-0.0450685421008047,-0.00780848453033829,-0.00693854148721926,-0.0429789574615679,-0.00391006940859485,-0.00142354477035058,-0.0354982534259912,-0.015151572719855,-0.00310471585547364,-0.100811942088567,-0.0157462201252108,1,-0.0262695501486047,-0.0241692114201811,-0.021706051906038,-0.000295783692783127,-0.0188886840706372,-0.0045879848929782,-0.0264047211047497,-0.0273796744052555,-0.12763556333999,-0.00630188694633254,-0.00475983005618006,-0.0486261542656369,-0.0437162384120855,-0.0436732156483436,0.000231837306631504,-0.0379081830072311,-0.033691682785613,-0.00818237352966644,-0.0302079765040428,-0.00183282414741695,-0.0260547095641119,-0.0207825140344535,-0.0150637319711142,-0.0226443941025553,-0.0507679058663735,-0.0184747917653031,-0.0105508341937092,-0.0159454301301259,-0.0137629073120133,-0.00314011337367092,-0.0280022591890108,-0.0140461212348763,-0.00962919771393593,-0.0270007298538339,-0.00818964434140532,-0.0501277736247261,-0.0170540564000244,-0.0320772186526185,-0.013036795094297,-0.0129715621098419,-0.00825216698448057,-0.0225751420524282,-0.0133547935659521,-0.0395563263074883,-0.0125068492602761,-0.0577973357791603
"Caladenia_sp_",0.021805109505042,0.00909894360492355,-0.045391344801043,-0.000690883230141516,0.01177134878209,0.00640756470528424,0.0582121862553823,0.0163113024699146,0.0126227809848923,0.00691598994640237,-0.0359880965229648,-0.0635750285236335,-0.048582519277859,0.028493946680215,-0.0913102960474869,-0.12041501964261,-0.000527835865246075,-0.0262695501486047,1,-0.0217593297334139,0.0390651576482921,-0.00458208525820199,0.00480739920374506,-0.0718568071880358,0.00907867407786737,-0.0273733732135313,-0.170712262671537,0.0461186253315895,-0.0446766196027438,-0.0198107022041805,0.0157848402112666,-0.0367596415948095,-0.0215673991279593,0.0244186231656689,0.0270091630381504,-0.0497789342594474,-0.0141682036882016,-0.018912924010853,-0.0587362922079089,0.0196197911059586,-0.067943180714518,0.0116215983631321,-0.0175763167699769,0.0152698349118658,-0.01158407546697,0.0295306165257511,0.0142553185580333,0.016964696813612,-0.0284595759540202,0.000320377846328011,-0.00501995555719455,0.0109925738820361,0.0091948401422442,0.00281767645445295,0.0232276705163957,0.0382814410184397,-0.115101589384587,0.0251966633558541,0.017219805524277,0.0115985446577776,0.0737820631453563,0.05922045224807,-0.00111220733234351,0.0146611469333108
"Calytrix_angulata",-0.10139005595664,-0.0302830256104833,-0.0512351205504896,-0.0184958248384013,-0.0320058724676765,-0.0175204739618242,-0.0727282957144476,-0.038057137398381,-0.0475815555326543,-0.0905922141092063,-0.0483337351438423,-0.168338906300487,-0.0998429348420751,-0.0166572040450452,-0.0398395725551364,-0.000851592478085189,-0.00486212352072227,-0.0241692114201811,-0.0217593297334139,1,-0.121749594447261,-0.165200027945025,-0.0395620813020905,-0.0683194443601358,-0.0516705963640566,0.0173719831728883,0.00893691498377021,-0.0603251910243342,-0.116607409074283,0.0104110589046114,-0.101920433459375,-0.114703303231497,-0.0416672570531857,-0.00632220557651092,-0.0174978263181439,-0.032618791548947,-0.11038295600671,-0.0400954141203211,-0.0538445888722337,-0.168310022875129,-0.064505125387282,0.010032875942427,-0.00865861708381686,-0.0107401057889326,-0.0041228732688702,-0.036379938881694,-0.0136655368319335,-0.0146466304467638,0.00507778298439848,-0.0156853917123706,-0.0146623354704377,-0.0517855510330442,-0.00717815113175589,0.00690217151502071,-0.0573545910627724,-0.0289226928836059,-0.0646705917384772,0.00931872767710566,-0.0189023975145487,-0.0214072740944389,-0.0725368689423939,-0.0618763810410885,-0.000931072858560121,-0.167817033812709
"Chamaescilla_corymbosa",0.011921449280887,0.00202243990264739,-0.139606423211456,-0.0148035172891089,0.0215925587365255,-0.00515230513261085,0.0588211504275537,0.0280947120646475,0.00580161903560585,0.0285652445236459,-0.0425510186718013,-0.0632192968291521,-0.0829527742302832,0.022991111644437,-0.0774781408569504,-0.369599985811402,0.00264242641767816,-0.021706051906038,0.0390651576482921,-0.121749594447261,1,0.0160554838265501,0.0158053824976838,-0.103681619545884,0.00135509712082798,-0.0634436885608543,-0.482415134723677,0.0342537962016834,-0.0300008541842199,-0.123206366349574,0.0186849035923907,0.00973023686728977,-0.0186380898209145,0.0170805886906331,0.0673711813184418,-0.0525481659325519,0.0101950362206762,-0.0154926442052092,-0.189293563136811,0.0159002873992115,-0.0496205101811553,0.0150163329706001,-0.0474198612283104,-0.00911899084482186,-0.0293898009482619,0.0280314998840407,0.0257258073677183,0.0257114699078459,-0.0868007662125352,0.00706648317453062,-0.00173285012887087,-0.00578725258297996,0.0034928577774472,0.00497410976590882,0.0255512468907262,-0.0509877022530781,-0.108535998632776,0.0189168888587453,0.0228986381810773,0.00647016657996832,0.0989371707705651,-0.02185126668688,-0.0101025908627453,0.00350461950276467
"Dasypogon_bromeliifolius",-0.0217827022214685,-0.0159596305226326,-0.0926473731436783,-0.0760165529891003,-0.00452177490554969,-0.0726098866871872,-0.0272402204268748,-0.017289601698607,-0.0746122751347944,-0.00483878548438013,-0.0285350362229609,-0.00384298915359762,-0.0689499812115689,0.00202101253357167,-0.00556741012865612,-0.504387643350859,-0.060359821287029,-0.000295783692783127,-0.004582085258202,-0.165200027945025,0.0160554838265501,1,-0.0131116602333249,-0.0204233388906321,-0.0284477687223555,-0.262467829202575,-0.652527690056786,-0.00732552042528063,-0.00999635313536565,-0.302532823153809,-0.002641449315997,-0.0430591476774485,-0.00059122731097043,-0.0252676657912151,0.0178619921492983,-0.0144378916675943,-0.0201234865561437,-0.00112756230149824,-0.027527724961245,-0.0119377357783366,-0.00286553660084631,-0.208219451553292,-0.274426060402533,-0.0729476883648644,-0.0831009763498345,0.00226192500344043,0.00303951689149548,-0.00640117819319103,-0.235972027012195,-0.0854736076321068,-0.0229727945502539,-0.0551351657209319,-0.0307698193089614,-0.269291067630428,-0.021199078523369,-0.123623049877799,-0.00772436727550812,-0.0789788397678771,0.00658514929528078,-0.025906976317938,0.0276253448306977,-0.143934321368916,-0.0737328707870185,-0.0588312612888977
"Eriochilus_dilatatus",0.0125892237193522,0.00438293132594426,-0.0680482905188853,-0.00198704298841592,-0.00614249807719706,-0.00162605039381336,0.0366861776585689,-0.00616234971719387,0.00352580910022532,0.0343581605014128,-0.0133792765438772,-0.0326771669565299,-0.0347794630636247,-0.00117792580945502,-0.0399671722090306,-0.0806088260297843,0.000438337993933056,-0.0188886840706372,0.00480739920374506,-0.0395620813020905,0.0158053824976838,-0.0131116602333249,1,-0.048159324687799,0.0147471755794887,-0.0150473880968141,-0.118223672121211,0.00443298357664543,-0.0212716522756019,-0.0225076844582108,0.0142098975679193,-0.0154472315586532,-0.0117487064200345,0.0157856012304203,0.0195996357273189,-0.0276042962654748,0.00738564622635743,-0.00642283203074463,-0.0738149022234285,0.00618732804974533,-0.0259181179501419,-0.00198488491237298,-0.0246101273517692,-0.010501094628479,-0.00534114246705118,-0.00309094501375794,-0.00153967864784341,-0.0036925977323724,-0.0121899797432203,-0.000519480001933717,0.00526404056756847,0.0204076854850724,-0.00297556933565183,-0.00885956648706119,0.0164435695143524,-0.00543606672656285,-0.0676425331331085,0.000680021109761825,-0.00815223782152697,0.0159570711553209,-0.00273179902951816,-0.00480682777802345,-0.0122371705856449,0.0382155397223612
"Euchilopsis_linearis",-0.0616583511591704,-0.0123866358191274,-0.0454441623482876,-0.0333500283717934,-0.047684943896585,-0.039169298025488,-0.116177776872405,-0.0421266195287546,-0.0467354579438823,-0.0990814116048142,-0.0279578054142051,0.00511429158220625,-0.0628837797220313,-0.0486447769218854,-0.00483196319768054,-0.247969586945852,-0.0342269965584001,-0.0045879848929782,-0.0718568071880358,-0.0683194443601359,-0.103681619545884,-0.0204233388906321,-0.048159324687799,1,-0.0973256201043574,-0.13790425181878,-0.314898078660723,-0.0585215072269558,-0.0425420515264311,-0.150215479365773,-0.105310392921352,-0.0853143860217811,-0.000519185748993953,-0.0890187710864498,-0.0997671990169274,-0.0152630615214617,-0.0605816326935777,-0.0367198216768153,-0.0337745360075621,-0.0450978748921044,-0.03281444095304,-0.107909366348873,-0.124361368511427,-0.0638656488071626,-0.0397036995147572,-0.0490836658272586,-0.0408593116199488,-0.0431788052032299,-0.125950598907011,-0.0510259697850556,-0.0198371695401227,-0.0593239370139253,-0.0273977532656943,-0.128950323663392,-0.0193821717323149,-0.0907103565149305,0.00711578266961948,-0.04414338818751,-0.0481910399588948,-0.0464490772889941,-0.12394663231587,-0.113688389753495,-0.0494980817643903,-0.119148515614767
"Gompholobium_tomentoseum",0.0136781900715315,-0.00471125298595533,-0.0450263851357135,-0.00892964047259594,-0.00692013117367012,-0.0220322212858794,0.0403183188360214,-0.00599218897351144,0.00667788118028078,0.022689751512631,-0.0223809790428928,-0.0240975249302799,-0.00974625300447581,0.00237182999770986,-0.0214809667849128,-0.147942181617039,-0.00275794237619232,-0.0264047211047497,0.00907867407786737,-0.0516705963640566,0.00135509712082798,-0.0284477687223555,0.0147471755794887,-0.0973256201043574,1,-0.154462580480021,-0.308463155784,0.00510704785452758,-0.000111350578390313,-0.0861196893435845,0.011524182734248,0.0301994994564769,-0.00948241856513285,0.0205712163964734,0.00195166821136635,-0.0852411536094616,0.023818882301696,-0.00213042869200411,-0.13484122624841,0.0217575751079505,-0.0101260258120582,-0.0183762895958638,-0.0476424510585134,-0.00788509479000264,-0.00882436337659065,-0.00766045344929704,-0.010143522961036,-0.0257173951840667,-0.14808353966491,0.00566783392110488,0.00103167305816224,0.0262552788454426,-0.0060763609459211,-0.0272087818059755,-0.0272170463214128,-0.0161340998328943,-0.106406651959134,0.000380717243492134,-0.00989842016448136,0.0171224763527464,-0.0261842948881017,-0.0142854779010787,-0.0141511278185882,0.0578293840802756
"Hibbertia_stellaris",-0.137144700285671,-0.0223607221222846,-0.0858855027574579,0.00312372770142614,-0.0355506369435711,0.00554165123039117,-0.00181378237869721,-0.0124213952140268,-0.0350963683594548,-0.0270632294509865,-0.0515719736068264,-0.288929942140013,-0.189614966825222,-0.0141441368437525,-0.056760703171535,0.0280030998662462,-0.00565554053391366,-0.0273796744052555,-0.0273733732135313,0.0173719831728883,-0.0634436885608543,-0.262467829202575,-0.0150473880968141,-0.13790425181878,-0.154462580480021,1,0.0434232797546917,0.00114512315476802,-0.261196291712611,0.042919056030075,-0.128513514288947,-0.248276724104875,-0.0144291451117241,-0.0375101407919644,0.0200000817526679,-0.0571500371622507,-0.329553544373092,-0.068528958493931,-0.153160518191417,-0.238531266967338,-0.140006411258917,0.026176829023983,0.0172409886779938,-0.0300309308442624,-0.00958094503087434,-0.00566561957226172,0.0240641753465006,-0.00985212349154307,0.0391979198152248,-0.0249729508317987,-0.0125672975068714,-0.192965138537892,-0.00317392129358726,0.0121202058087136,0.00944825661659549,0.0285089309296057,-0.148783582599523,0.0113779638046526,-0.00550621987603327,-0.024189856370387,0.00704395519120156,-0.0402160706414551,0.0140397383662985,-0.322003836145592
"Hibbertia_subvaginata",-0.34683318590581,-0.0967789518223467,-0.0903037805499493,-0.056267045725674,-0.140561121057915,-0.0529972377524024,-0.333999009659015,-0.135735493136748,-0.268695494640565,-0.278996644076273,-0.285320515667141,-0.699788540719864,-0.409094734705021,-0.117652508640832,-0.167388077989583,0.0658128260870775,-0.00661425607688897,-0.12763556333999,-0.170712262671537,0.00893691498377021,-0.482415134723677,-0.652527690056786,-0.118223672121211,-0.314898078660723,-0.308463155784,0.0434232797546917,1,-0.203197944610824,-0.506048537860822,0.0606247024149444,-0.351038629488618,-0.480772163100887,-0.207729854724682,-0.0679935404548709,0.0460772852756367,-0.128651743590644,-0.544232505083351,-0.209384345577136,-0.28908491680692,-0.681435829603614,-0.292990437613101,0.0268152708368481,-0.0220434188615291,-0.0530765647011548,-0.0277003179103678,-0.0190648246927764,-0.094508587731655,-0.109895631831005,0.0532807953317104,-0.0995610013027311,-0.153755605079382,-0.258069437532953,-0.023256777713487,0.0192076140421101,-0.103738145905225,-0.0246109201310344,-0.350880175193687,0.0158177770264418,-0.0489700219496923,-0.0993044073991989,-0.0954555060229886,-0.341947550792342,0.0149885091582835,-0.730647875749927
"Hypocalymma_angustifolium",0.010093015491121,0.0130291055186041,-0.0497870680902526,-0.00400734948818508,0.0222028727891829,0.00723172496273616,0.0794018674854237,0.0292048614864496,0.0135447023616789,-0.0152472464341731,-0.0259596809045682,-0.0409287771536933,-0.0449399600792716,0.0250826061107759,-0.0471422415097688,-0.149132282727303,-0.00500628007671649,-0.00630188694633254,0.0461186253315895,-0.0603251910243342,0.0342537962016834,-0.00732552042528063,0.00443298357664543,-0.0585215072269558,0.00510704785452758,0.00114512315476802,-0.203197944610824,1,-0.0207934837119602,0.00934642507421979,-0.00835536805385048,-0.0156022069954749,-0.0136591274058237,0.0383680039997728,0.0319990874107091,-0.0220279600845447,0.00260987281172965,-0.0173602276272508,-0.0925874205468546,0.0142258575790329,-0.0401588558278269,0.0186695689169127,-0.0136415286185841,-0.00707923699981034,0.00275236678158297,0.0235733092852879,0.0151977524851854,0.0300766946123352,0.0151909641596518,0.00428965560502872,-0.00884101356650781,-0.000442379426633872,0.00587126670344564,0.00699339626727145,0.0375286301696067,0.021265708679953,-0.0731823148206754,0.0251653257008331,0.0124961322415313,0.0134831183216888,0.0969831040603925,0.0574785765365922,-0.00137788485812655,0.00828510946328043
"Hypolaena_exsulca",0.00042471864617452,-0.0149418558690457,-0.0187132380595264,-0.0764909405296117,-0.0559675882856156,-0.146636178242983,-0.0782872632219463,-0.0878096207801724,-0.135102642360522,-0.0245929421232403,-0.0221880840970111,-0.015631227611429,-0.0326332443739547,-0.0401244889671055,-0.0782089590867077,-0.413583181559937,-0.0919378301278642,-0.00475983005618006,-0.0446766196027438,-0.116607409074283,-0.0300008541842199,-0.00999635313536565,-0.0212716522756019,-0.0425420515264311,-0.000111350578390313,-0.261196291712611,-0.506048537860822,-0.0207934837119602,1,-0.297375294488394,-0.0123566235893752,0.00729240015984013,-0.00666978255868054,-0.0536280069422286,-0.216462751488278,-0.0369793312018717,0.00832695934444206,-0.0124852239616221,-0.0584364181009127,0.00439292012629999,-0.00107547628789068,-0.288681511167041,-0.289630972430239,-0.0934953774554181,-0.079128219695942,-0.121371946257742,-0.144637006046106,-0.0248331891912908,-0.190849386248825,-0.0743985445107287,-0.0253517286628879,-0.0113838455806826,-0.050652049144776,-0.306165246102197,-0.0452983095754952,-0.158815082728532,-0.0477315039421173,-0.107694785743946,-0.0164325125909405,-0.034680447546785,-0.0578545889495371,-0.213588405370748,-0.0751025361194024,0.000290234881220712
"Kunzea_ericifolia",-0.147061932118577,-0.00851271877658205,-0.0600823572241241,0.00414213702032527,-0.040252264553143,0.00801633245389266,-0.0379347850722512,-0.00215500101292018,-0.0438889798446488,-0.0240759094629305,-0.114031185754989,-0.375220077701641,-0.212698574175766,-0.0316225107076449,-0.0563646675060063,0.0461934527544045,-0.00308813635200131,-0.0486261542656369,-0.0198107022041805,0.0104110589046114,-0.123206366349575,-0.302532823153809,-0.0225076844582108,-0.150215479365773,-0.0861196893435845,0.042919056030075,0.0606247024149444,0.00934642507421979,-0.297375294488394,1,-0.065742289503367,-0.307602778155896,-0.0573084015975299,-0.0128311514253905,0.0338635626379555,-0.0435905651632227,-0.30147366136282,-0.0633108084091222,-0.216574479881013,-0.358570307861523,-0.152111345903118,0.0345974025939808,0.0134814162965468,-0.0217676626752217,0.00245890934741562,0.00337127969470273,0.0342419135370463,-0.00322195288499871,0.0544488196821774,-0.0280443713691882,-0.054075802645995,-0.159533367520064,0.00320331428524109,0.014054433487002,-0.000312309280690742,0.0253047610128771,-0.176964201867456,0.0153671183210991,-0.00828917465491353,-0.0339303047301569,0.0490981350408615,0.0115906406200115,0.0194112928532693,-0.406540319638941
