"","X_Aira_sp_","X_Bromus_diandrus","X_Carpobrotus_edulis","X_Cerastium_glomeratum","X_Conyza_parva","X_Conyza_sp2","X_Cortaderia_selloana","X_Crassula_sp_","X_Ehrharta_longiflora","X_Exotic_sp1","X_Hypochaeris_glabra","X_Lactuca_serriola","X_Lotus_angustissimus","X_Lysimachia_arvensis","X_Medicago_sp_","X_Phytolacca_octandra","X_Polypogon_monspeliensis","X_Solanum_nigrum","X_Sonchus_asper","X_Sonchus_oleraceus","X_Symphyotrichum_squamatum","X_Trifolium__glomeratum_","X_Unknown_grass1","X_Unknown_grass2","Astartea_scoparia","Austrostipa_sp_","Banksia_menziesii","Baumea_articulata","Beaufortia_elegans","Caladenia_sp1","Callistachys_lanceolata","Cassytha_racemosa","Cotula_australis","Eucalyptus_rudis","Euchilopsis_linearis","Eutaxia_virgata","Hypocalymma_angustifolium","Hypolaena_exsulca","Isolepis_cernua","Juncus_pallidus","Kunzea_glabrescens","Lepidosperma_longitudinale","Lobelia_sp_","Loxocarya_sp_","Melaleuca_preissiana","Melaleuca_rhaphiophylla","Microtis_media","Nutsyia_floribunda","Podotheca_gnaphalioides","Pteridium_esculentum","Pterostylis_sp1","Pterostylis_sp2","Pultenaea_reticulata","Scaevola_alata","Senecio_sp_","Stylidium_repens","Trachymene_pilosa","Waitzia_suaveolens"
"X_Aira_sp_",1,0.0285271049999738,0.339042859284063,0.180600691871215,0.451946148241388,0.291047158243612,0.573589078598669,0.0286011885079804,0.0517789789703989,0.354312238418614,0.00283115719083822,0.444059776424305,0.464446599879902,0.585159445397648,0.0353868716120767,0.0743976755908888,0.158536119809596,0.493427413150642,0.220495712653498,0.263210402414753,-1.27500202946781e-05,0.217271552292463,0.477348271262222,0.426507080060351,0.000369575427175486,0.0711714501177177,0.289005211160658,0.252499587920518,0.132856029670172,0.378702482530863,0.425388972690426,0.0515000849107246,0.169091460425678,0.322709430711895,-0.00132031189819732,0.0635506916119961,-0.000558228224084211,-0.00557004791135413,0.0179950041615695,0.56709922541843,-0.00519693131059866,0.587991086335539,0.333804986511183,0.142358636516339,0.201380844352528,0.290676784093395,0.527374073604201,0.0107425256784397,0.0778866401323662,0.203277217143902,0.315322259564621,0.152985632817134,0.00434786426064667,0.237910792713468,0.506075041658877,0.199242684167007,0.00740902595080809,0.0274698669497891
"X_Bromus_diandrus",0.0285271049999738,1,0.162512673827938,0.0551354519393548,0.0274748651373725,0.0568281880542253,0.00446152909118527,0.336555085555935,0.13296384938048,0.0202498682496077,0.310537083158628,0.0252324522222103,0.0409332561602026,0.0986976346576589,0.150653998240627,0.183567340007829,0.0462336744507488,0.106500774318855,0.100136813703566,0.115550800965682,0.440255409203782,0.0863801212221552,0.168047163549276,0.0709356823470216,0.30423936449697,0.0547064224721545,0.519478674164053,0.0290102331531018,0.602424059964535,0.0572872578295768,0.0184948007199558,0.527025069500375,0.0644415488758838,0.000286220515798998,0.653107369562023,0.289148721003267,0.631597306517618,0.592228932810199,0.559278061238569,0.0103507784391167,0.515302289994686,0.0244297832986826,0.0331368274859544,0.633875763797982,0.115740022952152,0.0841873498750368,0.0794250152311564,0.674107157376936,0.572356785235083,0.166723568827362,0.23880699162578,0.119192550027954,0.659978493292687,0.0283215076592361,0.00568560369479891,0.492476217471755,0.236672352031337,0.360398904970765
"X_Carpobrotus_edulis",0.339042859284062,0.162512673827938,1,0.223364640802006,0.603371320644527,0.467702746951657,0.655971119621313,0.148495786803412,0.136520697523082,0.563361615627894,0.191942626025239,0.543679925590014,0.55724267822774,0.753260152063813,0.133193125563868,0.179872185379311,0.272659242479218,0.716268348300621,0.312017865001693,0.500036459328424,0.220180955560807,0.306853680440147,0.730197827874008,0.536884115995011,0.247624195107743,0.146660423809129,0.635157060452523,0.497801171137571,0.413808993615645,0.470697947221717,0.530288691259237,0.239715811993987,0.21006939948368,0.373956728128914,0.17777907505609,0.410650701037687,0.122691751222323,0.170126334828596,0.153187968956448,0.648758109403941,0.196746504236921,0.70030300635256,0.439684624039817,0.441040526339979,0.441731398027834,0.489377452126893,0.694677567616442,0.147950134655719,0.3278311127074,0.473504024635732,0.620480303750884,0.290372171426135,0.149101848052969,0.426299043879473,0.574442355141355,0.528196183505295,0.188596576756047,0.168029044928981
"X_Cerastium_glomeratum",0.180600691871215,0.0551354519393548,0.223364640802006,1,0.362185987507018,0.448084429315394,0.439536200798137,0.100133430363205,0.198755025939844,0.2618559843634,0.20735976470996,0.349112139119502,0.365801243090227,0.359221644349116,0.155194287679492,0.126063787986645,0.242174478600181,0.316300362331716,0.321215222167709,0.544295106069201,0.248102914935332,0.232680453133381,0.265083839251057,0.364647054603031,0.35475209175826,0.0741454763980373,0.21432195241214,0.239347496007744,0.165024814473202,0.245105570489235,0.506759373441145,0.130656867707371,0.207994810966049,0.286235960165406,0.20100377657825,0.559582070813384,0.182141281247414,0.262561149297347,0.140144734550854,0.407427029460562,0.301916417467599,0.390731683936106,0.216091524284068,0.17638936536093,0.460352302041591,0.509557584439902,0.357999028372273,0.190646416765739,0.158440969276735,0.582263115150764,0.193766644089737,0.340361605263544,0.185217979693948,0.182092645549125,0.485567986867637,0.152430311521649,0.198877890582795,0.135713293709296
"X_Conyza_parva",0.451946148241387,0.0274748651373725,0.603371320644527,0.362185987507018,1,0.745798034855182,0.887065841283739,0.0509200395871622,0.327110910762493,0.778357270008628,0.18841004981524,0.81708968349752,0.765261377368873,0.811896328590909,0.270387278459409,0.113451046938882,0.60921304628547,0.727152181685535,0.538284143180277,0.782096446165233,0.193712478216555,0.54498502446569,0.595140418569335,0.668929501189955,0.312334064770517,0.146845656034572,0.241559264408238,0.656193712320309,-0.0453621936045214,0.630371811819184,0.896700071120919,-0.115132033595104,0.382730511141229,0.584344383256437,-0.119677653901761,0.606968341808997,-0.179613456783942,0.00148718662355855,-0.0834173564789669,0.880900770269996,0.0953509262483806,0.883364798887696,0.656684688748086,-0.0707042480063971,0.670959592668657,0.776231297136285,0.783486168997436,-0.234273520437861,-0.116298954592557,0.757879961789106,0.407952068318792,0.547242426749431,-0.193086289282955,0.635447423081565,0.832293490342141,0.127644324294366,0.225520093524218,0.0555078141730503
"X_Conyza_sp2",0.291047158243612,0.0568281880542253,0.467702746951657,0.448084429315394,0.745798034855182,1,0.769007600626756,0.163359726676169,0.576763004215404,0.716648850724488,0.441225445557569,0.776804262775985,0.737424517420382,0.550929094430501,0.520165957942755,0.26071182555753,0.730202032877243,0.57838232541205,0.671465057645451,0.870765865895645,0.487482325358525,0.67695231909175,0.0702958892755535,0.599703935072865,0.559535600481616,0.192355969537319,-0.424462373661382,0.628843881276005,-0.260352732263474,0.588456848085429,0.876671061618543,0.0281169258555953,0.412799255001743,0.614346185059372,0.153662179841674,0.803956789106216,0.0868135900932819,0.352069469322323,0.0998694477589372,0.787954642452976,0.431515603196846,0.714097142695779,0.52754927689809,-0.331748608182208,0.78954139873128,0.856927184294031,0.609889947559078,-0.047735597659884,-0.0699829362638344,0.863260865849757,0.0382614262115539,0.688994302611501,0.0685561386167943,0.61803153837337,0.796178531657696,-0.0465982885167345,0.445721244557469,0.260961975169399
"X_Cortaderia_selloana",0.573589078598669,0.00446152909118527,0.655971119621313,0.439536200798137,0.887065841283739,0.769007600626756,1,0.022972184465991,0.348597306810234,0.898886319444216,0.0837811650185742,0.906923126195071,0.841590387615362,0.881991993132537,0.22107398370339,0.11611587105373,0.65235245945035,0.811263349288604,0.609076559355989,0.783180317617798,0.086752459375531,0.617495831209684,0.645108249147527,0.74719395147929,0.196670281394532,0.177522149071066,0.0533651195351846,0.799525345068545,-0.230620855723545,0.785094264078976,0.948027596566778,-0.302461871522458,0.396110923997462,0.653458611176015,-0.421315308115338,0.516816481366564,-0.516291075207125,-0.278795303970204,-0.172507607020315,0.963902803074492,-0.0875671814014323,0.958594743291988,0.786503248878131,-0.305350907762594,0.656535671776138,0.788257449978501,0.871864431029212,-0.595992756520849,-0.330599097069536,0.704085946994091,0.455025596344123,0.598629359417318,-0.566999744055955,0.74473726000723,0.91031310193242,0.0762816585680501,0.197710989559463,0.0307650526354099
"X_Crassula_sp_",0.0286011885079804,0.336555085555935,0.148495786803412,0.100133430363205,0.0509200395871622,0.163359726676169,0.022972184465991,1,0.269272293287526,0.0323681546386955,0.476980717419569,0.0524750067243463,0.0815525996913475,0.0662375168711272,0.282986876236207,0.294553322453935,0.124189785716316,0.0721080239093519,0.21833628057698,0.26784557902761,0.641093202518343,0.149393652428572,0.143415461238663,0.0927242662485823,0.503931763896208,0.0803405281289499,0.65509384787508,0.051814525828872,0.735035255526603,0.0651698020549435,0.0931275092416774,0.661158034693769,0.0851772126188602,0.031728691662137,0.824019023201536,0.550984204655954,0.794184541783236,0.78794177256054,0.73642288927657,0.0257514137602005,0.729791421270911,0.0218042189148206,0.0376997331651695,0.80393498865253,0.263304166046121,0.202826012373572,0.0727941444000656,0.855323216803691,0.724076108927813,0.351784924022813,0.290591343177186,0.240727002280879,0.860210234253565,0.0355184559511187,0.05344099555358,0.564936576967037,0.373435142140698,0.543542852149536
"X_Ehrharta_longiflora",0.0517789789703989,0.13296384938048,0.136520697523082,0.198755025939844,0.327110910762493,0.576763004215404,0.348597306810234,0.269272293287526,1,0.25346285661194,0.421142105673914,0.373452212861486,0.354715808844095,0.145748094227605,0.31955442972048,0.212266899113099,0.37293479255229,0.157460822085523,0.464316793706375,0.719972449410462,0.493993725531601,0.327346060653709,0.0482507220283328,0.303952228447329,0.582449407066043,0.100510769999834,0.163838955875105,0.209104830685733,0.249448312994932,0.173064786660969,0.607115458617558,0.30442340319321,0.164012363765969,0.294315693463777,0.441903784422172,0.830740707961388,0.40713923710798,0.576919296067755,0.350587767015549,0.383571442459767,0.591893605978835,0.258195308545573,0.133753881501432,0.228270036292322,0.65401578941126,0.668758581114366,0.16266319287309,0.374650060037314,0.279296711840531,0.79971062335484,0.0598406780936646,0.452861809663314,0.421693150028103,0.191441022069969,0.392607762136719,0.169711296539064,0.386385962762599,0.293172937134335
"X_Exotic_sp1",0.354312238418614,0.0202498682496077,0.563361615627894,0.2618559843634,0.778357270008628,0.716648850724488,0.898886319444216,0.0323681546386955,0.25346285661194,1,0.147854619390054,0.717835767223603,0.718020812036432,0.736731517097351,0.204149218469606,0.108575913410798,0.55599109926075,0.710482336992689,0.499417430222621,0.745807625634591,0.145862433740437,0.489218477845455,0.434780258638715,0.592970833117682,0.269381596933756,0.10091453774516,0.17730750113431,0.580016174472385,-0.0110099907985704,0.53134468676804,0.903553640174934,-0.0264066171666211,0.288104921441987,0.561139316569911,-0.0463555604307249,0.534901055490549,-0.0576393810902672,0.00645581123277743,-0.0196180206160893,0.904013807112011,0.0872120102714681,0.88577420755668,0.564784423371122,0.0181005392221216,0.641853439684804,0.728200205683753,0.735163156610407,-0.0685350173177004,-0.0215952482905095,0.711565379808573,0.315172832783593,0.448318885888165,-0.0577693697962723,0.571874250578214,0.813087341264337,0.105790736768343,0.173089381771788,0.0532147411947952
"X_Hypochaeris_glabra",0.00283115719083822,0.310537083158628,0.191942626025239,0.20735976470996,0.18841004981524,0.441225445557569,0.0837811650185742,0.476980717419569,0.421142105673914,0.147854619390054,1,0.21125691949705,0.286780156735764,0.0206776220279333,0.436319559845879,0.395069889674696,0.31778729692079,0.046844701963355,0.444908583090893,0.550728123127243,0.632305255679929,0.324749395666974,0.0636803481293937,0.26387119195707,0.607021360126837,0.157516153685152,0.41910538310983,0.13091293982196,0.518345611221179,0.139073287532905,0.351738222212645,0.526891943186504,0.200143350350681,0.164992764145173,0.654211736375763,0.715577071074823,0.618610013314338,0.701759469373109,0.571294199160073,0.108213368096647,0.690153697917209,-0.0281154419266041,0.102962483868752,0.517151020710577,0.514732175325098,0.511927567383487,0.114077882005934,0.604760892450112,0.541674805500021,0.614914649581859,0.226382705266034,0.460217504770887,0.645485564369013,0.152457503393043,0.278998122702442,0.375489023511385,0.490450623851173,0.54506975293534
"X_Lactuca_serriola",0.444059776424305,0.0252324522222103,0.543679925590014,0.349112139119502,0.81708968349752,0.776804262775985,0.906923126195071,0.0524750067243463,0.373452212861486,0.717835767223603,0.21125691949705,1,0.764855918107511,0.789455479561219,0.246692452622129,0.143048577224531,0.574140022618935,0.714808953681566,0.556887363533218,0.831921772954202,0.213108816271834,0.577377664259922,0.545690931811336,0.667273152185392,0.335436860489665,0.156818548659332,0.225988186610199,0.666838298048815,0.0367976786679116,0.682379121934951,0.919046689931083,-0.0214206431999394,0.375158059015617,0.573148815715952,0.00711246215761523,0.673410749440532,-0.0139645995005611,0.119981918132789,0.00292976808874416,0.891383909446972,0.198215774159195,0.897066465806503,0.634209775543379,-0.00150024042113562,0.707509632032014,0.814126864614769,0.781197085942335,-0.0484536533495497,-0.0162837077782904,0.787805323972383,0.408854061962964,0.571906600007336,-0.0225185575741429,0.578873776913388,0.869204149981788,0.106655451254597,0.240493089518232,0.0804540041061728
"X_Lotus_angustissimus",0.464446599879902,0.0409332561602026,0.55724267822774,0.365801243090227,0.765261377368873,0.737424517420382,0.841590387615362,0.0815525996913475,0.354715808844095,0.718020812036432,0.286780156735764,0.764855918107511,1,0.807003837420371,0.326377704468414,0.140239914108178,0.587462031387167,0.714580443498502,0.527619104424985,0.805493701458142,0.287768378741701,0.569237535904396,0.679602777190947,0.652872191493516,0.431476178335915,0.164780593323691,0.31347255250953,0.635099755546231,0.130447092771792,0.630310382640841,0.861069385584301,0.0385729445633334,0.39862752426473,0.524484265482222,0.0690926066123063,0.703323343437308,0.0772586681750769,0.25239723780557,0.0528123262484027,0.83181151679804,0.294773147176629,0.834030182037559,0.580188000219548,0.0990107357935105,0.689363349802963,0.781704719923392,0.77979228083544,0.0266046302770966,0.0854273469111036,0.801308303781229,0.468486273413098,0.55060631828702,0.059112566700082,0.555170082092805,0.81493350379814,0.237128867281627,0.29158770877969,0.0940478462786003
"X_Lysimachia_arvensis",0.585159445397648,0.0986976346576589,0.753260152063813,0.359221644349116,0.811896328590909,0.550929094430501,0.881991993132537,0.0662375168711272,0.145748094227605,0.736731517097351,0.0206776220279333,0.789455479561219,0.807003837420371,1,0.0948736702651756,0.179459640936569,0.362666635859135,0.834234699537676,0.466401363235995,0.521151659561623,0.0217992183085242,0.508691802799819,0.847701756417403,0.753356834282981,0.0529887933402076,0.188992627842512,0.607289338983357,0.704098533045113,0.302445574831919,0.747727823716828,0.73862898469164,0.127209657508263,0.377108329042604,0.488634326086412,-0.0938331990362044,0.248504995883351,-0.117343752558972,-0.119980409438249,0.0121372984314019,0.862017574533639,-0.0843638586334411,0.899026134311199,0.718975141138552,0.288801737975357,0.41621462595944,0.56713271613495,0.861711700907532,-0.0564600053370747,0.184173599164102,0.465736632801815,0.717972571867565,0.371750443863207,-0.105896280835344,0.591726721189796,0.800046349411924,0.450803996521731,0.0448952222518378,0.0803690141874795
"X_Medicago_sp_",0.0353868716120767,0.150653998240627,0.133193125563868,0.155194287679492,0.270387278459409,0.520165957942755,0.22107398370339,0.282986876236207,0.31955442972048,0.204149218469606,0.436319559845879,0.246692452622129,0.326377704468414,0.0948736702651757,1,0.206473534271944,0.302128544175095,0.128472018967864,0.408412650695845,0.66234177348276,0.514473969399365,0.26627648190916,0.0403686513083249,0.223797478258332,0.562085103521846,0.0897629700578989,0.187384360666242,0.132731924937939,0.326334124312482,0.124106872621072,0.538134231049928,0.347971757187676,0.15734805969121,0.228037973134275,0.4988031399887,0.801931766328532,0.495264779899874,0.608564473816682,0.367875503970634,0.273139635832523,0.600994087538812,0.162021236985918,0.11627321966264,0.307804426140709,0.631136839099757,0.649729641184152,0.122713446720199,0.468554681963494,0.355645380933856,0.727720654068892,0.0643188695349156,0.417795627023642,0.48578312989529,0.158919042025323,0.412605948995266,0.183441508009824,0.400616807913444,0.303700966186021
"X_Phytolacca_octandra",0.0743976755908888,0.183567340007829,0.179872185379311,0.126063787986645,0.113451046938882,0.26071182555753,0.11611587105373,0.294553322453935,0.212266899113099,0.108575913410798,0.395069889674696,0.143048577224531,0.140239914108178,0.17945964093657,0.206473534271943,1,0.121343788286363,0.155424369524785,0.296810723305716,0.356034627035179,0.503970408759156,0.180764348521613,0.212284236923178,0.174737719028473,0.465165824479585,0.0772818961235911,0.488981240505914,0.0726726579469758,0.544587688326749,0.109390221196312,0.21478271344335,0.499315219847414,0.1196343166033,0.0872646173210445,0.667040822185919,0.583938468355087,0.666614019640475,0.696523589938127,0.505902128212118,0.116065790878628,0.628762665906342,0.118811500929342,0.0858718115028192,0.545289764564474,0.353634560989513,0.337911782202,0.147817868464255,0.682767312209054,0.587200928346407,0.432805832161905,0.240133932827682,0.242485851217755,0.706022632763178,0.0781152806949107,0.150728060169025,0.413871776020886,0.350214940679788,0.371148899476398
"X_Polypogon_monspeliensis",0.158536119809596,0.0462336744507488,0.272659242479218,0.242174478600181,0.60921304628547,0.730202032877243,0.65235245945035,0.124189785716316,0.37293479255229,0.55599109926075,0.31778729692079,0.574140022618935,0.587462031387167,0.362666635859135,0.302128544175095,0.121343788286363,1,0.39227909323458,0.479653122717797,0.825429900743061,0.363995328872079,0.422858055174082,0.125924518799267,0.37837528086988,0.500354851153167,0.0983274314309307,0.0920190248437754,0.341240539695966,0.0645894329609898,0.26992527905074,0.854998708866041,0.0751494291854697,0.18876847196711,0.480595362383866,0.170471370732807,0.744582718169832,0.14190830236254,0.297422895548936,0.122950225268416,0.683617899136677,0.356823506360719,0.631676669522288,0.325530644920205,0.058863584396341,0.720886455170777,0.8034478408874,0.42569165985775,0.108872250896708,0.0720824433871557,0.824088537015376,0.0803740683263464,0.534068372847428,0.121755565991758,0.389740175092721,0.680119783489896,0.0561889928543912,0.32506123952201,0.152839866870505
"X_Solanum_nigrum",0.493427413150642,0.106500774318855,0.716268348300621,0.316300362331716,0.727152181685535,0.57838232541205,0.811263349288604,0.0721080239093519,0.157460822085523,0.710482336992689,0.046844701963355,0.714808953681566,0.714580443498502,0.834234699537676,0.128472018967864,0.155424369524785,0.39227909323458,1,0.438422712294482,0.574463844082911,0.019471473509093,0.42965518076762,0.778185032094301,0.670996054500453,0.117205038897674,0.152983366905436,0.537443672412057,0.621353836312953,0.255794276877044,0.679194912164881,0.74421185252748,0.0652928251127367,0.327997317129941,0.500117431157674,-0.188162939965866,0.288149104268184,-0.245798317883482,-0.242121044696659,-0.0301154757808558,0.802041074310299,-0.13284197900608,0.82634142148274,0.640027563492588,0.226547873766597,0.46365952619226,0.583565295041137,0.802883684105662,-0.163064915872652,0.16509735223235,0.500931389594708,0.632672817678584,0.389237905325632,-0.210383687519308,0.559196518960059,0.726230082719913,0.430894061958058,0.062651291331713,0.0534900467787191
"X_Sonchus_asper",0.220495712653498,0.100136813703566,0.312017865001693,0.321215222167709,0.538284143180277,0.671465057645451,0.609076559355989,0.21833628057698,0.464316793706375,0.499417430222621,0.444908583090893,0.556887363533218,0.527619104424985,0.466401363235995,0.408412650695845,0.296810723305716,0.479653122717797,0.438422712294482,1,0.726391968157353,0.488804978865872,0.494789898235059,0.291573203292631,0.485865386501076,0.562406009881678,0.142278466927332,0.220631005577881,0.386434952256451,0.178335341250523,0.372318343118761,0.700678695329954,0.246838702707689,0.311522034119655,0.419770261207306,0.394863876800693,0.757388145807482,0.352135235181159,0.500273731505363,0.321960135053752,0.61184096192906,0.543564323813821,0.552826970475127,0.35902499155977,0.154904767411816,0.663577964367258,0.71156211043914,0.49716389312305,0.293173267168828,0.219234872612831,0.761911460762104,0.213414847696905,0.538163902726038,0.330956438329423,0.408815033526543,0.628204048115887,0.130532502494863,0.414652928758287,0.224664647700706
"X_Sonchus_oleraceus",0.263210402414753,0.115550800965682,0.500036459328424,0.544295106069201,0.782096446165233,0.870765865895645,0.783180317617798,0.26784557902761,0.719972449410462,0.745807625634591,0.550728123127243,0.831921772954202,0.805493701458142,0.521151659561623,0.66234177348276,0.356034627035179,0.82542990074306,0.574463844082911,0.726391968157353,1,0.605697574766368,0.745237594746082,0.0368742129936041,0.629941641783469,0.664807097642208,0.243592022732319,-0.494701273159458,0.680803693621888,-0.132633236077366,0.635008096590225,0.897979582208014,0.156516252319995,0.554418958536075,0.622923655918191,0.300811977051373,0.885641937094928,0.249012010752594,0.48245234180367,0.238416142172125,0.79406249523238,0.559132796911364,0.693458024453933,0.546101031640151,-0.177369187833898,0.847730093023038,0.895428113608852,0.632878498423849,0.110456777738831,0.071284354962564,0.914658913255242,0.0327724340446724,0.787273749104186,0.211541435378176,0.608279625757094,0.834894246332543,-0.0347266373944327,0.553201073103409,0.376214285082844
"X_Symphyotrichum_squamatum",-1.27500202946781e-05,0.440255409203782,0.220180955560807,0.248102914935332,0.193712478216555,0.487482325358525,0.086752459375531,0.641093202518343,0.493993725531601,0.145862433740437,0.632305255679929,0.213108816271834,0.287768378741701,0.0217992183085242,0.514473969399365,0.503970408759156,0.363995328872079,0.019471473509093,0.488804978865872,0.605697574766368,1,0.39301603736316,0.0770741538673798,0.278410159418509,0.698731639773262,0.178963442824889,0.590740474352921,0.167483293916102,0.714396018956997,0.156095851329784,0.388362115741086,0.707325513552728,0.242201762816633,0.170584880884751,0.831722539790333,0.823735332210933,0.818006654567178,0.844674351370513,0.759827291710241,0.112415500214621,0.816156539814579,0.0447825532412615,0.112054114666914,0.722562796124943,0.577305111773686,0.566136475561774,0.0900607522905442,0.829449811460391,0.73479972081905,0.699093012628921,0.264021615204396,0.505500284910544,0.850627103859434,0.149899559364085,0.253159736776841,0.529975888535388,0.5645539228951,0.701765867114926
"X_Trifolium__glomeratum_",0.217271552292463,0.0863801212221552,0.306853680440147,0.232680453133381,0.54498502446569,0.67695231909175,0.617495831209684,0.149393652428572,0.327346060653709,0.489218477845455,0.324749395666974,0.577377664259922,0.569237535904396,0.508691802799819,0.26627648190916,0.180764348521613,0.422858055174082,0.42965518076762,0.494789898235059,0.745237594746082,0.39301603736316,1,0.313785393160227,0.486461568016392,0.44483282434097,0.123662627326241,0.237101486051848,0.356730458266228,0.2176452388255,0.304853367482133,0.756354015709472,0.185346899435332,0.249082841416379,0.409566683508579,0.285151742112747,0.719422190433588,0.27338858484216,0.410143931171784,0.213987419532467,0.631639378361458,0.438515881432135,0.610619762873235,0.334018529346252,0.208417600040916,0.639367979875267,0.74094685820362,0.50338637270526,0.238090964737813,0.212267162080224,0.769449979138153,0.184225071518966,0.47800592441963,0.273042198738834,0.315278553335821,0.665128424501753,0.186966809849631,0.312280501843522,0.158454850269322
"X_Unknown_grass1",0.477348271262222,0.168047163549276,0.730197827874008,0.265083839251057,0.595140418569335,0.0702958892755535,0.645108249147527,0.143415461238663,0.0482507220283328,0.434780258638715,0.0636803481293937,0.545690931811336,0.679602777190947,0.847701756417403,0.0403686513083249,0.212284236923178,0.125924518799267,0.778185032094301,0.291573203292631,0.0368742129936041,0.0770741538673798,0.313785393160227,1,0.672744741005626,0.0140801547935142,0.14906692511682,0.730044743122691,0.475239206339648,0.530317600894974,0.608292900194148,0.198992826763939,0.31997900613043,0.25726953730376,0.255839831492023,0.135221006648448,0.0102967769125507,0.122752488696057,0.0511709792425776,0.172790778922596,0.602154030405171,0.0380084995403414,0.745980998039453,0.554802272508168,0.490231524319808,0.0125406201518282,0.0452808741664271,0.7837584165112,0.202718884904483,0.412097238079231,0.0118693612902213,0.764330487002424,0.226343175435974,0.165239330537849,0.373927531768417,0.57725988758054,0.602958242147896,0.0423859900614815,0.135016470258403
"X_Unknown_grass2",0.426507080060351,0.0709356823470216,0.536884115995011,0.364647054603031,0.668929501189955,0.599703935072865,0.74719395147929,0.0927242662485823,0.303952228447329,0.592970833117682,0.26387119195707,0.667273152185392,0.652872191493516,0.753356834282981,0.223797478258332,0.174737719028473,0.37837528086988,0.670996054500453,0.485865386501076,0.629941641783469,0.278410159418509,0.486461568016392,0.672744741005626,1,0.408529308157753,0.128415918842236,0.394954017872473,0.500006605011256,0.247237013869486,0.555672780538788,0.706204225003318,0.110416927737327,0.316284042070882,0.447237283060698,0.201431503390917,0.623663414714342,0.188762077453367,0.302227639033848,0.159384452236715,0.7482418221859,0.335065153009962,0.780016738136898,0.533210754336383,0.176138694227373,0.555744951057708,0.625204810609397,0.729474765486257,0.152853941502226,0.162046951694189,0.641014574733269,0.498885900055282,0.448312096273993,0.192370177052174,0.472208555575197,0.694410615172253,0.310155216909215,0.235854530882193,0.175187835761257
"Astartea_scoparia",0.000369575427175486,0.30423936449697,0.247624195107743,0.35475209175826,0.312334064770517,0.559535600481616,0.196670281394532,0.503931763896208,0.582449407066043,0.269381596933756,0.607021360126837,0.335436860489665,0.431476178335915,0.0529887933402076,0.562085103521846,0.465165824479585,0.500354851153167,0.117205038897674,0.562406009881678,0.664807097642208,0.698731639773262,0.44483282434097,0.0140801547935142,0.408529308157753,1,0.209029103525202,0.192351834719028,0.274610930763407,0.410127094867246,0.247817031757272,0.501116729151011,0.50940577559971,0.329802241610349,0.289576587045315,0.627490336531687,0.801234179701694,0.599807418338009,0.70987406097583,0.551693614300592,0.269870384903297,0.718163260809538,0.119931288024556,0.163734813830089,0.391164267408634,0.653287167303427,0.628044506577756,0.219978654945437,0.5657257283393,0.48963084352947,0.728252056641121,0.100346245479981,0.589448987365178,0.611613422167366,0.229685500608104,0.399206808791383,0.261970568408051,0.567890346617013,0.575477172924822
"Austrostipa_sp_",0.0711714501177177,0.0547064224721545,0.146660423809129,0.0741454763980373,0.146845656034572,0.192355969537319,0.177522149071066,0.0803405281289499,0.100510769999834,0.10091453774516,0.157516153685152,0.156818548659332,0.164780593323691,0.188992627842512,0.0897629700578989,0.0772818961235911,0.0983274314309307,0.152983366905436,0.142278466927332,0.243592022732319,0.178963442824889,0.123662627326241,0.14906692511682,0.128415918842236,0.209029103525202,1,0.18847649985884,0.0946891634509715,0.160843111945324,0.107137085277197,0.196000205720959,0.137579828431001,0.0611989457998951,0.106095802665913,0.187499281117342,0.274564778183321,0.179539972091758,0.218606598429729,0.150407539767398,0.165127004628119,0.216815297014781,0.17175437327946,0.104981889874762,0.173577104853807,0.213785737206091,0.216157793332938,0.170367175144108,0.165567313308923,0.153559345019637,0.257140178527001,0.143622443398264,0.136164868617864,0.17778242476402,0.0922169449609,0.164565999150747,0.131676362335341,0.138473357881391,0.115603584612667
"Banksia_menziesii",0.289005211160658,0.519478674164053,0.635157060452523,0.21432195241214,0.241559264408238,-0.424462373661382,0.0533651195351846,0.65509384787508,0.163838955875106,0.17730750113431,0.41910538310983,0.225988186610199,0.31347255250953,0.607289338983357,0.187384360666242,0.488981240505914,0.0920190248437754,0.537443672412057,0.220631005577881,-0.494701273159458,0.590740474352921,0.237101486051848,0.730044743122691,0.394954017872473,0.192351834719028,0.18847649985884,1,0.235726240622763,0.928090378302529,0.393185343592696,-0.628079009697902,0.790653286045349,0.271413773490835,-0.115073206414499,0.838667472353365,-0.0408636284567477,0.801661448309649,0.665594788702972,0.790400635783386,0.0771576233419966,0.559149809245744,0.278647000044086,0.270559490889786,0.951537853151149,-0.330653722181191,-0.515495204477979,0.520574482347421,0.891717663802705,0.869196073491423,-0.339427219381307,0.856883701954744,0.289614168946309,0.865721206804798,0.182428705739504,0.124149594605393,0.92807492055923,0.327257739465931,0.673535203772906
"Baumea_articulata",0.252499587920518,0.0290102331531018,0.497801171137571,0.239347496007744,0.656193712320309,0.628843881276005,0.799525345068545,0.051814525828872,0.209104830685733,0.580016174472385,0.13091293982196,0.666838298048815,0.635099755546231,0.704098533045113,0.132731924937939,0.0726726579469758,0.341240539695966,0.621353836312952,0.386434952256451,0.680803693621888,0.167483293916102,0.356730458266228,0.475239206339648,0.500006605011256,0.274610930763407,0.0946891634509715,0.235726240622763,1,0.133566343449939,0.503397525045406,0.790295195164896,0.0567706416418415,0.175377261360318,0.47771553753237,0.0589901254446995,0.497997084283297,0.0453266995552433,0.125260349876475,0.0406585604995452,0.801486436077874,0.149487054659922,0.81873229848018,0.488732353073596,0.117847993175181,0.557310157812862,0.650116605449399,0.647778337770068,0.0381686368848574,0.0802146389340429,0.614848634661975,0.310032673593902,0.366787492139193,0.0434335045141702,0.408473697854264,0.713776638051884,0.16497671852625,0.143270022352854,0.0693441774813278
"Beaufortia_elegans",0.132856029670172,0.602424059964535,0.413808993615645,0.165024814473202,-0.0453621936045214,-0.260352732263474,-0.230620855723545,0.735035255526603,0.249448312994932,-0.0110099907985704,0.518345611221179,0.0367976786679116,0.130447092771792,0.302445574831919,0.326334124312482,0.544587688326749,0.0645894329609898,0.255794276877044,0.178335341250523,-0.132633236077366,0.714396018956997,0.2176452388255,0.530317600894974,0.247237013869486,0.410127094867246,0.160843111945324,0.928090378302529,0.133566343449939,1,0.230161104997813,-0.515647874508284,0.817597833094816,0.207312001466945,-0.265652323075688,0.904090127031752,0.318007006435138,0.863501230584689,0.793282010350631,0.860727851283378,-0.261846337482441,0.713719076634807,-0.0486581410579575,0.0965350343264094,0.945484305534576,-0.0468370724809732,-0.218829539724807,0.207275497417159,0.922741601247342,0.876072318890564,0.0186280222261368,0.738471332427744,0.297521490283726,0.922878089224293,0.0769927824155576,-0.108256096789252,0.896609862094746,0.408918903364646,0.764782927691718
"Caladenia_sp1",0.378702482530863,0.0572872578295769,0.470697947221717,0.245105570489235,0.630371811819184,0.588456848085429,0.785094264078976,0.0651698020549435,0.17306478666097,0.53134468676804,0.139073287532905,0.682379121934951,0.630310382640841,0.747727823716828,0.124106872621072,0.109390221196312,0.26992527905074,0.679194912164881,0.372318343118761,0.635008096590225,0.156095851329784,0.304853367482133,0.608292900194148,0.555672780538788,0.247817031757272,0.107137085277197,0.393185343592696,0.503397525045406,0.230161104997812,1,0.71788472878389,0.116891667970007,0.247903507647786,0.434464012463022,0.109777489863822,0.461783345184667,0.10985683453534,0.14543748861861,0.0907390887708706,0.779267148506334,0.180331744784612,0.791963877541392,0.465451613148083,0.200973715201682,0.490468133137912,0.638321516712932,0.732560909830946,0.0998040982331459,0.153813404118329,0.627265106136183,0.388902621699558,0.340750924902262,0.102204261909169,0.37782779835865,0.719169481470592,0.307718756079701,0.131969852563476,0.0699315568691898
"Callistachys_lanceolata",0.425388972690426,0.0184948007199558,0.530288691259237,0.506759373441145,0.896700071120919,0.876671061618543,0.948027596566778,0.0931275092416774,0.607115458617558,0.903553640174934,0.351738222212645,0.919046689931083,0.861069385584301,0.73862898469164,0.538134231049928,0.21478271344335,0.854998708866041,0.74421185252748,0.700678695329954,0.897979582208014,0.388362115741086,0.756354015709472,0.198992826763939,0.706204225003318,0.501116729151011,0.196000205720959,-0.628079009697902,0.790295195164896,-0.515647874508284,0.717884728783889,1,-0.153523661485017,0.477397704723471,0.704885915809022,-0.0631957893318781,0.762852651392861,-0.113800119990791,0.150028391661564,-0.0548348227470655,0.952782180705636,0.277425525365916,0.916716269305512,0.734967060965056,-0.612648452473079,0.802257883392621,0.894532351793583,0.795105472726112,-0.313721332025009,-0.312348126631055,0.871132750972712,0.0719437707576077,0.730667980285826,-0.184529984205837,0.755582899553591,0.928458565597804,-0.0793710512048162,0.419927926958242,0.139199096496907
"Cassytha_racemosa",0.0515000849107246,0.527025069500375,0.239715811993987,0.130656867707371,-0.115132033595104,0.0281169258555953,-0.302461871522458,0.661158034693769,0.30442340319321,-0.0264066171666211,0.526891943186504,-0.0214206431999394,0.0385729445633334,0.127209657508263,0.347971757187676,0.499315219847414,0.0751494291854697,0.0652928251127367,0.246838702707689,0.156516252319995,0.707325513552728,0.185346899435332,0.319979006130429,0.110416927737327,0.50940577559971,0.137579828431001,0.790653286045349,0.0567706416418415,0.817597833094816,0.116891667970007,-0.153523661485017,1,0.166230046846421,-0.151479038742669,0.839310229019156,0.503809083588107,0.809990863590316,0.795230478084347,0.78702727648569,-0.266433033099513,0.731977147226945,-0.176324586303729,0.0418845465019244,0.827155086056272,0.188071361959437,0.0923440304897477,0.0714753344363265,0.849492037587318,0.783442049379148,0.277559759044464,0.532946124687186,0.303434805855517,0.854645935725887,0.0342613729204766,-0.103782739898204,0.750212596998405,0.454793828104839,0.697235412418735
"Cotula_australis",0.169091460425678,0.0644415488758838,0.21006939948368,0.207994810966049,0.382730511141229,0.412799255001743,0.396110923997462,0.0851772126188601,0.164012363765969,0.288104921441987,0.200143350350681,0.375158059015617,0.39862752426473,0.377108329042604,0.15734805969121,0.1196343166033,0.18876847196711,0.327997317129941,0.311522034119655,0.554418958536075,0.242201762816633,0.249082841416379,0.25726953730376,0.316284042070882,0.329802241610349,0.0611989457998951,0.271413773490835,0.175377261360318,0.207312001466945,0.247903507647786,0.477397704723471,0.166230046846421,1,0.2763765832263,0.230076238345974,0.533391263226339,0.207322009124082,0.28953900757824,0.169104005655202,0.423997393814366,0.2922298102698,0.376864563420981,0.229254517606157,0.202926156306166,0.425417058748044,0.475576910033778,0.357093999691765,0.199223135170797,0.17206126077263,0.557594929253289,0.214057899743457,0.275040012768525,0.213898330813372,0.166336768455929,0.494962687858818,0.167000726690961,0.182723511950138,0.13171846323337
"Eucalyptus_rudis",0.322709430711895,0.000286220515798998,0.373956728128914,0.286235960165406,0.584344383256437,0.614346185059372,0.653458611176015,0.031728691662137,0.294315693463777,0.56113931656991,0.164992764145173,0.573148815715952,0.524484265482222,0.488634326086412,0.228037973134275,0.0872646173210445,0.480595362383866,0.500117431157674,0.419770261207306,0.622923655918191,0.170584880884751,0.409566683508579,0.255839831492023,0.447237283060698,0.289576587045315,0.106095802665913,-0.115073206414499,0.47771553753237,-0.265652323075688,0.434464012463022,0.704885915809022,-0.151479038742669,0.2763765832263,1,-0.151350098162462,0.468542551766622,-0.191915527491395,-0.0277160823959055,-0.0731158297792742,0.654223633105482,0.0865720628420322,0.653445631760062,0.445673198708315,-0.296944567912515,0.549025587915452,0.630443743513919,0.517089465405335,-0.287157001621649,-0.225427211184451,0.591328816039325,0.129438033485382,0.406225948570543,-0.23676156837309,0.478715530347806,0.601735346602667,-0.0221164853030589,0.207141404933393,0.0500529936440484
"Euchilopsis_linearis",-0.00132031189819732,0.653107369562023,0.17777907505609,0.20100377657825,-0.119677653901761,0.153662179841674,-0.421315308115338,0.824019023201536,0.441903784422172,-0.046355560430725,0.654211736375763,0.00711246215761523,0.0690926066123063,-0.0938331990362044,0.4988031399887,0.667040822185919,0.170471370732807,-0.188162939965866,0.394863876800693,0.300811977051373,0.831722539790333,0.285151742112747,0.135221006648448,0.201431503390917,0.627490336531687,0.187499281117342,0.838667472353365,0.0589901254446995,0.904090127031752,0.109777489863822,-0.0631957893318781,0.839310229019156,0.230076238345974,-0.151350098162462,1,0.673151384354776,0.914402646439772,0.920361874751286,0.918267239657618,-0.362616202389645,0.868288645209365,-0.445232930352954,0.0293990343877528,0.918133102857587,0.311661911521314,0.215090485864734,-0.068584439052077,0.947922820517476,0.887585790592013,0.440607466854744,0.520306150200069,0.432657709400718,0.953762701358692,0.03430573815162,-0.0600564323617251,0.799925673447508,0.551894386631818,0.865533884643443
"Eutaxia_virgata",0.0635506916119961,0.289148721003267,0.410650701037687,0.559582070813384,0.606968341808997,0.803956789106216,0.516816481366564,0.550984204655955,0.830740707961388,0.534901055490549,0.715577071074823,0.673410749440532,0.703323343437308,0.248504995883351,0.801931766328532,0.583938468355087,0.744582718169832,0.288149104268184,0.757388145807482,0.885641937094928,0.823735332210933,0.719422190433588,0.0102967769125507,0.623663414714342,0.801234179701694,0.274564778183321,-0.0408636284567477,0.497997084283297,0.318007006435138,0.461783345184667,0.762852651392861,0.503809083588107,0.533391263226339,0.468542551766622,0.673151384354776,1,0.619020908266421,0.768798816040143,0.589713765193993,0.537391174023679,0.811125362158386,0.380212418487988,0.3551791645665,0.281381773834284,0.836375101236376,0.852921316728207,0.480771622842326,0.551842971248656,0.465091005951444,0.926445416668607,0.0812122439173666,0.814769422343184,0.62676848131675,0.443016191101157,0.68094813132092,0.155733459021637,0.695997970093444,0.662897851738854
