"","X_Aira_sp_","X_Bromus_diandrus","X_Carpobrotus_edulis","X_Cerastium_glomeratum","X_Conyza_parva","X_Conyza_sp2","X_Cortaderia_selloana","X_Crassula_sp_","X_Ehrharta_longiflora","X_Exotic_sp1","X_Hypochaeris_glabra","X_Lactuca_serriola","X_Lotus_angustissimus","X_Lysimachia_arvensis","X_Medicago_sp_","X_Phytolacca_octandra","X_Polypogon_monspeliensis","X_Solanum_nigrum","X_Sonchus_asper","X_Sonchus_oleraceus","X_Symphyotrichum_squamatum","X_Trifolium__glomeratum_","X_Unknown_grass1","X_Unknown_grass2","Astartea_scoparia","Austrostipa_sp_","Banksia_menziesii","Baumea_articulata","Beaufortia_elegans","Caladenia_sp1","Callistachys_lanceolata","Cassytha_racemosa","Cotula_australis","Eucalyptus_rudis","Euchilopsis_linearis","Eutaxia_virgata","Hypocalymma_angustifolium","Hypolaena_exsulca","Isolepis_cernua","Juncus_pallidus","Kunzea_glabrescens","Lepidosperma_longitudinale","Lobelia_sp_","Loxocarya_sp_","Melaleuca_preissiana","Melaleuca_rhaphiophylla","Microtis_media","Nutsyia_floribunda","Podotheca_gnaphalioides","Pteridium_esculentum","Pterostylis_sp1","Pterostylis_sp2","Pultenaea_reticulata","Scaevola_alata","Senecio_sp_","Stylidium_repens","Trachymene_pilosa","Waitzia_suaveolens"
"X_Aira_sp_",1,0.00893561467874257,0.0222464830887446,-0.00478665185328022,-0.0829426020957269,-0.11095781452898,-0.0544402274125773,0.0321500845271015,-0.00243374347642176,0.00776246701683587,0.0390060360039447,-0.0146711125919653,-0.0425530241753987,-0.0295032576071174,-0.0284505443155995,0.00983820277950224,-0.00844927521293559,-0.0587140701324146,0.0329985952155033,-0.059767031909079,0.0402484361650872,-0.0374176496918005,0.00742108555629964,0.0357168709352947,0.0105049135898582,0.00877444663760349,0.117674062238377,-0.00716941399151357,0.0507010291843625,0.00464454136015225,-0.00417415629314408,0.0929373649986392,-0.0104932353316569,-0.0813632747481291,0.0612753031235637,0.00593896958379723,0.0845576072786983,0.0986386633675117,0.0639468676557565,-0.04032901388249,0.0385659288327266,-0.0233117250359308,-0.00330357459042312,0.028605533402483,-0.0725544613272092,-0.0644440455059389,0.00474326449890557,0.100668844271714,0.116061363667117,-0.0872484343875085,0.0123302699624844,-0.000143642505302121,0.13192684912883,-0.00251554216619915,-0.0659874270554355,0.0239801254051197,0.0286045378382354,0.014513962785883
"X_Bromus_diandrus",0.00893561467874257,1,-0.0178243078357896,0.00922919599555355,-0.0299022521629827,-0.0334407717452605,-0.0337803478393342,0.0159323915748382,0.00129982405655059,-0.0116342801565092,0.0711363529475448,-0.0040308547662214,0.0177983202057322,0.00937807089987213,0.0142544805156772,0.0124992170851076,-0.00629975022977412,-0.0557167406670814,0.0298021305435323,-0.0173287815483311,0.0394556534122553,-0.00374081669348089,0.00460179139307352,0.0583756499597583,0.0343191972215695,0.0143065829055746,0.0625789846030088,-0.00383612739269092,0.0458885133644561,0.00417652292065298,-0.0285056689570746,0.061336907649977,0.0105324110291259,-0.0448024343809308,0.0443055409728701,0.0259088396620283,0.0711347446069182,0.0827179030237331,0.0487220712770284,-0.0540436827329089,0.0715814371120723,-0.0363344340150025,0.0154776770409742,0.0360189115765078,-0.0299315291344307,-0.0342007554829065,-0.000267750235769962,0.0799294031696205,0.0770735008819157,0.00868112154837679,0.0117103958936562,0.0203948599932526,0.0762816918638713,-0.000283350440555964,-0.00679653735237629,0.00939778848735704,0.0361769390129286,0.0129362167080541
"X_Carpobrotus_edulis",0.0222464830887446,-0.0178243078357896,1,-0.0438637110245121,-0.12339442154324,-0.198569012572256,-0.130046339002098,0.0206246237353934,-0.0105847432732055,0.110935905828818,-0.102148513815679,-0.0406034586139224,-0.20492400585434,-0.0250159294709419,-0.148539813301035,0.0284928966872268,0.0271289456934433,-0.0301148094852927,-0.137065961193239,-0.211538031466894,-0.0469597255515072,-0.0867097081764315,-0.0170336566750766,-0.130749107176853,-0.162217912555399,-0.0663687520063399,0.129162645727574,0.0580957534483701,0.108668590356619,-0.0100171350784814,0.0733407851650086,0.0868322317998468,-0.0226741666188595,-0.0813482475000821,0.0720975131449443,-0.257757799965181,0.0110514823309539,-0.0558954801886443,0.064745229352097,0.0132957977249954,-0.135753762599423,0.0240458086437646,-0.0939870096727561,0.108823161116546,-0.192824543900163,-0.172161924598251,-0.00938091434171217,0.0292820765751165,0.0271942386987517,-0.329436022260138,0.00227344044943314,-0.124739660829802,0.0821930747512527,0.0648989655934001,-0.266410968582935,0.0810899934233516,-0.0326211113378677,0.00377058162469668
"X_Cerastium_glomeratum",-0.00478665185328022,0.00922919599555355,-0.0438637110245121,1,0.00306845480936178,0.0230004653845789,-0.00383538871367842,-0.00342762496409448,0.000927088996654615,-0.0187991922353346,0.0379649964941516,0.0026084262087051,0.033134093492442,0.0112728282644076,0.0338061536630148,0.00240109201772084,-0.00142518007232489,-0.0182586563905396,0.0265948032046943,0.0237545185556541,0.0236378007631025,0.0144790221369306,0.0011927973163447,0.0388034167964168,0.0420119794319448,0.00933734161544015,-0.00191064734352517,-0.0115156676397265,0.0242268778749486,0.00569685102662273,-0.0317397840371594,0.012381642120069,0.00797522430024165,-0.00339846002645591,0.00471502220396537,0.045499758674282,0.0275372399106875,0.039625068761719,0.0179238286301114,-0.0318209307382898,0.0503584178447742,-0.0276992008648963,0.0190471283472159,0.0218841762729011,0.0227264518083977,0.00391489599794767,-0.000694201060500278,0.0254466282591228,0.0105642697322783,0.061319991262852,0.00703116964973625,0.0238167556175273,0.00384768394966078,-0.000604286085748862,0.0359305268084693,-0.00746420972909122,0.0123559238560143,-0.00186286974799931
"X_Conyza_parva",-0.0829426020957269,-0.0299022521629827,-0.12339442154324,0.00306845480936178,1,0.412668461833465,0.295867916073318,-0.0517594293877082,0.0221533758785755,-0.0618952123535024,-0.181273565138642,0.0776511084792546,0.246142837175684,0.0666323416505956,0.182705149401385,-0.0655297872213158,0.0113493103760056,0.289563177701565,-0.0525294061362027,0.345386126210462,-0.111469097663967,0.170417193516082,-0.00953306965832791,-0.0959844023665508,-0.0590781165373192,-0.0127197400798011,-0.468179661346089,0.0227218044529891,-0.257702462965437,-0.0238360867237059,0.0237048667375584,-0.46217798740213,0.0430444680295669,0.350602900965466,-0.282325605234741,0.0576691767542756,-0.336989595218095,-0.32603515677088,-0.29232678684335,0.190819909344504,-0.178574301375819,0.137196894992126,0.0433422259192541,-0.20112148634674,0.340057525441232,0.322883843378384,0.00591051055721881,-0.460441523444989,-0.401520884355604,0.376787951471951,-0.0514222205701648,0.108610030794334,-0.488976264331892,-0.0168607333064573,0.31681868817995,-0.148323155896573,-0.036724271333516,-0.0367248404340499
"X_Conyza_sp2",-0.11095781452898,-0.0334407717452605,-0.198569012572256,0.0230004653845789,0.412668461833465,1,0.315825999596954,-0.109130329694403,0.0177356231811158,-0.0923746316763097,-0.166184717120463,0.088326862490661,0.239761363182392,0.0773587375122978,0.17166127875925,-0.0713592160064769,-0.00349688428035021,0.306878718594551,-0.0461524668570339,0.378862982244332,-0.136627091619126,0.175939314272028,-0.0125413428354471,-0.105635449341681,-0.00792904182133651,-0.00176835721744489,-0.546914832188178,0.00561944468688778,-0.286162192143386,-0.0169380064676318,0.0143936669682789,-0.468538371706764,0.0299577368730017,0.382611955654791,-0.326118673028183,0.103474593410684,-0.372792430049435,-0.377113993354507,-0.308019924495802,0.195934623282528,-0.1732009339585,0.1135277772075,0.0435104824792046,-0.224824366711363,0.392852205712036,0.371980035223194,0.00797188139390425,-0.479531718417,-0.48718109625253,0.430285901233406,-0.0513249402348686,0.0839796681661391,-0.546739762437593,-0.0506788972685216,0.386707670145148,-0.150773963507962,-0.0792826909429344,-0.0578609524099794
"X_Cortaderia_selloana",-0.0544402274125773,-0.0337803478393342,-0.130046339002098,-0.00383538871367842,0.295867916073318,0.315825999596954,1,-0.054555451398186,0.0145791021269792,-0.0566458643760935,-0.170996740360785,0.077444909309669,0.140565730585015,0.0134964404427463,0.11282723217134,-0.0794407242151263,-0.018029086050064,0.256352790981652,-0.0475815521000592,0.308351329057017,-0.124627785955753,0.125571619893572,0.00484025735902108,-0.105823948730111,-0.0564579019996769,-0.00938185056265576,-0.401242338098025,-0.00880289682973132,-0.300290755372493,-0.0322138046261697,0.0815061115665036,-0.370214553140642,0.000850120019448793,0.277815701020752,-0.24923634174515,0.0696126135651039,-0.339393418630942,-0.294009750857034,-0.260153127524509,0.207270210588942,-0.209410485154175,0.13222589120166,0.0196497909325535,-0.256744519551735,0.299917024193697,0.312085476420088,0.0352876524492122,-0.383397175320599,-0.338431939277152,0.265455345904941,-0.0569795412392559,0.0822235490212763,-0.3930489980048,-0.0353011426787365,0.275151253321319,-0.119056141844728,-0.109102764330111,-0.038147527519074
"X_Crassula_sp_",0.0321500845271015,0.0159323915748382,0.0206246237353934,-0.00342762496409448,-0.0517594293877082,-0.109130329694403,-0.054555451398186,1,0.000764209459564292,0.0117928187706531,0.0534721923602621,-0.0133962530782051,-0.0229265425732446,-0.000897258960642806,-0.0183779866601864,0.0266459921923445,-0.00195295035675458,-0.077305415909955,0.0177939210102317,-0.0530241966320839,0.0315152519517676,-0.0184011355399165,0.00519009353143306,0.045496039473807,-0.008853195657514,0.00880997146958024,0.131749789458799,0.000121975281711897,0.0508974803739332,-0.00189976347725551,-0.0178507356839982,0.0937917697616134,0.00508941383554976,-0.0781203870921612,0.0753087221348285,0.0022367355367639,0.0856815692685885,0.1188450439554,0.0711404184520921,-0.0423827739402969,0.0667903253566552,-0.0196125627744548,0.01019469652769,0.0393679779870612,-0.0758651002914504,-0.0671560524214916,0.00332111201793898,0.107051884440705,0.136598406029939,-0.0442272247458637,0.0121316651085913,0.0056603860624212,0.128324851713692,0.0187869249321037,-0.0576659797237371,0.0221120628957436,0.0379234405033148,0.0266129906992061
"X_Ehrharta_longiflora",-0.00243374347642176,0.00129982405655059,-0.0105847432732055,0.000927088996654615,0.0221533758785755,0.0177356231811158,0.0145791021269792,0.000764209459564292,1,-0.00734103280926623,-0.00836846009079615,0.00499227030414413,0.0169030380852526,0.00136221276670725,0.0145128445544253,-0.00638042643148424,-0.00148426530205241,0.00635708217755179,0.00379427784874118,0.0196340405241783,-0.00159766195777519,0.0083035882452537,-0.00214932745522734,0.00214819023969077,0.000316510056410844,0.00276010502011351,-0.0210159073803569,-0.00225343726158639,-0.0134795084467019,-0.00111250161505939,0.00206761459299886,-0.023547394890382,0.00270520950001055,0.0140090869151792,-0.0103961245189178,0.0103005035761908,-0.0102653593487813,-0.00349383170287861,-0.0167539285997097,0.00577504252091719,-0.00741047807739938,0.00395927004609423,0.00521794709366166,-0.0130833204639494,0.0170508665626594,0.0167430397393144,0.000507699179856903,-0.0215560158203638,-0.00762900962255314,0.0189832908779501,-0.00443494204639797,0.0169505101406116,-0.0184175469275904,-0.00398891497101889,0.0144786921448685,-0.00966292644587201,0.000508150734116332,0.00165597618020391
"X_Exotic_sp1",0.00776246701683587,-0.0116342801565092,0.110935905828818,-0.0187991922353346,-0.0618952123535024,-0.0923746316763097,-0.0566458643760935,0.0117928187706531,-0.00734103280926623,1,-0.0427861840374265,-0.0256232085275841,-0.101134368450987,-0.00602268133466954,-0.0815564366160108,0.013359473237971,0.0209161243411627,-0.0259307313646766,-0.0725088329481822,-0.107880184201312,-0.0371373411122276,-0.0294509832387016,-0.00916296796538957,-0.0679571832309139,-0.0754018458688816,-0.0394003414906145,0.0674963393957176,0.0231365906643422,0.0214171001459334,0.000641622097391469,0.0328722514975471,0.0578628578671766,-0.0110117707430622,-0.0444276389316294,0.0418438538580075,-0.117735704811556,-0.00422595061060944,-0.0241202396507465,0.025319575894331,0.0194432973477631,-0.0436772890125794,0.0211583811422658,-0.0442328885637016,0.0390382704192372,-0.0846151124949585,-0.0803313152082887,-0.00348358168978701,0.0287874371253097,0.00796422296764826,-0.121797716166082,0.00258467637825243,-0.0788976927050077,0.0201714300743305,0.0420343308656743,-0.114286025124263,0.0330121426508068,-0.0444330541429525,-6.14595190690316e-05
"X_Hypochaeris_glabra",0.0390060360039447,0.0711363529475448,-0.102148513815679,0.0379649964941516,-0.181273565138642,-0.166184717120463,-0.170996740360785,0.0534721923602621,-0.00836846009079615,-0.0427861840374265,1,-0.0345626853153579,0.110095521963786,0.0671015240222884,0.0166689600759616,0.0739386529972957,-0.0117365079788542,-0.288883913005827,0.179169526217297,-0.122692901785561,0.201960733960927,-0.0276836676370259,0.0399885365551926,0.312421942628239,0.213055020653321,0.0820455321319146,0.342074694736521,-0.0227586449242776,0.215763373477373,0.0251480556303492,-0.135706040030531,0.339322963714569,0.0531838042911197,-0.248987405799517,0.25687123068159,0.117319699148207,0.365605446448926,0.410159574759951,0.262212849847519,-0.275378039218764,0.441067015213999,-0.16913374047244,0.0712717997903793,0.174299349937369,-0.181008233785362,-0.195436907033568,0.0159643159670788,0.448282110349564,0.397361272476098,0.0665048487804668,0.0596688448651408,0.068113005436185,0.384563281263203,0.00685164638941517,-0.0240860956127632,0.0459524525527033,0.171078615213159,0.0460650175548312
"X_Lactuca_serriola",-0.0146711125919653,-0.0040308547662214,-0.0406034586139224,0.0026084262087051,0.0776511084792546,0.088326862490661,0.077444909309669,-0.0133962530782051,0.00499227030414413,-0.0256232085275841,-0.0345626853153579,1,0.0354871986579402,0.00958929278006165,0.0419561211842192,-0.0167179544005336,-0.0110997509368439,0.0559733029901761,-0.0209383908841897,0.0902191349172672,-0.0311719477160479,0.0301873419736827,0.00176967028210068,-0.0213051830547444,-0.00910164110985506,0.00526634177759687,-0.114971521437801,0.00115738606449084,-0.0601285214882053,-0.0114117541534116,0.0128900439861481,-0.0957625929190099,0.0014851652237855,0.0698565739790547,-0.0744028396513382,0.0258450565063839,-0.0835413364902955,-0.0682377268641803,-0.055135625515949,0.0430826790447895,-0.0519449323830684,0.0157742582190721,0.00839782354943506,-0.0590302832773813,0.0809200894766124,0.0805587605800327,0.00372254300704465,-0.100144159352032,-0.083045055532273,0.0714630286629038,-0.0126537529693347,0.027174917871068,-0.0941861683412392,-0.0148364480763385,0.0792202141827415,-0.0264111658853421,-0.0150929062707389,-0.00856514398018777
"X_Lotus_angustissimus",-0.0425530241753987,0.0177983202057322,-0.20492400585434,0.033134093492442,0.246142837175684,0.239761363182392,0.140565730585015,-0.0229265425732446,0.0169030380852526,-0.101134368450987,0.110095521963786,0.0354871986579402,1,0.0656245354899876,0.2154418195619,-0.019847523989412,0.0185435448267661,0.0823878146336341,0.137725340087213,0.228776146724793,0.0786332968007288,0.124335658520907,0.016906853218032,0.162927235398527,0.152110356209036,0.0680311709368104,-0.167630475095388,-0.0260452325661664,-0.0729316811728316,0.00801848421479002,-0.0964574790282242,-0.196907389867174,0.0877952453584263,0.14678831163932,-0.0596730481693551,0.184592802765176,-0.00211371972291455,0.0264437835652319,-0.096555715590691,-0.0447007492758005,0.173854619166494,0.0184061274417485,0.118656366153198,-0.0434309316982606,0.199877833164633,0.157868683058929,0.00464265645047569,-0.100175761151345,-0.0468790555011162,0.394392668673266,-0.00838450971560765,0.188442140986076,-0.154601280126145,-0.0331431565772849,0.26531195314484,-0.114587946949805,0.1174166147233,-0.00310179944765081
"X_Lysimachia_arvensis",-0.0295032576071174,0.00937807089987213,-0.0250159294709419,0.0112728282644076,0.0666323416505956,0.0773587375122978,0.0134964404427463,-0.000897258960642806,0.00136221276670725,-0.00602268133466954,0.0671015240222884,0.00958929278006165,0.0656245354899876,1,0.0214015738467099,0.0201256301296784,0.0104215426771345,-0.0262855011997594,-0.0209735692925996,0.0213940467026209,-0.00675506574529315,0.0419586246941646,0.00671494273324019,0.0298579489520759,0.0159629016227848,0.00606808093776269,-0.040581650155998,0.0186168979586585,0.00460573901723623,-0.00838095410458014,-0.0260094245720881,-0.0229951577634398,0.0325844965171383,0.022559525949392,-0.000625188754126109,-0.0117457002932802,-0.0148295963738415,-0.0178369974873467,0.0062270673244798,-0.0221256747748542,0.0759566677822893,-0.0186040187400493,0.0121547439104572,0.0200222708666625,0.0124603570179323,0.00435151786649182,-0.00524993900477421,-0.00541249569572685,-0.0248553668585169,0.122906140706976,0.00447705242640289,0.00802904940196058,-0.0613164745353855,0.0281180832163235,0.0592915267608088,-0.00247134086376559,0.0128150198247946,-0.0037673894302165
"X_Medicago_sp_",-0.0284505443155995,0.0142544805156772,-0.148539813301035,0.0338061536630148,0.182705149401385,0.17166127875925,0.11282723217134,-0.0183779866601864,0.0145128445544253,-0.0815564366160108,0.0166689600759617,0.0419561211842192,0.2154418195619,0.0214015738467099,1,-0.0255186437822632,0.0062130962667759,0.0978455908163546,0.06900965057399,0.192724782937913,0.0469794119310302,0.0824506566026367,-0.00051387662185764,0.0747565981426149,0.0817413875240769,0.0301006303204005,-0.15575620358165,-0.00566244540050473,-0.0502027042507994,0.000260693492759522,-0.0673951855511804,-0.153294922643926,0.0399202685573525,0.115404785674942,-0.08882457336624,0.148830866864461,-0.0476106233057072,-0.00633647104421705,-0.0892327093583487,0.0167543125358848,0.0393038607794631,0.00624504051936678,0.0760032653210652,-0.026810566992095,0.1805044837506,0.143342005259002,-0.0270925328519668,-0.109234030670766,-0.0672906399205109,0.258438019363609,-0.0127065199145288,0.125307117447961,-0.13631087472729,-0.0289155796962264,0.188070018523694,-0.0837951125207213,0.0500394225973186,-0.00132601033846804
"X_Phytolacca_octandra",0.00983820277950224,0.0124992170851076,0.0284928966872268,0.00240109201772084,-0.0655297872213158,-0.0713592160064769,-0.0794407242151263,0.0266459921923445,-0.00638042643148424,0.013359473237971,0.0739386529972957,-0.0167179544005336,-0.019847523989412,0.0201256301296784,-0.0255186437822632,1,0.00976532854723193,-0.085719091169315,0.00683135953532655,-0.0772398004368609,0.0299674125259654,-0.0271608085614929,0.00216992761676705,0.0409019888070707,0.015896511627889,0.00652736958197244,0.109131210820863,0.0106893897639652,0.087306226763745,0.00324624705269365,-0.031128249084929,0.106754412598661,0.00851853033222242,-0.0752613796558133,0.0747287077900231,-0.0228321774185033,0.0911666195319757,0.0867441289434918,0.0812352523021255,-0.0583834596916364,0.0850817236877402,-0.0379866068875525,-0.000631035057433088,0.0814338397657922,-0.0846749274312346,-0.086672218599472,-0.0102260677641539,0.111775574651403,0.0990072560807526,-0.0406855724993838,0.0215709720089434,-0.0282055508583841,0.108715142819896,0.0181469296400563,-0.0593879950265066,0.0304787733061285,0.0356575497952768,0.0114623123309438
"X_Polypogon_monspeliensis",-0.00844927521293559,-0.00629975022977412,0.0271289456934433,-0.00142518007232489,0.0113493103760056,-0.00349688428035021,-0.018029086050064,-0.00195295035675458,-0.00148426530205241,0.0209161243411627,-0.0117365079788542,-0.0110997509368439,0.0185435448267661,0.0104215426771345,0.0062130962667759,0.00976532854723193,1,0.00251615907992994,-0.0104954677825313,-0.0248499515238132,0.000971406068956618,0.00534031349721157,-0.00679625653152853,-0.0097180378103251,-0.00462905282118747,-0.0105732374032757,0.00574081730142594,0.00946197459786769,0.0137405796078711,0.00419751108491365,-0.0069647664888625,-0.00308559867917042,0.0103329891425948,-0.000276843469295301,0.0217975627318776,-0.02606909940582,0.00209487364525711,-0.00902513041668107,-0.000706552888015827,0.00858570615686867,0.0208814785405762,0.0144597065153219,0.000369724419915342,0.0370276972733598,-0.0106629549152723,-0.0258201416666633,-0.0155445509740161,-0.00581861890506447,-0.0032017303443173,0.0140010226221409,-0.00295925662820436,-0.0129314940335002,-0.0268596017964727,0.019416249225222,-0.0219344910166159,-0.00488221242875875,-0.00283151667580111,-0.00629423049823928
"X_Solanum_nigrum",-0.0587140701324146,-0.0557167406670814,-0.0301148094852927,-0.0182586563905396,0.289563177701565,0.306878718594551,0.256352790981652,-0.077305415909955,0.00635708217755178,-0.0259307313646766,-0.288883913005827,0.0559733029901761,0.0823878146336341,-0.0262855011997594,0.0978455908163546,-0.085719091169315,0.00251615907992995,1,-0.0961936955381393,0.241155107770768,-0.150413373919475,0.0894170660862851,-0.0169513320219,-0.212307985360513,-0.118915440839293,-0.0350390010940439,-0.402824745017922,0.0243224042062878,-0.287659368332058,-0.0178122412843558,0.0746766441405968,-0.401676930763815,-0.00980281523941721,0.315635458170505,-0.286377236499752,-0.015640171616165,-0.375407037477246,-0.403088660712042,-0.289006231695486,0.248934646831733,-0.307123740417839,0.179858497750312,-0.0119316473348309,-0.215677100504984,0.271981688139846,0.295234096141802,0.0115899054811144,-0.440650820059665,-0.432623612239609,0.131990520824533,-0.0700286779056829,0.00846378278509122,-0.450534389904832,-0.0443901730036364,0.191060281845242,-0.100548829543733,-0.128505661720505,-0.0459455808326986
"X_Sonchus_asper",0.0329985952155033,0.0298021305435323,-0.137065961193239,0.0265948032046943,-0.0525294061362027,-0.0461524668570339,-0.0475815521000592,0.0177939210102317,0.00379427784874118,-0.0725088329481822,0.179169526217297,-0.0209383908841897,0.137725340087213,-0.0209735692925996,0.06900965057399,0.00683135953532655,-0.0104954677825313,-0.0961936955381393,1,0.0105760671253874,0.180267949144748,-0.0165749372197392,0.0221755644947746,0.2240411960944,0.19646912319592,0.0704639398085185,0.15947991114705,-0.0594361537658755,0.0829038733164518,0.0225316398209965,-0.0617140941739731,0.102283674625508,-0.000353979596326912,-0.104402262465173,0.117877393716974,0.208104115910899,0.231418015126284,0.247069509276117,0.0507935094859587,-0.122719240597293,0.231252999536556,-0.0618413328359377,0.053076561595658,0.0281213262527479,-0.0335696564697354,-0.0300349260315241,0.010775736011007,0.189258552217972,0.221289681473986,0.0854853703557806,0.0372853614440101,0.112149665450101,0.217345192693439,-0.0516939761413653,0.0484090882115708,-0.0365145370207333,0.123916794174648,0.011257703726073
"X_Sonchus_oleraceus",-0.059767031909079,-0.0173287815483311,-0.211538031466894,0.0237545185556541,0.345386126210462,0.378862982244332,0.308351329057017,-0.0530241966320839,0.0196340405241783,-0.107880184201312,-0.122692901785561,0.0902191349172672,0.228776146724793,0.0213940467026209,0.192724782937913,-0.0772398004368609,-0.0248499515238132,0.241155107770768,0.0105760671253874,1,-0.0681638016891124,0.162494251382983,0.00116009024545389,-0.0243169556409437,0.0128942158470527,0.0183984037569779,-0.442160062514361,-0.0303159838469488,-0.234730369774086,-0.0228027474683921,0.0173962087118758,-0.400621851525046,0.0207854392643946,0.307539016921287,-0.262680654141657,0.185611397549744,-0.275137582531794,-0.226072195722844,-0.237812985450757,0.141629601102798,-0.133219120265701,0.0784059070639862,0.0741939485787337,-0.230956373429095,0.366418801873628,0.340759866442335,0.0338833682643708,-0.385015585995413,-0.328445585349567,0.391146959478809,-0.0530812086169717,0.164123682628815,-0.387556573165102,-0.0538154499544109,0.360668212017755,-0.1491149429131,-0.0164948780474164,-0.0332935575106039
"X_Symphyotrichum_squamatum",0.0402484361650872,0.0394556534122553,-0.0469597255515072,0.0236378007631025,-0.111469097663967,-0.136627091619126,-0.124627785955753,0.0315152519517676,-0.00159766195777519,-0.0371373411122276,0.201960733960927,-0.0311719477160479,0.0786332968007288,-0.00675506574529315,0.0469794119310302,0.0299674125259654,0.000971406068956615,-0.150413373919475,0.180267949144748,-0.0681638016891124,1,-0.0290866576441419,0.0324960368671797,0.210144853009814,0.152731532739899,0.0418444963116605,0.242996234716117,-0.02521507434241,0.177413632089632,0.0294576507907491,-0.0968218478085473,0.199804948444034,0.0195637242537007,-0.159937760846599,0.170299049542102,0.123947435421727,0.272919737057681,0.270832142924807,0.164548372579829,-0.171321164068378,0.244355800567768,-0.103202764372249,0.0461016380054714,0.127125831429025,-0.114895666756287,-0.1299032342516,-0.00971952803268916,0.254605056836792,0.275480329775583,0.00158760412247166,0.047078969244418,0.0912341740888172,0.285806970960529,-0.0166501797484945,-0.0469043585547538,0.0285219565767367,0.154116520022694,0.0231247258511484
"X_Trifolium__glomeratum_",-0.0374176496918005,-0.00374081669348089,-0.0867097081764315,0.0144790221369306,0.170417193516082,0.175939314272028,0.125571619893572,-0.0184011355399165,0.0083035882452537,-0.0294509832387016,-0.0276836676370259,0.0301873419736827,0.124335658520907,0.0419586246941646,0.0824506566026367,-0.0271608085614929,0.00534031349721157,0.0894170660862851,-0.0165749372197392,0.162494251382983,-0.0290866576441419,1,0.000756575969150936,-0.00354289108273587,0.00359617935306654,-0.00277250289238337,-0.183209696581033,-0.00843931312860071,-0.107867873502609,-0.00626376304366906,-0.00579607971216472,-0.170255149357842,0.030994509349534,0.136550764215815,-0.0890758918106079,0.0611818302964575,-0.115160681449433,-0.100017419841382,-0.0935357079174256,0.0474395884391138,-0.0159830301085388,0.0338734248028908,0.0449300611362949,-0.0780178554059862,0.163164682608782,0.130641272823005,0.00648022125853624,-0.154397120902425,-0.150612863429787,0.224573746006792,-0.0229417226761214,0.0701339835379874,-0.198366354496515,0.00280201735388711,0.15976521285835,-0.0568355726033208,-0.00564333613695308,-0.0158837800023582
"X_Unknown_grass1",0.00742108555629964,0.00460179139307352,-0.0170336566750766,0.0011927973163447,-0.00953306965832791,-0.0125413428354471,0.00484025735902108,0.00519009353143306,-0.00214932745522734,-0.00916296796538957,0.0399885365551926,0.00176967028210068,0.016906853218032,0.00671494273324019,-0.000513876621857641,0.00216992761676705,-0.00679625653152853,-0.0169513320219,0.0221755644947746,0.00116009024545389,0.0324960368671797,0.000756575969150935,1,0.0314110918558929,0.0242069464125554,0.00961427322512838,0.0302948491032424,-0.00261574803141623,0.00161746508756169,0.000470384161985387,-0.00934042739206633,0.0225498553598975,0.0040551690186983,-0.0206566280494627,0.0143297402960437,0.0160111703166127,0.0207803798428437,0.0268180215057732,0.0259658894197128,-0.0190604459447822,0.0344673196910797,-0.0103450795593811,0.00538426632092164,-0.00361636185702511,-0.0111588300681802,-0.00737978863592709,0.00375348598158327,0.0298954414730308,0.0360291628227608,0.0093150995052244,0.0115444843191803,0.0159574646606415,0.0393172811639478,-0.00476449770895543,0.0098148301896051,0.0117151742833856,0.018114552677638,-0.0010263441442248
"X_Unknown_grass2",0.0357168709352947,0.0583756499597583,-0.130749107176853,0.0388034167964168,-0.0959844023665508,-0.105635449341681,-0.105823948730111,0.045496039473807,0.00214819023969077,-0.0679571832309139,0.312421942628239,-0.0213051830547444,0.162927235398527,0.0298579489520759,0.0747565981426149,0.0409019888070706,-0.00971803781032509,-0.212307985360513,0.2240411960944,-0.0243169556409437,0.210144853009814,-0.00354289108273587,0.0314110918558929,1,0.216372496389941,0.0842707955231745,0.236084782623116,-0.0487924517288916,0.177850339907933,0.0237287655048598,-0.120173930760913,0.208279445490678,0.0458730212574241,-0.169194125512754,0.193558293025789,0.191947953922395,0.323891209609583,0.358073069452906,0.176983788173261,-0.232702845542527,0.36671023530141,-0.135871677689103,0.0853229193990013,0.116189035240396,-0.0924136970442296,-0.114594891955188,0.0153734400633041,0.315658513367119,0.331885865794263,0.123041170615584,0.0459532686934772,0.138076294354604,0.305832880949165,-0.0187445488598316,0.0329946505957277,-0.00236533950153411,0.187254256404742,0.0357252725550934
"Astartea_scoparia",0.0105049135898582,0.0343191972215695,-0.162217912555399,0.0420119794319448,-0.0590781165373192,-0.00792904182133651,-0.0564579019996769,-0.008853195657514,0.000316510056410844,-0.0754018458688816,0.213055020653321,-0.00910164110985506,0.152110356209036,0.0159629016227848,0.0817413875240769,0.015896511627889,-0.00462905282118747,-0.118915440839293,0.19646912319592,0.0128942158470527,0.152731532739899,0.00359617935306655,0.0242069464125554,0.216372496389941,1,0.0817842987746356,0.109589313697565,-0.0549575063437007,0.0990329418123436,0.0259316663854696,-0.103815725626002,0.11091754513983,0.0285634705873047,-0.0971208099063453,0.0982960141941328,0.198942875146858,0.218960550439996,0.22825627034537,0.0961295990249827,-0.160391078925994,0.277580763056173,-0.104524305748216,0.0734742245753554,0.0653809443376742,-0.00828193803190132,-0.0440559547660218,-0.0114738753241543,0.19208151707432,0.190875782595104,0.146264569041247,0.0362582088389758,0.101449627842054,0.168642673681102,-0.0481505685135446,0.0800744043497976,-0.00907755093568159,0.124635531801092,0.00193735176499593
"Austrostipa_sp_",0.00877444663760349,0.0143065829055746,-0.0663687520063399,0.00933734161544015,-0.0127197400798011,-0.00176835721744489,-0.00938185056265576,0.00880997146958024,0.00276010502011351,-0.0394003414906145,0.0820455321319146,0.00526634177759686,0.0680311709368104,0.00606808093776269,0.0301006303204005,0.00652736958197244,-0.0105732374032757,-0.0350390010940439,0.0704639398085185,0.0183984037569779,0.0418444963116605,-0.00277250289238338,0.00961427322512838,0.0842707955231745,0.0817842987746356,1,0.0297977611972006,-0.0231556006889948,0.026018650734676,0.00237158303953765,-0.0341845766661903,0.01941336298462,0.0148415678210324,-0.0306929431615314,0.024469148443713,0.0795959927602267,0.0831002731250459,0.0905060004048227,0.0291591447331333,-0.0677000324175524,0.10433973566555,-0.0375998522621356,0.0342370069534533,0.00186547446583597,-0.00125248383788941,-0.00683338789899474,0.00257513884757839,0.0606952989695903,0.0813166444188009,0.0491179790309519,0.0101630083280181,0.0467634294630799,0.0698920675610593,-0.0307916248604022,0.0395658921926418,-0.00515959776314615,0.0632122328174395,0.00556589953861697
"Banksia_menziesii",0.117674062238377,0.0625789846030088,0.129162645727574,-0.00191064734352518,-0.468179661346089,-0.546914832188178,-0.401242338098025,0.131749789458799,-0.0210159073803569,0.0674963393957176,0.342074694736521,-0.114971521437801,-0.167630475095388,-0.040581650155998,-0.15575620358165,0.109131210820863,0.00574081730142594,-0.402824745017922,0.15947991114705,-0.442160062514361,0.242996234716117,-0.183209696581033,0.0302948491032424,0.236084782623116,0.109589313697565,0.0297977611972006,1,-0.0117024031258628,0.361061164838848,0.0386809778603311,-0.101910016027667,0.62454763158743,-0.0064941753463907,-0.469659434017378,0.437159503545448,-0.050056817521986,0.529550725491074,0.541048538980954,0.390861417029408,-0.302342055719611,0.362103748285386,-0.1620646101773,-0.00525158132482937,0.305335334375498,-0.461345187878458,-0.436585653661528,-0.0140441734802948,0.676397101966248,0.636321225534343,-0.382516901547496,0.0904965653952306,-0.0819584760799279,0.701370097474021,0.0538848374801406,-0.394276955648208,0.174827452500536,0.144351710689209,0.0812171435213117
"Baumea_articulata",-0.00716941399151357,-0.00383612739269092,0.0580957534483701,-0.0115156676397265,0.0227218044529891,0.00561944468688778,-0.00880289682973132,0.000121975281711898,-0.00225343726158639,0.0231365906643423,-0.0227586449242776,0.00115738606449084,-0.0260452325661664,0.0186168979586585,-0.00566244540050473,0.0106893897639652,0.00946197459786769,0.0243224042062878,-0.0594361537658755,-0.0303159838469488,-0.02521507434241,-0.00843931312860071,-0.00261574803141623,-0.0487924517288916,-0.0549575063437007,-0.0231556006889948,-0.0117024031258628,1,0.00142715295665329,-0.0031964601673691,0.00573218841426227,-0.00782586161374427,0.00246517398427284,0.0107158112880504,-0.0187857381211319,-0.0814205147744273,-0.0455500921429121,-0.0543618669057632,-0.00397189952995161,0.0349494514115018,-0.0434710827844666,0.0188918357915351,-0.0272420510587612,0.0235799842636254,-0.0250425593159459,-0.0142695309470136,-0.013519576466136,-0.0294139734742553,-0.0390351753006214,-0.0422772520916539,0.00144833103998466,-0.0434747249345251,-0.03504111554463,0.0165967345076156,-0.0316407569294877,0.00863777411722892,-0.0180648574345596,0.000251801087192814
"Beaufortia_elegans",0.0507010291843625,0.0458885133644561,0.108668590356619,0.0242268778749486,-0.257702462965437,-0.286162192143386,-0.300290755372493,0.0508974803739332,-0.0134795084467019,0.0214171001459334,0.215763373477373,-0.0601285214882053,-0.0729316811728316,0.00460573901723623,-0.0502027042507994,0.087306226763745,0.0137405796078711,-0.287659368332058,0.0829038733164518,-0.234730369774086,0.177413632089632,-0.107867873502609,0.00161746508756169,0.177850339907933,0.0990329418123436,0.026018650734676,0.361061164838848,0.00142715295665329,1,0.0264910088537747,-0.113229944329797,0.338584489859688,0.0152954322804461,-0.261864718239767,0.24277416001527,-0.0138369207431055,0.386828141089755,0.340972214040146,0.292953035724693,-0.269722023602458,0.255358159669936,-0.182695706594972,0.0059638631356522,0.295125157807611,-0.270776956583662,-0.309068570532798,-0.0239415623591155,0.373570006844374,0.355079657650179,-0.18907136064926,0.0657025342369794,-0.00634970440513622,0.411676296843558,0.0398213823106865,-0.222557806631943,0.0959143797652508,0.191229255280073,0.0362190569888118
"Caladenia_sp1",0.00464454136015225,0.00417652292065298,-0.0100171350784814,0.00569685102662273,-0.0238360867237059,-0.0169380064676318,-0.0322138046261697,-0.00189976347725551,-0.00111250161505939,0.000641622097391468,0.0251480556303492,-0.0114117541534116,0.00801848421479002,-0.00838095410458014,0.000260693492759524,0.00324624705269365,0.00419751108491365,-0.0178122412843558,0.0225316398209965,-0.0228027474683921,0.0294576507907491,-0.00626376304366906,0.000470384161985387,0.0237287655048598,0.0259316663854696,0.00237158303953765,0.0386809778603311,-0.0031964601673691,0.0264910088537747,1,-0.0265861151452675,0.0398416024141651,0.00378051652112443,-0.0239899792125226,0.0242732521496368,0.0162274254707582,0.0477808213104434,0.0412920361721437,0.0268383118728922,-0.0283373533569202,0.0431425044925323,-0.0136079412006105,0.00502240954515283,0.0269599523200756,-0.0182912367200316,-0.0262438210163223,-0.00252337156793605,0.0432149502394092,0.0303322372026305,-0.00228313472467903,0.0108189222101076,0.000623507734329323,0.0363828541828281,-0.00656086806523416,-0.010573967925192,0.00171382301172503,0.0179373295983047,0.00238313216248286
"Callistachys_lanceolata",-0.00417415629314408,-0.0285056689570746,0.0733407851650086,-0.0317397840371594,0.0237048667375584,0.0143936669682789,0.0815061115665036,-0.0178507356839982,0.00206761459299886,0.0328722514975471,-0.135706040030531,0.0128900439861481,-0.0964574790282242,-0.0260094245720881,-0.0673951855511804,-0.031128249084929,-0.00696476648886249,0.0746766441405968,-0.0617140941739731,0.0173962087118758,-0.0968218478085473,-0.00579607971216472,-0.00934042739206633,-0.120173930760913,-0.103815725626002,-0.0341845766661903,-0.101910016027666,0.00573218841426227,-0.113229944329797,-0.0265861151452675,1,-0.101126175217758,-0.0424508132081125,0.0523748629596503,-0.0607229305460431,-0.0808704832697484,-0.148992434873824,-0.153097572031321,-0.100902882907863,0.123492855783802,-0.183614106217887,0.0726018535457233,-0.0576860660626857,-0.109206604784358,0.0224077864075809,0.0564950099146738,0.0221881038030219,-0.139372227549355,-0.11890489040613,-0.08970912446405,-0.030582911396395,-0.0418777909765558,-0.105163705480848,0.00385000927173234,-0.0255159150591388,-0.0124814664260199,-0.105098687199287,-0.0195525435143704
"Cassytha_racemosa",0.0929373649986392,0.0613369076499771,0.0868322317998468,0.012381642120069,-0.46217798740213,-0.468538371706764,-0.370214553140642,0.0937917697616134,-0.023547394890382,0.0578628578671766,0.339322963714569,-0.0957625929190099,-0.196907389867174,-0.0229951577634398,-0.153294922643926,0.106754412598661,-0.00308559867917042,-0.401676930763815,0.102283674625508,-0.400621851525046,0.199804948444034,-0.170255149357842,0.0225498553598975,0.208279445490678,0.11091754513983,0.01941336298462,0.62454763158743,-0.00782586161374428,0.338584489859688,0.0398416024141651,-0.101126175217758,1,-0.0152156912862775,-0.441718209442525,0.391596487686675,-0.0291560215489692,0.466589615563995,0.484286994630831,0.393491961983069,-0.273830843722847,0.350939963996421,-0.186286146113214,-0.0179425273810196,0.28954815154108,-0.41966627298366,-0.39895810207097,-0.0100768789924263,0.639630863841003,0.554855235468433,-0.325680986668281,0.0825659492922834,-0.0993268035236444,0.62766250548702,0.0406574534693829,-0.331007877606197,0.161330006623225,0.0901211470773078,0.067863101428312
"Cotula_australis",-0.0104932353316569,0.0105324110291259,-0.0226741666188595,0.00797522430024165,0.0430444680295669,0.0299577368730017,0.000850120019448793,0.00508941383554976,0.00270520950001055,-0.0110117707430622,0.0531838042911197,0.00148516522378551,0.0877952453584263,0.0325844965171383,0.0399202685573525,0.00851853033222242,0.0103329891425948,-0.00980281523941721,-0.000353979596326913,0.0207854392643946,0.0195637242537007,0.030994509349534,0.0040551690186983,0.0458730212574241,0.0285634705873047,0.0148415678210324,-0.0064941753463907,0.00246517398427284,0.0152954322804461,0.00378051652112443,-0.0424508132081125,-0.0152156912862775,1,0.0174034794471503,0.0116532169306594,0.0116677493286444,0.0262864434234561,0.0270562365825183,0.0156186117658016,-0.0443717456419824,0.0740263526951418,-0.0103829478561749,0.0346166717887293,0.0309805021418344,0.017985376793726,-0.0013376518037025,-0.00375015453439132,0.0116720265121789,0.0161647727051602,0.0853181530427415,0.000469597867189051,0.0395506274306159,-0.016465541309664,0.00911750839795237,0.0365176594243551,-0.00699871235702385,0.0468291014205403,0.00710172657066118
"Eucalyptus_rudis",-0.0813632747481291,-0.0448024343809308,-0.0813482475000821,-0.00339846002645591,0.350602900965466,0.382611955654791,0.277815701020752,-0.0781203870921612,0.0140090869151792,-0.0444276389316294,-0.248987405799517,0.0698565739790548,0.14678831163932,0.022559525949392,0.115404785674942,-0.0752613796558133,-0.000276843469295301,0.315635458170505,-0.104402262465173,0.307539016921287,-0.159937760846599,0.136550764215815,-0.0206566280494627,-0.169194125512754,-0.0971208099063453,-0.0306929431615314,-0.469659434017378,0.0107158112880504,-0.261864718239767,-0.0239899792125226,0.0523748629596503,-0.441718209442525,0.0174034794471503,1,-0.302035830379632,0.0137288426273563,-0.374299038795788,-0.384981886065204,-0.29307472007715,0.210998638168187,-0.272763645165773,0.14578352787571,0.022690333253536,-0.207717385324487,0.33116906012522,0.321731243386896,0.0132162192652392,-0.471458624016805,-0.450648727901044,0.265109968790069,-0.0658534343899001,0.0555017734523493,-0.493809586727812,-0.021203306011731,0.262904529718475,-0.117452387860017,-0.0865736319735158,-0.0411828462376797
