"","X_Aira_sp_","X_Bromus_diandrus","X_Carpobrotus_edulis","X_Cerastium_glomeratum","X_Conyza_parva","X_Conyza_sp2","X_Cortaderia_selloana","X_Crassula_sp_","X_Ehrharta_longiflora","X_Exotic_sp1","X_Hypochaeris_glabra","X_Lactuca_serriola","X_Lotus_angustissimus","X_Lysimachia_arvensis","X_Medicago_sp_","X_Phytolacca_octandra","X_Polypogon_monspeliensis","X_Solanum_nigrum","X_Sonchus_asper","X_Sonchus_oleraceus","X_Symphyotrichum_squamatum","X_Trifolium__glomeratum_","X_Unknown_grass1","X_Unknown_grass2","Astartea_scoparia","Austrostipa_sp_","Banksia_menziesii","Baumea_articulata","Beaufortia_elegans","Caladenia_sp1","Callistachys_lanceolata","Cassytha_racemosa","Cotula_australis","Eucalyptus_rudis","Euchilopsis_linearis","Eutaxia_virgata","Hypocalymma_angustifolium","Hypolaena_exsulca","Isolepis_cernua","Juncus_pallidus","Kunzea_glabrescens","Lepidosperma_longitudinale","Lobelia_sp_","Loxocarya_sp_","Melaleuca_preissiana","Melaleuca_rhaphiophylla","Microtis_media","Nutsyia_floribunda","Podotheca_gnaphalioides","Pteridium_esculentum","Pterostylis_sp1","Pterostylis_sp2","Pultenaea_reticulata","Scaevola_alata","Senecio_sp_","Stylidium_repens","Trachymene_pilosa","Waitzia_suaveolens"
"X_Aira_sp_",1,0.0254670980796099,0.0569425639546031,0.00687178819718135,-0.00325582634120583,-0.00340787323517003,-0.00214450480137474,0.0946496763842201,0.0139750391044248,0.0540931188633,0.120658367021946,0.00838128621004959,-0.00271877773913538,0.00469931925522542,0.0385325653624987,0.037334078540349,0.0176835495653979,-0.0012795571057769,0.127063292073777,0.0475901545015227,0.115769955157945,-0.00383446174772962,0.0607106661861076,0.0683232728603259,0.0660909732879106,0.0288397370502494,0.236988418150947,0.0345369327555951,0.136618957539652,0.0247114325390736,0.0478261060251889,0.223040780067704,0.0205335349335478,-0.00546588317922555,0.157830606851634,0.0835054121722618,0.177757531615447,0.183920714960071,0.169144035631155,0.00337884915695568,0.157847068778496,-0.00261505645151234,0.0147173648643292,0.135380919931244,0.0171375201285603,0.014087322105918,0.0327094510154076,0.233353555822234,0.231108802251802,-0.0125527221833736,0.0537940222994763,0.118954704564351,0.235622800981185,0.0345368894011572,-0.00724731935994376,0.0723854851181456,0.136027825641075,0.0531673335839885
"X_Bromus_diandrus",0.0254670980796099,1,0.0202961639209502,0.0389979353176074,0.0258339015187413,0.0227209378941923,0.018254435859154,0.059353607149226,0.0125594400103498,0.00678158169808956,0.14413445369631,0.0131111098874171,0.0833025955881222,0.0306090420196616,0.0650575725703405,0.0329228834850403,0.0122987557343264,0.00236493649209547,0.109472403488836,0.0261322099089896,0.134127563952234,0.0312541435303832,0.0179649891268436,0.136374131199774,0.112248705153929,0.0569582588295086,0.137716910214534,0.0204065891912967,0.176345130493563,0.0240312657786192,0.00385942525450155,0.155709468282482,0.0375965947962702,-0.00377758754817459,0.144422937552845,0.0802768638754113,0.183895351716739,0.17636591648797,0.142140615659004,0.0113531656700782,0.154488307423767,-0.00186561252637286,0.0408082413128886,0.157971637642394,0.0130118583354292,0.0129263618608499,0.0352201014102399,0.183810513718514,0.174220817088143,0.0468095090812801,0.0334342508523195,0.065031237214711,0.178260487273969,0.020101993850655,0.034782243037908,0.0530272774693331,0.0925967503825892,0.053440955522525
"X_Carpobrotus_edulis",0.0569425639546031,0.0202961639209502,1,0.014288109292692,0.0779884969217842,0.0802323433031192,0.0118471281879128,0.126528117370302,0.0104815663013206,0.344599903253046,0.0425490754119825,0.0212617374377591,0.0303575385567314,0.092164769973465,0.0526584329556265,0.157033235994305,0.223219583871633,0.411800653725234,0.0763080666152049,0.0346200633094391,0.0784173157057005,0.0433266090327231,0.0548474348103781,0.0187820333391887,0.0239878504085157,0.0539617863671104,0.513989689211739,0.278232758267214,0.296202274475136,0.0622506596803386,0.259760273076415,0.329129355176377,0.038472970486975,0.0615569208812353,0.337129447508526,0.0500664886232862,0.119829850841357,0.0487043679486432,0.259916655735647,0.244586075228721,0.0150779738827315,0.37533303525571,-0.00358730974058338,0.387426042393624,0.0529141418399401,0.0352688300922498,0.188832909506755,0.257110432005053,0.306801872832981,0.082276050674753,0.115632290584406,0.0706232070174714,0.292003468154714,0.220779421502049,0.0350311519202998,0.420131124979379,0.124399959869153,0.0797838550943741
"X_Cerastium_glomeratum",0.00687178819718135,0.0389979353176074,0.014288109292692,1,0.0473472917480373,0.0664541062974501,0.0362605666569474,0.0279555638347694,0.0110408343239877,0.0213662002728612,0.174361580586863,0.0250678591545365,0.0924909582915385,0.0525094311093922,0.100037875894272,0.0272254700232349,0.0200840864268117,0.054613663841137,0.194854168262731,0.0414737344192058,0.169399689552323,0.0415348127370103,0.0238316292007737,0.181817219931708,0.159927707774216,0.0705457600128449,0.0962456031481506,0.0229597260475691,0.155201085130563,0.0449405311144979,0.00168847601264163,0.127157353521314,0.0150636838384739,0.041746998674619,0.10209563877445,0.178269696049146,0.188303072109778,0.187828813961764,0.113099892008716,0.0310516061299478,0.204881378451991,0.0242856248034965,0.0502653291413973,0.119359091857338,0.0574817953149628,0.0460952461528374,0.0531892214619511,0.172712666912182,0.141129592606731,0.129191491949212,0.0539519259686951,0.0915922739597003,0.144774847385473,0.0710321128833621,0.112988641903973,0.0339607542704175,0.10039481806702,0.0170787559495335
"X_Conyza_parva",-0.00325582634120583,0.0258339015187413,0.0779884969217842,0.0473472917480373,1,0.683498313592402,0.624340401375231,0.0622374649837832,0.0468119269407487,0.0441339123236433,0.136824442533813,0.174768277141567,0.46807900060862,0.309579012713623,0.460366164084685,0.0585025876830668,0.144867062709012,0.607292081260185,0.140974404106186,0.654472484249804,0.0662115754828006,0.341359482644247,0.0437747755850697,0.0395758810778042,0.153618347972097,0.102741508179116,0.00174170435220913,0.148081119322594,0.116217395741358,0.0163895008989226,0.37594211311397,0.0457413670136035,0.157103285207745,0.616702168068171,0.0299672082003054,0.319342547238462,-0.00924759626273995,0.0161070912560016,0.0355414114803927,0.460544987863831,0.310921522614921,0.385459385168382,0.19142968189123,0.131275159923453,0.627624207503955,0.652432766880027,0.234536228289243,0.0513072865022277,0.0286561703008053,0.607950918691151,0.106164294953442,0.377559841995282,0.000884616433035938,0.128375901276104,0.61894956776419,-0.00659773624209593,0.251440774391435,0.0233036940392626
"X_Conyza_sp2",-0.00340787323517003,0.0227209378941923,0.0802323433031192,0.0664541062974501,0.683498313592402,1,0.694345860278664,0.0458326653848714,0.0616284142499726,0.052871425213053,0.277547697763146,0.180508864680314,0.494295730425294,0.372254917249904,0.509631225547919,0.1188255122837,0.143324308285173,0.62744037824903,0.256439190833912,0.717814250945377,0.137264529787973,0.342158310806688,0.0607586428979633,0.0544090173779851,0.14906493541609,0.0985151464025884,-0.045425161246143,0.128755783590876,0.0950588416040274,0.0403628670561993,0.387766385733982,0.13151900248051,0.128226017349172,0.630499914519565,0.0660202518521254,0.531125568647185,-0.00329873949430582,-0.0914609378203345,0.000492868335130677,0.440762701284458,0.332115279725369,0.350056794089573,0.117407544284049,0.112368969047594,0.654452202136322,0.6791385491426,0.267427515814369,0.108160084767792,-0.115812558400167,0.739589713331823,0.0858938709199596,0.290365746172698,-0.0808544538856019,0.130640326696257,0.745936619868255,0.00795646054763577,0.177318687454265,0.0196961696860738
"X_Cortaderia_selloana",-0.00214450480137474,0.018254435859154,0.0118471281879128,0.0362605666569474,0.624340401375231,0.694345860278664,1,0.0580594771636284,0.0450059612738798,0.0140860546854292,0.0664886881884318,0.182112120347547,0.296211225079127,0.0556736821521724,0.402860771532738,0.0275361463251925,0.0168896613202902,0.617511667812652,0.209923339361266,0.687492040750079,0.00427918733307749,0.351233137292749,0.0214801082886739,0.0235521931945845,0.0222599229271609,0.0913444915486573,0.019367221404261,0.0579855266039535,0.0398438166495815,0.00225497401205227,0.528074004462108,0.017410194469275,0.102116613769922,0.57365276267539,0.0135625478254687,0.248879755932769,-0.0107384309940648,0.0407084561494639,0.0326224048574246,0.547777439978145,0.032279487807017,0.370997486812676,0.123258723349447,0.0147222275083859,0.635041281595176,0.732198706879397,0.316701895068794,0.0279883699115928,0.0320169478665588,0.559406702972222,0.0522783455618162,0.288111925898868,-0.0134672242822516,0.0770763518955431,0.614442061187826,-0.00560639247040111,0.116618719138741,0.0147258968233775
"X_Crassula_sp_",0.0946496763842201,0.059353607149226,0.126528117370302,0.0279555638347694,0.0622374649837832,0.0458326653848714,0.0580594771636284,1,0.0236085146018923,0.0862767765720116,0.199623409208383,0.0335352262537693,0.0179932586961224,0.0589551404680431,0.0922184158871193,0.0704122842261948,0.0342689787161417,0.0903061345849582,0.12342610154098,0.0963780422948234,0.11980431025394,0.0160305676859259,0.0345965796282873,0.175880855690612,0.050059505320432,0.0250736464577264,0.392892704778068,0.0471835724992921,0.155598679004178,0.0396529684730655,0.0207626419595969,0.303179025547401,0.0324933341570868,0.0746701766843062,0.294250219090995,0.0809468914818341,0.384160353708898,0.366836849694141,0.171074223076596,0.0667382885737617,0.324609396437145,0.0606061721894856,0.0555898930884808,0.174035162551313,0.0522237379641792,0.0613934775168379,0.0240407411908322,0.388189087386016,0.367371207711898,0.0960055225447918,0.0816331410147516,0.0731535154171745,0.377844598754202,0.0827734874284909,0.0225809915046875,0.0653664154324714,0.127558746724942,0.0875151050650356
"X_Ehrharta_longiflora",0.0139750391044248,0.0125594400103498,0.0104815663013206,0.0110408343239877,0.0468119269407487,0.0616284142499726,0.0450059612738798,0.0236085146018923,1,0.0021526465820018,0.0470174175158512,0.0120848203742662,0.0530809494793022,0.0246382646137342,0.031695677140038,0.00755763939118129,0.00736118942380747,0.0360430414336146,0.0201803280240397,0.0444286889300021,0.0212492636959539,0.022704907725676,0.00992763803659643,0.0342364782104817,0.0188427349594742,0.0129635175349387,0.0178255171271157,0.0212770006615138,0.0146193856889751,0.00775333243086075,0.0255487269041461,0.00981155751465496,0.0229929388603444,0.0543058572803122,0.0161572948875238,0.0271674592092644,0.0210597559066993,0.034794023204963,0.0160822692729019,0.0341730574091495,0.038793701630828,0.0168863954779434,0.0200725911185746,0.00415710439038624,0.0515402709681547,0.0429526628847605,0.0191429761745685,0.0157978515924266,0.0546477969822958,0.0434219205132862,0.00659888912115115,0.0430921485378113,0.027060020542639,0.00305112366226405,0.043064869911636,-0.000290297542902906,0.0265878729570372,0.0184644457294661
"X_Exotic_sp1",0.0540931188633,0.00678158169808956,0.344599903253046,0.0213662002728612,0.0441339123236433,0.052871425213053,0.0140860546854292,0.0862767765720116,0.0021526465820018,1,0.0510777108440052,-0.00567675260977399,0.0200108846089571,0.0382426104718885,0.0203934948918775,0.0603916416137778,0.1004428273051,0.205314624130734,0.0537163182845425,0.0149727379261893,0.0223411116468362,0.0397999825236052,0.0245893343682544,-0.0038775959594944,0.0276217185115875,0.00694201877758363,0.221383352734885,0.119419558702891,0.149957792323424,0.0467835643027685,0.150977684521632,0.276033643128077,0.0147433517845404,0.0399304273423263,0.154223990550062,0.00882607456164669,0.130661798003028,0.117746627529601,0.184225044921887,0.141166816379471,0.0304444820206614,0.191242916319277,0.0279418875665785,0.127919957070775,0.0670903539063916,0.0211330082072227,0.0824245343856837,0.170448372174185,0.121236105975205,0.0971780255569437,0.112748158448106,-0.00040310559298639,0.232796685251357,0.100994773292907,0.0316415345715537,0.159457077362743,0.00534647691649024,0.0346515332369482
"X_Hypochaeris_glabra",0.120658367021946,0.14413445369631,0.0425490754119825,0.174361580586863,0.136824442533813,0.277547697763146,0.0664886881884318,0.199623409208383,0.0470174175158512,0.0510777108440052,1,0.0610145784046205,0.358029650809048,0.291138554537217,0.302868592378785,0.147194850240663,0.0631420674523437,0.0312407755060276,0.473315108555771,0.0318025956874869,0.504609205994351,0.167588391443107,0.216037764111775,0.568554078267961,0.492074854574041,0.28165242184175,0.592900270951908,0.134165923455346,0.639107478389536,0.114717821459389,-0.00855782037159902,0.527230672459695,0.124121596543941,0.0320736932107072,0.541980139307469,0.403588896212011,0.690263657264574,0.692519207165397,0.562643532040419,0.057009742975221,0.674043091752548,0.0105806897940171,0.193474165303034,0.563579277043246,0.0441458015146004,0.03471656939234,0.188406044296673,0.657356866571981,0.647756795509037,0.380521292660584,0.193307990424097,0.252495155008287,0.624088158314307,0.141957254453617,0.176986381618622,0.217910157335435,0.391561723185606,0.148080465041753
"X_Lactuca_serriola",0.00838128621004959,0.0131111098874171,0.0212617374377591,0.0250678591545365,0.174768277141567,0.180508864680314,0.182112120347547,0.0335352262537693,0.0120848203742662,-0.00567675260977399,0.0610145784046205,1,0.0836196682465576,0.0367023470272513,0.117661905560466,0.0139895312283525,0.0036745629141359,0.161466668838813,0.0417217244472964,0.179181663974156,0.0148632540309292,0.0926302063061946,0.0158207628251388,0.055299267141458,0.0811036831509568,0.0553285581890138,0.0248535868523646,0.0226654351790128,0.0336357015886538,0.00179115681198609,0.0606001126269648,0.0208137579326263,0.0292897469558775,0.155302034402883,0.0111778097381127,0.145303011941831,0.0212068619852936,0.043905313253681,0.013007218668257,0.149029702510154,0.0495851696342655,0.0706791399851905,0.0450806125999128,0.00463743635845091,0.180216736000873,0.18465820588606,0.0461127365708942,0.0233306996833312,0.0447653900836469,0.179059981726481,0.0181819163764751,0.0924045576344303,0.0423272568322929,0.0170422830116614,0.172447243015755,-0.000860846969141312,0.0369834743945314,0.015727792902232
"X_Lotus_angustissimus",-0.00271877773913538,0.0833025955881222,0.0303575385567314,0.0924909582915385,0.46807900060862,0.494295730425294,0.296211225079127,0.0179932586961224,0.0530809494793022,0.0200108846089571,0.358029650809048,0.0836196682465576,1,0.249276682157394,0.539328143705337,0.0743386693571979,0.117559009954051,0.433427266008958,0.48907425114643,0.491291743484471,0.326158612943826,0.261902176819793,0.113750025146399,0.381164869670451,0.422864723048507,0.251119694564954,0.00835726678579238,0.130487721069274,0.114837192578407,0.0758464506586332,0.0499095459953164,0.051647444259191,0.267375727312153,0.351829742009877,0.151644702609027,0.61850976960851,0.208815433130439,0.289154162353913,0.139187678598983,0.172431575056523,0.453829575174466,0.190656718290474,0.348957979496737,0.0989262944039433,0.53010298704397,0.443542268004171,0.204923919005765,0.0755340835418568,0.165250429708381,0.714777948783238,0.138597806919948,0.501052210564117,0.0322288280199818,0.0953398370372243,0.532344332616987,-0.00385667021325097,0.31994249905454,0.0738617133037463
"X_Lysimachia_arvensis",0.00469931925522542,0.0306090420196616,0.092164769973465,0.0525094311093922,0.309579012713623,0.372254917249904,0.0556736821521724,0.0589551404680431,0.0246382646137342,0.0382426104718885,0.291138554537217,0.0367023470272513,0.249276682157394,1,0.0669506628117681,0.120598111449421,0.0918278475201313,0.0442223721578883,0.057806109068739,0.116977990745375,0.0553411324972256,0.158891756146732,0.0255178500827422,0.088439306425812,0.120528975883258,0.0757075720614246,0.110132232881855,0.132029341423936,0.0645959868176978,0.00864281839520864,0.0160359691186672,0.139943911571797,0.105570107494683,0.120011464404767,0.0742090908044861,0.154096691750679,0.0408336109760735,0.0699463152135995,0.0540373768244796,0.0607372887045325,0.305341338626756,0.0104982163602228,0.0547836453891842,0.0926357832447651,0.105117552351003,0.0593078689208378,0.0326655495125092,0.122287658540252,0.067848141535338,0.44515034477022,0.0571299965794043,0.140913823165173,0.067582766540007,0.114752140539897,0.191432311826731,0.0983961402377974,0.139672824994627,0.0170650851240975
"X_Medicago_sp_",0.0385325653624987,0.0650575725703405,0.0526584329556265,0.100037875894272,0.460366164084685,0.509631225547919,0.402860771532738,0.0922184158871193,0.031695677140038,0.0203934948918775,0.302868592378785,0.117661905560466,0.539328143705337,0.0669506628117681,1,0.065819095793122,0.0721295685616392,0.406811449034502,0.399905012045865,0.510843368676579,0.230441775691177,0.231524721942529,0.0536972028908711,0.421295384791563,0.393506482591372,0.163769349299248,0.226415569372974,0.066146240865127,0.262864481881823,0.0499517838760664,-0.0128202327998764,0.221020191398325,0.108542558706599,0.342516365211259,0.17324252790677,0.546315031940051,0.328636794085589,0.444848092983634,0.207303025083188,0.249868344583276,0.492593065349621,0.195930252821607,0.218754289031023,0.253225237401458,0.498251339599004,0.499937243997062,0.0382127561455627,0.256488933019605,0.294781267004616,0.561278731762663,0.0772471229479466,0.365397268409167,0.237775952390275,0.110435138508733,0.536819117274307,0.0756976887793979,0.156508254269337,0.0412491070290186
"X_Phytolacca_octandra",0.037334078540349,0.0329228834850403,0.157033235994305,0.0272254700232349,0.0585025876830668,0.1188255122837,0.0275361463251925,0.0704122842261949,0.00755763939118129,0.0603916416137778,0.147194850240663,0.0139895312283525,0.0743386693571979,0.120598111449421,0.065819095793122,1,0.0402103065495081,0.00848731750595426,0.0538974563204636,0.0226659426569677,0.0922559238110348,0.0627265265859671,0.0331934632797712,0.0907873103720873,0.0638595096264444,0.0410629688553567,0.291617466135688,0.0577491147993346,0.271526185831732,0.0331225198512144,0.0219103900256247,0.25638839341466,0.042218033223026,0.0160009635037446,0.209315674195375,0.0391035195176497,0.238033288250566,0.225076087243531,0.237601323494528,0.0357989586556291,0.187976987106819,0.0027016568980969,0.0367341983234855,0.284546680693159,0.00811497233356442,0.0114827816293904,0.0203290028855355,0.264715692643689,0.262673547145961,0.15609131255732,0.055774356561938,0.0248186749108302,0.278351796841512,0.0557196229004305,0.0734547449938722,0.098415765785034,0.135674689034595,0.0359673286071739
"X_Polypogon_monspeliensis",0.0176835495653979,0.0122987557343264,0.223219583871633,0.0200840864268117,0.144867062709012,0.143324308285173,0.0168896613202902,0.0342689787161417,0.00736118942380747,0.1004428273051,0.0631420674523437,0.0036745629141359,0.117559009954051,0.0918278475201313,0.0721295685616392,0.0402103065495081,1,0.124354518882922,0.117062786234347,0.0398439159156691,0.111513942723994,0.0746637566723552,0.0119078449306606,0.100988221741719,0.0939333639666113,0.0237175668192106,0.151542346595511,0.0854788098430218,0.0675206813832376,0.023901318106955,0.0734885568511447,0.065284017153763,0.0361973125224772,0.0790099772671444,0.0881792984074951,0.126339789489769,0.103892949074287,0.110352941461384,0.0294816932980503,0.0563296192732403,0.122173080342648,0.0970106268504397,0.0733971961749996,0.125960976829928,0.0615318647377052,0.017786200919405,0.00179926009045592,0.0594830725857813,0.104989387887017,0.180822605893466,0.013400655139357,0.0612274045691448,0.07570669678762,0.0640157742842514,0.0704184472981629,0.0539674665571504,0.0877664395327304,0.027180650576378
"X_Solanum_nigrum",-0.0012795571057769,0.00236493649209547,0.411800653725234,0.054613663841137,0.607292081260185,0.62744037824903,0.617511667812652,0.0903061345849582,0.0360430414336147,0.205314624130734,0.0312407755060276,0.161466668838813,0.433427266008958,0.0442223721578883,0.406811449034502,0.00848731750595426,0.124354518882922,1,0.055821416347066,0.561236624624247,0.0157044210132735,0.266082483821259,0.0225137881529824,-0.00544953411608837,0.12363075836359,0.107514357092509,-0.0110157185341536,0.109425846827219,0.0609128886746221,0.0331875612903586,0.359084787732976,0.00728715196338851,0.0465402168412878,0.642329904314674,0.000739111249274075,0.225384017034829,0.0469023350977757,-0.0200964358488702,0.00271031777085295,0.579825467779931,0.0136046538084871,0.60045247890354,0.163048981918009,0.0313927026780432,0.557553354185569,0.658368787504341,0.249935497461901,0.00503523190467211,-0.032956806420451,0.45785333364692,0.0541370581843659,0.251939925785147,0.0474252482372674,0.144126811999785,0.551349225637922,0.0144903406324952,0.0767612527497249,0.00268467205528896
"X_Sonchus_asper",0.127063292073777,0.109472403488836,0.0763080666152049,0.194854168262731,0.140974404106186,0.256439190833912,0.209923339361266,0.12342610154098,0.0201803280240397,0.0537163182845425,0.473315108555771,0.0417217244472964,0.48907425114643,0.057806109068739,0.399905012045865,0.0538974563204636,0.117062786234347,0.055821416347066,1,0.240813371034958,0.485978024062599,0.147380874420481,0.107240348371554,0.545858298530118,0.459570627424461,0.179450186425395,0.544199261915736,0.0289382514942584,0.408845763385345,0.131092612441394,0.15058803005447,0.437620233719278,0.122593644879189,0.128307666180701,0.351584905152539,0.544059459372006,0.515050643562428,0.580352213880726,0.262277282984421,0.0928140868084217,0.591779750383479,0.0425609773793513,0.317936023053963,0.325422580713181,0.218114233979827,0.20731775311869,0.159041323386438,0.549577612466289,0.489768975239564,0.478055231483484,0.187936053378482,0.328289613506147,0.514671963437915,0.00292013634550717,0.337889432120676,0.0760796532397128,0.325913908348203,0.099604753597427
"X_Sonchus_oleraceus",0.0475901545015227,0.0261322099089896,0.0346200633094391,0.0414737344192058,0.654472484249804,0.717814250945377,0.687492040750079,0.0963780422948234,0.0444286889300021,0.0149727379261893,0.0318025956874869,0.179181663974156,0.491291743484471,0.116977990745375,0.510843368676579,0.0226659426569677,0.0398439159156691,0.561236624624247,0.240813371034958,1,0.0955905075678098,0.388996068562208,0.0577001817527535,0.0420557789652816,0.161624574459925,0.150380019866124,0.0693689823704479,0.0467847468614142,0.0800247114080994,0.0271031734465504,0.341039396456449,-0.00336854531595972,0.16027988745463,0.573779852955679,0.0127094807531846,0.555751324280952,0.0143012599832118,0.136582205679034,0.0395599185794072,0.342138841803378,0.121576616206817,0.270488161118902,0.21081822676391,0.0228741461595069,0.679331337637255,0.726070140982826,0.254718467401689,0.0155295037192204,0.0670338341946691,0.785347182516975,0.0795583793380727,0.444630860291903,0.0812494246092807,0.0881505712603384,0.798103805042075,-0.00793999303028216,0.184912096083746,0.0170432402643937
"X_Symphyotrichum_squamatum",0.115769955157945,0.134127563952234,0.0784173157057005,0.169399689552323,0.0662115754828006,0.137264529787973,0.00427918733307749,0.11980431025394,0.0212492636959539,0.0223411116468362,0.504609205994351,0.0148632540309292,0.326158612943826,0.0553411324972256,0.230441775691177,0.0922559238110348,0.111513942723994,0.0157044210132735,0.485978024062599,0.0955905075678098,1,0.0815010496830697,0.131497735364289,0.511674021959893,0.402184655309436,0.088188083236044,0.533459212716892,0.0767871896541509,0.596844469286306,0.114074722495579,0.0464721466309077,0.530103004419379,0.0886611840001443,-0.00528941292758957,0.537346935735164,0.483220870918975,0.663233880709693,0.629173929898136,0.39383245419034,0.0146757328592673,0.570505348193898,-0.00217359474712512,0.270534749767039,0.552513164542759,0.00988999205527872,0.0118697923266681,0.141295393833594,0.625956813559346,0.628635262064428,0.346119060160084,0.13216429480199,0.219384550398156,0.625032508208117,0.0320299773595236,0.226237063498145,0.127338436355441,0.390296556738225,0.063776856520584
"X_Trifolium__glomeratum_",-0.00383446174772963,0.0312541435303832,0.0433266090327231,0.0415348127370103,0.341359482644247,0.342158310806688,0.351233137292749,0.0160305676859259,0.022704907725676,0.0397999825236052,0.167588391443107,0.0926302063061946,0.261902176819793,0.158891756146732,0.231524721942529,0.0627265265859671,0.0746637566723552,0.266082483821259,0.147380874420481,0.388996068562208,0.0815010496830697,1,0.0250337711894255,0.0683383495884973,0.117492384922628,0.0479291076247002,0.0164153434774095,0.0666926480014078,0.0465344786933422,0.0209176464635901,0.196329695025165,0.0635771194151757,0.13722609225237,0.318012061169776,0.0310385995018765,0.193140119112578,0.0241157556299578,0.0381258820874582,0.0522838193802854,0.20639457107913,0.134415531222136,0.0748588960185394,0.161220709977232,0.0566412700959863,0.324064153045694,0.341846837267371,0.117566530123727,0.072802911061475,0.0297390534370711,0.361581523863785,0.0404375291729443,0.324791361558507,-0.0274031820023683,0.0950402277499783,0.334857772995938,-0.00823908441966252,0.149016110920981,0.0231792469026349
"X_Unknown_grass1",0.0607106661861076,0.0179649891268436,0.0548474348103781,0.0238316292007737,0.0437747755850697,0.0607586428979633,0.0214801082886739,0.0345965796282873,0.00992763803659643,0.0245893343682544,0.216037764111775,0.0158207628251388,0.113750025146399,0.0255178500827422,0.0536972028908711,0.0331934632797712,0.0119078449306606,0.0225137881529824,0.107240348371554,0.0577001817527535,0.131497735364289,0.0250337711894255,1,0.132617893150487,0.0940993249382251,0.0393717582893833,0.216078565813896,0.0176611145359287,0.0150903082197028,0.0165041542819787,0.0147590765036503,0.183177960291245,0.0414550218428025,0.0242419743492303,0.13367130754836,0.0875442969580707,0.10567614897066,0.126441399085341,0.170018358863645,0.0316261208064028,0.201912685172271,0.0173523100419594,0.0386914571726827,0.0157465807218621,0.0514635412863024,0.0452608219748054,0.0427550378694755,0.230615969062474,0.230233237296305,0.0844225840296969,0.0316009202478593,0.0659664238960932,0.245656912424795,0.0223463538979142,0.0809823390578309,0.0775595108274704,0.0573934283620732,0.0110357707360776
"X_Unknown_grass2",0.0683232728603259,0.136374131199774,0.0187820333391887,0.181817219931708,0.0395758810778042,0.0544090173779851,0.0235521931945845,0.175880855690612,0.0342364782104817,-0.0038775959594944,0.568554078267961,0.055299267141458,0.381164869670451,0.0884393064258119,0.421295384791563,0.0907873103720873,0.100988221741719,-0.00544953411608837,0.545858298530117,0.0420557789652816,0.511674021959893,0.0683383495884973,0.132617893150487,1,0.526975256202084,0.215481013688834,0.519835587778052,0.0541383752393798,0.558765837236012,0.113879660405851,0.0116912459057946,0.410164743667649,0.139398789165473,-0.0158375021564557,0.500603465775159,0.48258047049804,0.670950819345216,0.727275735403644,0.349002633837797,0.0328705296445045,0.691479950645565,-0.0043155857848543,0.243661780074448,0.474123847955379,0.0290977782168328,0.0123302586569391,0.169721651129575,0.572421403675693,0.623815202918368,0.281242649436234,0.148727267792711,0.354014033379832,0.538588199133411,0.0425234764050263,0.189649637683604,0.126178776764551,0.377926965420711,0.115067333900467
"Astartea_scoparia",0.0660909732879106,0.112248705153929,0.0239878504085157,0.159927707774216,0.153618347972097,0.14906493541609,0.0222599229271609,0.050059505320432,0.0188427349594742,0.0276217185115875,0.492074854574041,0.0811036831509568,0.422864723048507,0.120528975883258,0.393506482591372,0.0638595096264444,0.0939333639666113,0.12363075836359,0.459570627424461,0.161624574459925,0.402184655309436,0.117492384922628,0.0940993249382251,0.526975256202084,1,0.274830912688885,0.410830785619031,0.00514663859831803,0.41541549494007,0.102489608886583,0.00526800337120839,0.309864203794241,0.0858086956854965,0.069140232603245,0.362805889099525,0.525249280361176,0.515516964206634,0.590924270026953,0.377170815402246,0.00316944431613044,0.601338659037719,0.0408006369117706,0.257014900184367,0.342227808756046,0.185041010190335,0.119575477942246,0.128798767535768,0.458672164451226,0.480239082901429,0.427652110528647,0.149023990219298,0.311383974668283,0.427377583567852,0.0147804054863013,0.317641144347642,0.146501680807233,0.282936553318158,0.0568646090398772
"Austrostipa_sp_",0.0288397370502494,0.0569582588295086,0.0539617863671104,0.0705457600128449,0.102741508179116,0.0985151464025884,0.0913444915486573,0.0250736464577264,0.0129635175349387,0.00694201877758363,0.28165242184175,0.0553285581890138,0.251119694564954,0.0757075720614246,0.163769349299248,0.0410629688553567,0.0237175668192106,0.107514357092509,0.179450186425395,0.150380019866124,0.088188083236044,0.0479291076247002,0.0393717582893833,0.215481013688834,0.274830912688885,1,0.183908773873525,0.0180005749127591,0.143224331915292,0.0230216066916688,0.02694927434185,0.149759623742983,0.0684874830698318,0.0632059598071495,0.128034767202161,0.296122352179937,0.233455438949243,0.283339329324937,0.222206038503203,0.032152334429001,0.324881698382881,0.0255231597364283,0.139504629357217,0.0823306969411058,0.106125218460736,0.103208646389335,0.056379528891037,0.218101797933096,0.22700972707257,0.23260932248325,0.0672724843867067,0.149419538627686,0.206998563278089,0.00734236099434918,0.19676126476626,0.0867718783982601,0.178577070810077,0.0428741320985473
"Banksia_menziesii",0.236988418150947,0.137716910214534,0.513989689211739,0.0962456031481506,0.00174170435220913,-0.045425161246143,0.019367221404261,0.392892704778068,0.0178255171271157,0.221383352734885,0.592900270951908,0.0248535868523646,0.00835726678579238,0.110132232881855,0.226415569372974,0.291617466135688,0.151542346595511,-0.0110157185341536,0.544199261915736,0.0693689823704479,0.533459212716892,0.0164153434774095,0.216078565813896,0.519835587778052,0.410830785619031,0.183908773873525,1,0.270564458814136,0.92521536396823,0.139102526819343,0.0817966330636154,0.86336513411505,0.133809112582785,-0.0108885213664321,0.810344772123871,0.273283491858788,0.944702852401753,0.904486987655238,0.763316225656513,0.0117581098467953,0.796705286745734,0.00150133924328009,0.186937789162148,0.95204713462283,0.039304978241781,0.0642704454541821,0.118110230200692,0.950153500376343,0.936656052713129,0.0402281522705777,0.289789401939873,0.134136053904925,0.955031905325099,0.220185859247186,0.001867536435433,0.527143874431773,0.543987216788936,0.23048388585333
"Baumea_articulata",0.0345369327555951,0.0204065891912967,0.278232758267214,0.0229597260475691,0.148081119322594,0.128755783590876,0.0579855266039535,0.0471835724992921,0.0212770006615138,0.119419558702891,0.134165923455346,0.0226654351790128,0.130487721069274,0.132029341423936,0.066146240865127,0.0577491147993346,0.0854788098430218,0.109425846827219,0.0289382514942584,0.0467847468614142,0.0767871896541509,0.0666926480014078,0.0176611145359287,0.0541383752393798,0.00514663859831803,0.0180005749127591,0.270564458814136,1,0.172924677634679,0.0401984835551901,0.0751507629625843,0.172523854207977,0.0486564811278081,0.053647429604116,0.100010205357315,0.00922288971394025,0.0973467780481247,0.0399047692657058,0.0744159959627937,0.0981128168947812,0.133568572652292,0.0843776309229846,0.0142350624330709,0.242231029999065,0.0450760775679844,0.0490660128152444,0.0280305725286966,0.135924044327571,0.117308576608282,0.168391125161655,0.0302196417828178,0.082027919225794,0.131184385811274,0.0818968639033553,0.0733988896535699,0.0738788927289559,0.0715857067406945,0.0494587498657069
"Beaufortia_elegans",0.136618957539652,0.176345130493563,0.296202274475136,0.155201085130563,0.116217395741358,0.0950588416040274,0.0398438166495815,0.155598679004178,0.0146193856889751,0.149957792323424,0.639107478389536,0.0336357015886538,0.114837192578407,0.0645959868176978,0.262864481881823,0.271526185831732,0.0675206813832376,0.0609128886746221,0.408845763385345,0.0800247114080994,0.596844469286306,0.0465344786933422,0.0150903082197028,0.558765837236012,0.41541549494007,0.143224331915292,0.92521536396823,0.172924677634679,1,0.131342104263472,0.0468581984789457,0.910855456170914,0.147135976483554,0.0840169450497065,0.73380404908778,0.0650915497327414,0.90760841170291,0.861309881056236,0.833387487765793,-0.0109590155279119,0.791016835023426,0.00280608755015581,0.0991510808802329,0.905216284101087,0.0702030200683512,0.0319385834728993,0.206760393210387,0.957406114329833,0.886192162083436,0.127178730261469,0.192623793583189,0.154126722373778,0.94988400643657,0.220122105455527,0.0841095396904162,0.333554232157005,0.499926869028204,0.145516410574841
"Caladenia_sp1",0.0247114325390736,0.0240312657786192,0.0622506596803386,0.0449405311144979,0.0163895008989226,0.0403628670561993,0.00225497401205227,0.0396529684730655,0.00775333243086075,0.0467835643027685,0.114717821459389,0.00179115681198609,0.0758464506586332,0.00864281839520864,0.0499517838760664,0.0331225198512144,0.023901318106955,0.0331875612903586,0.131092612441394,0.0271031734465504,0.114074722495579,0.0209176464635901,0.0165041542819787,0.113879660405851,0.102489608886583,0.0230216066916688,0.139102526819343,0.0401984835551901,0.131342104263472,1,0.00893558143639838,0.13017397484223,0.0203229854906044,0.0161035556543221,0.0696544272648044,0.11709273130548,0.129732652258683,0.123524506635684,0.10082897461496,0.0158492122086231,0.133001174608055,0.0106145326302171,0.048881424074776,0.128386270589991,0.034324755552625,0.0057444918787615,0.0401562023587594,0.127535757547154,0.110421941852738,0.082358577187904,0.0461169436633453,0.0566982300474028,0.120900218549386,0.0134651518705318,0.0669258786189115,0.0398716422185505,0.0713065371862939,0.0231453510291428
"Callistachys_lanceolata",0.0478261060251889,0.00385942525450155,0.259760273076415,0.00168847601264163,0.37594211311397,0.387766385733982,0.528074004462108,0.0207626419595969,0.0255487269041461,0.150977684521632,-0.00855782037159902,0.0606001126269648,0.0499095459953164,0.0160359691186672,-0.0128202327998764,0.0219103900256247,0.0734885568511447,0.359084787732976,0.15058803005447,0.341039396456449,0.0464721466309077,0.196329695025165,0.0147590765036503,0.0116912459057946,0.00526800337120839,0.02694927434185,0.0817966330636154,0.0751507629625843,0.0468581984789457,0.00893558143639838,1,0.0943471352477123,-0.00755115868718739,0.410260266592263,0.0590170668252343,0.0476160318554191,0.058736664961092,0.0534986815966172,0.049378303091468,0.494784658934227,0.0107601404093034,0.386521201700366,0.0017387122378158,0.00431547223404905,0.324209281853264,0.445880446519181,0.235933971561053,0.0720883770669716,0.0837985569374934,0.18072752296577,0.0287852812903564,0.110083639543603,0.0954984824537879,0.0560467917627512,0.226207831757629,0.0367768028273254,0.0753496704079302,0.0114389985596228
"Cassytha_racemosa",0.223040780067704,0.155709468282482,0.329129355176377,0.127157353521314,0.0457413670136035,0.13151900248051,0.017410194469275,0.303179025547401,0.00981155751465496,0.276033643128077,0.527230672459695,0.0208137579326263,0.051647444259191,0.139943911571797,0.221020191398325,0.25638839341466,0.065284017153763,0.00728715196338851,0.437620233719278,-0.00336854531595972,0.530103004419379,0.0635771194151757,0.183177960291245,0.410164743667649,0.309864203794241,0.149759623742983,0.86336513411505,0.172523854207977,0.910855456170914,0.13017397484223,0.0943471352477123,1,0.143149663627327,0.027007400648949,0.71791019251976,0.185296299304143,0.848926208770805,0.808803569213033,0.80788581964048,0.029519578003254,0.720147358430508,0.0138524881300977,0.104030810810124,0.873349417059375,0.0505931906661083,0.0755296690373417,0.17684532419992,0.913755604232149,0.867868083469423,0.168448694466871,0.273575323841171,0.0428462286692181,0.889279504262487,0.218906608289311,0.070103821137155,0.389548605160764,0.510247400630698,0.246601669500203
"Cotula_australis",0.0205335349335478,0.0375965947962702,0.038472970486975,0.0150636838384739,0.157103285207745,0.128226017349172,0.102116613769922,0.0324933341570868,0.0229929388603444,0.0147433517845404,0.124121596543941,0.0292897469558775,0.267375727312153,0.105570107494683,0.108542558706599,0.042218033223026,0.0361973125224772,0.0465402168412878,0.122593644879189,0.16027988745463,0.0886611840001443,0.13722609225237,0.0414550218428025,0.139398789165473,0.0858086956854965,0.0684874830698319,0.133809112582785,0.0486564811278081,0.147135976483554,0.0203229854906044,-0.00755115868718739,0.143149663627327,1,0.114838787496246,0.0675206570726254,0.108145347490121,0.143226861626118,0.140133701438207,0.136577844443166,0.0276140339033107,0.150470214513701,0.0238787010666347,0.120196941431216,0.13848163033213,0.101514379691107,0.0561581845484215,0.0750894002971122,0.149725664667721,0.146619699294321,0.214430614293439,0.0452555708752392,0.236694532216752,0.145830368719978,0.0382680954505115,0.116517452547993,0.0548286961655788,0.144146637893166,0.037034237247329
"Eucalyptus_rudis",-0.00546588317922555,-0.00377758754817459,0.0615569208812353,0.041746998674619,0.616702168068171,0.630499914519565,0.57365276267539,0.0746701766843062,0.0543058572803122,0.0399304273423263,0.0320736932107072,0.155302034402883,0.351829742009877,0.120011464404767,0.342516365211259,0.0160009635037446,0.0790099772671444,0.642329904314674,0.128307666180701,0.573779852955679,-0.00528941292758957,0.318012061169776,0.0242419743492303,-0.0158375021564557,0.069140232603245,0.0632059598071495,-0.0108885213664321,0.053647429604116,0.0840169450497065,0.0161035556543221,0.410260266592263,0.027007400648949,0.114838787496246,1,0.0114985437905072,0.19942602351203,-0.0295048584597096,-0.0254452777407111,-9.68523131477215e-05,0.485998133921054,0.0707041776376712,0.424465962795143,0.163953287805782,0.0464569358524813,0.525402541131396,0.552089942557403,0.255059639703399,0.0162328249292755,-0.0365556748257495,0.450640359377212,0.0660426553212394,0.326833788906122,-0.0568878666598487,0.0985712853403437,0.456114055699176,0.00150000586235513,0.151320993942561,0.0192467503151099
"Euchilopsis_linearis",0.157830606851634,0.144422937552845,0.337129447508526,0.10209563877445,0.0299672082003054,0.0660202518521254,0.0135625478254686,0.294250219090995,0.0161572948875238,0.154223990550062,0.541980139307469,0.0111778097381127,0.151644702609027,0.0742090908044861,0.17324252790677,0.209315674195375,0.0881792984074951,0.000739111249274075,0.351584905152539,0.0127094807531846,0.537346935735164,0.0310385995018765,0.13367130754836,0.500603465775159,0.362805889099525,0.128034767202161,0.810344772123871,0.100010205357315,0.73380404908778,0.0696544272648044,0.0590170668252343,0.71791019251976,0.0675206570726254,0.0114985437905072,1,0.218549978622469,0.806237661287716,0.760847823740663,0.581440283752009,0.0203134506832733,0.668152226361809,0.000727306299229857,0.151464640119082,0.688163939734214,-0.00264976115100723,0.0233572035827932,0.116679579208399,0.804947910100844,0.801403937460488,0.0881667101042935,0.175851029083875,0.148578298762941,0.815111356315815,0.164399394307273,0.0354969683780667,0.205716038121305,0.445788238932028,0.12872519828583
