"","X_Aira_sp_","X_Bromus_diandrus","X_Carpobrotus_edulis","X_Cerastium_glomeratum","X_Conyza_parva","X_Conyza_sp2","X_Cortaderia_selloana","X_Crassula_sp_","X_Ehrharta_longiflora","X_Exotic_sp1","X_Hypochaeris_glabra","X_Lactuca_serriola","X_Lotus_angustissimus","X_Lysimachia_arvensis","X_Medicago_sp_","X_Phytolacca_octandra","X_Polypogon_monspeliensis","X_Solanum_nigrum","X_Sonchus_asper","X_Sonchus_oleraceus","X_Symphyotrichum_squamatum","X_Trifolium__glomeratum_","X_Unknown_grass1","X_Unknown_grass2","Astartea_scoparia","Austrostipa_sp_","Banksia_menziesii","Baumea_articulata","Beaufortia_elegans","Caladenia_sp1","Callistachys_lanceolata","Cassytha_racemosa","Cotula_australis","Eucalyptus_rudis","Euchilopsis_linearis","Eutaxia_virgata","Hypocalymma_angustifolium","Hypolaena_exsulca","Isolepis_cernua","Juncus_pallidus","Kunzea_glabrescens","Lepidosperma_longitudinale","Lobelia_sp_","Loxocarya_sp_","Melaleuca_preissiana","Melaleuca_rhaphiophylla","Microtis_media","Nutsyia_floribunda","Podotheca_gnaphalioides","Pteridium_esculentum","Pterostylis_sp1","Pterostylis_sp2","Pultenaea_reticulata","Scaevola_alata","Senecio_sp_","Stylidium_repens","Trachymene_pilosa","Waitzia_suaveolens"
"X_Aira_sp_",0,0.0695263439208622,0.111976696538239,0.0605246477508157,0.140828948279226,0.133823162032403,0.161122315369897,0.0847960331471533,0.084433353183508,0.106277244650046,0.111602397362327,0.131641082067438,0.137879723433399,0.161029874374049,0.0771736178756449,0.0696579059211387,0.0828578435843062,0.141722625451818,0.113157569861198,0.152329810854456,0.136731739386466,0.084894124910694,0.133662923899545,0.136002167728616,0.130271301649855,0.0360754876299546,0.150754725536053,0.0795772166018487,0.143992324090817,0.10278547710932,0.157912304354078,0.132821470042419,0.0694571818014255,0.0974027109535809,0.158038642790938,0.1653070018978,0.154194298120332,0.164275083023761,0.135046779064646,0.161220885428666,0.157447990486293,0.165293757079539,0.0918706484684525,0.153500495237891,0.133632070850949,0.142905773166588,0.153640364594198,0.161844163661759,0.14434459313724,0.158476826151637,0.102013509941236,0.100299512278247,0.16296602713815,0.0766440875503915,0.153408901147818,0.123440857615888,0.0991150382863228,0.104989593367562
"X_Bromus_diandrus",0.0695263439208622,0,0.101874755546578,0.0545667228516611,0.13598737370778,0.111911098978865,0.16168081088744,0.095567560379179,0.0610282761254548,0.114743347621493,0.0928014232179803,0.120140581117879,0.123551170701496,0.145275893988823,0.057990089100025,0.0601036466060235,0.0704664811570288,0.136489818618976,0.08888929402696,0.116363086196794,0.122122107727484,0.0770194747903576,0.098962013297181,0.108402396186256,0.104160286307285,0.0261632915045655,0.135322136942415,0.0881918673264349,0.147339618538116,0.084205505325507,0.144196455414244,0.129802561306099,0.0513566925479801,0.0929749472438816,0.162608049106788,0.128238546212101,0.157492193619929,0.158894430838028,0.136484064118488,0.161148971372929,0.144509316959227,0.163587485406215,0.0823020096850914,0.156020741032101,0.101687664412382,0.113007712346045,0.137680703991528,0.165866143088346,0.140760798727294,0.119998719249997,0.0920194425707972,0.0774981728844492,0.16877738749591,0.0797328380537212,0.134521535975129,0.121775409932016,0.0767797298558399,0.0982918219842209
"X_Carpobrotus_edulis",0.111976696538239,0.101874755546578,0,0.135357487257627,0.232130255807796,0.268421087370754,0.239595371199234,0.1422897107024,0.157258888345819,0.194122088400506,0.185906886004034,0.224858122802846,0.252403737244652,0.262471460787209,0.155384984986992,0.143005643117323,0.152297696655775,0.230614792580108,0.229540225125061,0.315716718054576,0.220834854462174,0.176355545169452,0.251841550990112,0.23172255276549,0.236092447548838,0.0754532964019446,0.307401274441751,0.171061168669103,0.249161147909437,0.176676682670892,0.281576771022723,0.194193169173067,0.123638404430014,0.158253157795304,0.207529773985633,0.341719258551786,0.192174955519705,0.224569347675683,0.187082306646107,0.239077498689528,0.233074392919776,0.226629748658927,0.15320925910067,0.255210789118092,0.282813739769717,0.299917457220096,0.245408878464556,0.199626042197816,0.228840229934478,0.333157025485106,0.219158872560481,0.207628241125514,0.199348314762269,0.146760564849772,0.262305716443648,0.23575839843789,0.171226674682459,0.165314377707962
"X_Cerastium_glomeratum",0.0605246477508157,0.0545667228516611,0.135357487257627,0,0.13130661790292,0.159736707914785,0.148791449578396,0.0732298353620728,0.0825392205846672,0.100447632816529,0.10567705024842,0.124580059679406,0.131564189932604,0.156367905347235,0.0693394574685836,0.0681006669810411,0.0868802573712006,0.14773203739986,0.115107928502414,0.194510140680648,0.126878098994175,0.0926214047424112,0.13857704693545,0.116832548323268,0.149098744083573,0.0330220823511549,0.183412453042733,0.0914553007810021,0.148721863671503,0.0910485756392916,0.174344632159495,0.115330023589132,0.0671539449877448,0.0951649305804478,0.144654854804535,0.214162339250994,0.138649133465427,0.158486707794425,0.108853002255433,0.149672601636559,0.158441046198501,0.146802834130442,0.0842205139556561,0.159142053188925,0.169537449832832,0.183240062231864,0.147122260653266,0.14293664989358,0.130820840616177,0.207731095279833,0.1125191497395,0.106427457735728,0.143507065462946,0.0739961809832321,0.152932097839984,0.13123365855151,0.0934451318041137,0.0838741260683268
"X_Conyza_parva",0.140828948279226,0.13598737370778,0.232130255807796,0.13130661790292,0,0.250438995694999,0.185828715962011,0.185059569115878,0.15613868649957,0.226397888217602,0.192680266932719,0.248300148836369,0.243037515626923,0.270916333278014,0.148949137078225,0.155830661696815,0.181590983906504,0.230139929092573,0.223944679848518,0.307399363577827,0.239483595810838,0.184469537043956,0.241433949641847,0.228820504192647,0.244903358685733,0.0753679859496596,0.293924473691928,0.188379454980906,0.213593690530234,0.203538741805533,0.253170608810018,0.167227997858995,0.134129093276598,0.138791996421684,0.195404307387248,0.346070941059903,0.174733737606438,0.228497065114116,0.20237000249565,0.197807272579431,0.244081676220832,0.20321466094221,0.189142008381744,0.214728472393465,0.270595172398398,0.285229891469732,0.253248437125969,0.169855416847276,0.182133708101113,0.330454865708839,0.229339620556618,0.219390591335412,0.180232676834323,0.17419586763173,0.226003739651714,0.261344784941314,0.174361689211317,0.209687493248358
"X_Conyza_sp2",0.133823162032403,0.111911098978865,0.268421087370754,0.159736707914785,0.250438995694999,0,0.227414670994125,0.155598514456298,0.174328149302646,0.234087466684668,0.195993895880783,0.272044963711048,0.299994607280662,0.281235081792827,0.156200400040565,0.152213550968626,0.213542259522023,0.279332559263648,0.223426557483387,0.129071581377803,0.228965310072221,0.2255118347087,0.211810637824578,0.267595244194842,0.165418780588073,0.0874908725826756,0.11439668332301,0.20809538897197,0.144130984276383,0.222465534688751,0.105199780280274,0.17113011664213,0.155802991349213,0.132372381105565,0.196394314206051,0.181366787488952,0.176270925032434,0.196322538977989,0.184309392626595,0.231127448490974,0.194039636902734,0.254316783862544,0.189988131190477,0.129153925070558,0.13435338264452,0.125042952581395,0.293360945630251,0.165364681675869,0.175574434898949,0.145334381441045,0.229795126148484,0.244879020677384,0.182782974809746,0.185526249361489,0.255397579638797,0.218151990268781,0.178685448876512,0.16942506136991
"X_Cortaderia_selloana",0.161122315369897,0.16168081088744,0.239595371199234,0.148791449578396,0.185828715962011,0.227414670994125,0,0.217159004592523,0.176157394848671,0.252046090451171,0.185436477490455,0.265702834651976,0.258456720353489,0.260846754988839,0.16497583869514,0.17990088245395,0.194045596902744,0.221495851774267,0.247748484117617,0.277862453537994,0.260079616103189,0.220207247017197,0.244617012369737,0.259140048288141,0.22068325944125,0.0825247955012863,0.272529341841378,0.228387933546682,0.17917662799971,0.237275946248054,0.210769379851751,0.14499516000766,0.147842330106653,0.113015665264098,0.144267046431687,0.317664197064488,0.105519856789339,0.179334732964417,0.206522113581936,0.132939466404337,0.208628383895995,0.143676420289404,0.218691866388534,0.168924375905943,0.247212640097158,0.256506574884302,0.250151170105933,0.0944366933585395,0.148042451633531,0.300559759425101,0.259091322894382,0.236779880057849,0.102592356357437,0.199918498463111,0.211835085789712,0.279748829814701,0.178074651832702,0.247617570289525
"X_Crassula_sp_",0.0847960331471533,0.095567560379179,0.1422897107024,0.0732298353620728,0.185059569115878,0.155598514456298,0.217159004592523,0,0.0936075295531947,0.15734908551899,0.128641723574699,0.163640129722112,0.174152192368734,0.196505068271419,0.0872273252740642,0.0912249776027499,0.096253802157318,0.173494527689882,0.130156713522079,0.174820579004561,0.164748027126007,0.104741632772574,0.13650717664573,0.159145929485631,0.150898768597099,0.0413382985498581,0.203218036391081,0.113544731520188,0.203788626831264,0.122770709183278,0.199408011694463,0.17904707661793,0.0682403611217047,0.129234199459488,0.222380050513392,0.190664861432805,0.21377209709926,0.21652996671219,0.18964873872869,0.220913321638973,0.197920192606584,0.224268336110372,0.11684713165321,0.210705870723409,0.149275782577048,0.166500703519792,0.190825743684218,0.223913026619313,0.195620554936142,0.178172748987292,0.12570571376771,0.11724312593719,0.22679911467692,0.107107496043749,0.195942007944395,0.164397927381749,0.110310661211328,0.141554806170632
"X_Ehrharta_longiflora",0.084433353183508,0.0610282761254548,0.157258888345819,0.0825392205846672,0.15613868649957,0.174328149302646,0.176157394848671,0.0936075295531947,0,0.119971255135966,0.128124108832132,0.150977905287706,0.164790568921144,0.18637809180965,0.0942584286673452,0.0784548129831315,0.108126345112585,0.165580682376177,0.140985362101137,0.207540403919112,0.143449298773916,0.117329176964042,0.163498308736638,0.15499094597243,0.162461089620241,0.0464152924877134,0.202900813767863,0.117061080537836,0.170029746686067,0.122836756861322,0.193104763259292,0.130335150813921,0.0783966742276477,0.109060693297312,0.152402029549695,0.229530735655473,0.141799900352438,0.166700135666006,0.127383393740066,0.17723996085426,0.169670258425737,0.174195331006809,0.0946176783910265,0.170159764063379,0.185193101686625,0.198311706366004,0.171461458817337,0.145589766131009,0.149580303063107,0.222745991075965,0.141045633772088,0.134221992156646,0.152145094827338,0.0972445096521451,0.163506349176472,0.158818475222916,0.113396747371801,0.100253360406017
"X_Exotic_sp1",0.106277244650046,0.114743347621493,0.194122088400506,0.100447632816529,0.226397888217602,0.234087466684668,0.252046090451171,0.15734908551899,0.119971255135966,0,0.163653382605848,0.215230097969583,0.220792219417393,0.234239571588947,0.123873428079639,0.12172188731216,0.154686527103015,0.214093592503231,0.189324665184475,0.265062019970371,0.207466176772569,0.156322866141368,0.188430210672491,0.200234761877931,0.200378572973992,0.0578426332612154,0.286246784939033,0.158623183679003,0.245906495790508,0.158826159985703,0.271627834088396,0.196840605297923,0.106494290052455,0.155941407543457,0.229016391168381,0.279855039446929,0.223114168448475,0.236040702076667,0.20929404393259,0.25471381245149,0.227380153084248,0.244191472814146,0.155446036412506,0.263382357122103,0.231638339088354,0.255502799459881,0.228785207057469,0.235859888833213,0.227147939375603,0.275496826621306,0.188440090494022,0.172955578207488,0.23632382381706,0.152586238352959,0.244118643477816,0.223504692772617,0.138234903675084,0.169691579169958
"X_Hypochaeris_glabra",0.111602397362327,0.0928014232179803,0.185906886004034,0.10567705024842,0.192680266932719,0.195993895880783,0.185436477490455,0.128641723574699,0.128124108832132,0.163653382605848,0,0.18611679313745,0.21138574930791,0.189757471766994,0.126285509405827,0.124442041602347,0.126470380356608,0.174035177037375,0.191483983801465,0.215912990968186,0.175827778112428,0.143641673223714,0.194873880629941,0.205433341348519,0.162305951670815,0.0656595015081007,0.225832576871935,0.134934751775254,0.193866489104467,0.161329213074193,0.208642132778928,0.15783237235204,0.109427210540755,0.124980655216162,0.156008163034694,0.224264374167073,0.145667650513587,0.157323313984529,0.154151727490889,0.188322992050258,0.162178840838997,0.17020466798812,0.143040590862254,0.185120841742654,0.191820306304441,0.204485126456401,0.200347892095953,0.151541057959656,0.179023489506972,0.224773458585941,0.180321068299833,0.172719540604829,0.154042585984331,0.125518617625746,0.207438594198929,0.181235160536775,0.136270757781942,0.153039233976791
"X_Lactuca_serriola",0.131641082067438,0.120140581117879,0.224858122802846,0.124580059679406,0.248300148836369,0.272044963711048,0.265702834651976,0.163640129722112,0.150977905287706,0.215230097969583,0.18611679313745,0,0.243651543711459,0.279228714719425,0.141014797984562,0.141435778929033,0.164160993874892,0.249092574866696,0.207066498553872,0.322616926728163,0.232412979525987,0.180182193227865,0.224180993699415,0.214468678041951,0.236013784616673,0.0672557936619732,0.315030004162132,0.18434402126767,0.263966870193746,0.189168214261888,0.304085593435713,0.211575497667506,0.124925644309579,0.16658248107861,0.248559205012938,0.340706468971508,0.237468364323036,0.263240033139421,0.228956772386353,0.265290630467702,0.261247985414973,0.26548067421593,0.179968155305584,0.273424301908406,0.280352676943636,0.303493823247192,0.260176895857741,0.248264835445847,0.235999076279519,0.335937941075814,0.224212521090476,0.208559757686585,0.251699783484418,0.15310143129419,0.264223066589372,0.25676127511224,0.167722512560367,0.187258796830134
"X_Lotus_angustissimus",0.137879723433399,0.123551170701496,0.252403737244652,0.131564189932604,0.243037515626923,0.299994607280662,0.258456720353489,0.174152192368734,0.164790568921144,0.220792219417393,0.21138574930791,0.243651543711459,0,0.30711367095912,0.166671718651745,0.13427931356747,0.187886609355934,0.278822240194203,0.229207419927374,0.363256322030499,0.258161011532611,0.185768766788832,0.27195773906755,0.223774697550594,0.284202955355414,0.0729138400126789,0.323901669279397,0.187233799677894,0.26090101298284,0.191552360179362,0.316154316184234,0.205869497975179,0.133554004754857,0.167186802045191,0.250400174486828,0.405759228926797,0.237017683096867,0.286171210979258,0.218501452634577,0.26347414338141,0.292773131935885,0.266361118215136,0.177218848841997,0.26012855570797,0.326644771892072,0.343422911260431,0.277465726073197,0.235321795802721,0.23131002377956,0.392055817531343,0.240357750594652,0.219818022089433,0.247200939789252,0.163848376083838,0.255273495589238,0.266340701355324,0.188139925990678,0.193853607315608
"X_Lysimachia_arvensis",0.161029874374049,0.145275893988823,0.262471460787209,0.156367905347235,0.270916333278014,0.281235081792827,0.260846754988839,0.196505068271419,0.18637809180965,0.234239571588947,0.189757471766994,0.279228714719425,0.30711367095912,0,0.179449761393587,0.179625089837354,0.179461864363931,0.228223047017753,0.277181830718879,0.310117473477237,0.247079326368532,0.207240838431035,0.270133899943044,0.290603455950167,0.203129826148534,0.093889967407541,0.349071924772035,0.213227041915638,0.287310715771317,0.233813016681736,0.304969243922284,0.225781088057386,0.159696714329908,0.175319881118438,0.204920467814799,0.29519832809835,0.188668538094161,0.190886193188873,0.229040703286018,0.268821116117365,0.196073745474001,0.236466863555495,0.209966843046285,0.286716399717903,0.270204008421079,0.300182110055884,0.272571019020378,0.210537867844536,0.255717876370975,0.312260062927946,0.258550164879566,0.23840280557552,0.20333560205304,0.177236797929707,0.294695443316643,0.264410566097207,0.180079257066314,0.226727704625267
"X_Medicago_sp_",0.0771736178756449,0.057990089100025,0.155384984986992,0.0693394574685836,0.148949137078225,0.156200400040565,0.16497583869514,0.0872273252740642,0.0942584286673452,0.123873428079639,0.126285509405827,0.141014797984562,0.166671718651745,0.179449761393587,0,0.0807629571029748,0.101230142946789,0.165488552516216,0.140066449631597,0.187804219553485,0.148438557101994,0.10315071323173,0.15658509209909,0.140747001135571,0.158327896033239,0.0459148377022757,0.186420806256572,0.099639657898223,0.164175224548868,0.114478653564294,0.169479324172451,0.130408885912616,0.0780118274241072,0.0949712893262521,0.158827488462034,0.218175359986496,0.153294841867046,0.173376582996622,0.123777905331714,0.165513510560898,0.173825527258982,0.166184185781549,0.104268044660128,0.16036871744308,0.172035560772934,0.180294528021799,0.176095905611377,0.15414651482873,0.150264025609819,0.203830317102562,0.135027818073727,0.126671114440518,0.155550644870813,0.0834269202427461,0.166145851994589,0.137540436839734,0.112500796843304,0.0965653789325113
"X_Phytolacca_octandra",0.0696579059211387,0.0601036466060235,0.143005643117323,0.0681006669810411,0.155830661696815,0.152213550968626,0.17990088245395,0.0912249776027499,0.0784548129831315,0.12172188731216,0.124442041602347,0.141435778929033,0.13427931356747,0.179625089837354,0.0807629571029748,0,0.0824720333028357,0.163994801904688,0.117755753901934,0.178936535500819,0.14713071159795,0.0928356268818688,0.145009038264033,0.125911724160987,0.161641561579238,0.0366072077728262,0.180445587160548,0.0921007276409493,0.168344548259885,0.0887380957207265,0.176172299101794,0.142695991330728,0.0643283234049054,0.108855969158688,0.184986566267982,0.214024926908887,0.17836019224923,0.198352761926564,0.146847278030956,0.188000327334374,0.189976522238418,0.191290680829135,0.0890681960100635,0.170442390817426,0.163773655035322,0.172036250066728,0.164181066423676,0.18266952129606,0.161593245858329,0.195775755262594,0.116404773032758,0.104671749946522,0.188695630003346,0.0888832534634283,0.152911521771734,0.14227407655501,0.11002114635851,0.10750992695938
"X_Polypogon_monspeliensis",0.0828578435843062,0.0704664811570288,0.152297696655775,0.0868802573712006,0.181590983906504,0.213542259522023,0.194045596902744,0.096253802157318,0.108126345112585,0.154686527103015,0.126470380356608,0.164160993874892,0.187886609355934,0.179461864363931,0.101230142946789,0.0824720333028357,0,0.169518751575449,0.14854788194797,0.245791989355774,0.151327939334253,0.129913634784837,0.154469701483358,0.159010740319775,0.164676650529725,0.0466381287318666,0.242459689837676,0.114483378298057,0.207025345494591,0.119638965387751,0.244899311067076,0.153185584874219,0.082008021318286,0.134504564016318,0.163279361088738,0.239398113954736,0.155184900891675,0.158793675941058,0.140899900608924,0.199966854595149,0.158908032619667,0.187631415088553,0.116748891107143,0.209557113647165,0.215508329676835,0.236671373527489,0.171673215876186,0.177031536184068,0.177555213096997,0.248254442436051,0.146080452523247,0.154146619543671,0.167767763542438,0.112103018663466,0.19792793703695,0.189674106228334,0.116996214179474,0.105264314721226
"X_Solanum_nigrum",0.141722625451818,0.136489818618976,0.230614792580108,0.14773203739986,0.230139929092573,0.279332559263648,0.221495851774267,0.173494527689882,0.165580682376177,0.214093592503231,0.174035177037375,0.249092574866696,0.278822240194203,0.228223047017753,0.165488552516216,0.163994801904688,0.169518751575449,0,0.261607411783151,0.318126958496965,0.21781140090992,0.194092320436605,0.247708095724697,0.267900550557741,0.205354889081015,0.0835746421389793,0.338849502214969,0.191152390097199,0.264997587722114,0.214053270769612,0.302312104970431,0.193873453861984,0.145719813904708,0.159946182483201,0.161992780850443,0.309353599696438,0.138436676846685,0.150683409338239,0.191535041563527,0.231919355388987,0.171850415420076,0.184875989867423,0.192567692080937,0.263133826392303,0.276497837042713,0.299466830393049,0.242233987495665,0.16503841722672,0.23059445901414,0.328874416595754,0.239099164210089,0.229271310578943,0.15343139417641,0.161058106824475,0.273372098777298,0.269067941229425,0.168209196171014,0.20894491679629
"X_Sonchus_asper",0.113157569861198,0.08888929402696,0.229540225125061,0.115107928502414,0.223944679848518,0.223426557483387,0.247748484117617,0.130156713522079,0.140985362101137,0.189324665184475,0.191483983801465,0.207066498553872,0.229207419927374,0.277181830718879,0.140066449631597,0.117755753901934,0.14854788194797,0.261607411783151,0,0.27024020919717,0.227979799740753,0.155087183613845,0.223072466430715,0.214062916470413,0.241842928639043,0.0644565565968098,0.241580236057861,0.155302560972083,0.213963768509129,0.161744566043415,0.232084435476459,0.189063892523445,0.113264056444226,0.140881985645919,0.241429850474793,0.324174256351485,0.228309523296014,0.267181776505249,0.193730595272698,0.251584975211197,0.268809304799386,0.262123581523514,0.149930828709374,0.214549224094183,0.244684025934194,0.25091284683335,0.267823381469402,0.228115447109439,0.20491593301313,0.294759802297115,0.193241100699383,0.191660865641788,0.239771602206257,0.138554996409036,0.232420464774788,0.198293802813369,0.172265609010572,0.13928122016534
"X_Sonchus_oleraceus",0.152329810854456,0.116363086196794,0.315716718054576,0.194510140680648,0.307399363577827,0.129071581377803,0.277862453537994,0.174820579004561,0.207540403919112,0.265062019970371,0.215912990968186,0.322616926728163,0.363256322030499,0.310117473477237,0.187804219553485,0.178936535500819,0.245791989355774,0.318126958496965,0.27024020919717,0,0.249950337791688,0.263398598639328,0.240717713440995,0.325855754293594,0.142990580815626,0.10582365405254,0.117218134585545,0.239201910024886,0.182023223110243,0.259050249058719,0.109081289093603,0.210361726811054,0.189282337995934,0.157666393602891,0.219684870473043,0.113637335242373,0.190960133501721,0.196211021875536,0.203735200923133,0.287155802313326,0.18378430505553,0.297367105981799,0.219706744744532,0.16840945745961,0.0989689340999012,0.0865474344479559,0.336191494658824,0.193837666743971,0.221019565504157,0.0784563232897514,0.266724441398525,0.283561448017658,0.202611977765126,0.210509183162267,0.315156307299729,0.238683589335112,0.200939073196037,0.190824886416364
"X_Symphyotrichum_squamatum",0.136731739386466,0.122122107727484,0.220834854462174,0.126878098994175,0.239483595810838,0.228965310072221,0.260079616103189,0.164748027126007,0.143449298773916,0.207466176772569,0.175827778112428,0.232412979525987,0.258161011532611,0.247079326368532,0.148438557101994,0.14713071159795,0.151327939334253,0.21781140090992,0.227979799740753,0.249950337791688,0,0.171809693158011,0.226968941608062,0.245195065498913,0.194808712778457,0.0763279538633813,0.26554994595848,0.178615915441541,0.251933361885772,0.198514837761902,0.263232859642028,0.210282617387437,0.125380136261286,0.157846259662806,0.229458588809028,0.260301497479198,0.217976467782078,0.22743021678355,0.213049643981794,0.264573841467067,0.219523919402878,0.249635987355338,0.169436023329929,0.249521032070706,0.220610994290721,0.238840927673173,0.248000353845857,0.230694640740646,0.234375595852989,0.258781255458928,0.205787339973407,0.193272171538782,0.233232474330778,0.155002332413397,0.258971576769144,0.216446171915363,0.162023327637051,0.197464410107257
"X_Trifolium__glomeratum_",0.084894124910694,0.0770194747903576,0.176355545169452,0.0926214047424112,0.184469537043956,0.2255118347087,0.220207247017197,0.104741632772574,0.117329176964042,0.156322866141368,0.143641673223714,0.180182193227865,0.185768766788832,0.207240838431035,0.10315071323173,0.0928356268818688,0.129913634784837,0.194092320436605,0.155087183613845,0.263398598639328,0.171809693158011,0,0.175945702823667,0.164120281751134,0.191463465937633,0.050414252973808,0.258226400880119,0.126407987777335,0.218074677896883,0.117566815682386,0.251064998282054,0.169563090406655,0.0834836843986331,0.13457551369034,0.198455147441453,0.28243611889739,0.191746134154527,0.210543133806415,0.166730006461193,0.218625273290263,0.211493359788631,0.216027119607347,0.119556692817002,0.228353095801642,0.229935572178505,0.252504330637344,0.200611336119052,0.199778163327772,0.19311159038041,0.279351730804547,0.161875211329976,0.157663133549588,0.202592327202046,0.109768737196253,0.216486523766834,0.194033843072102,0.126313187306246,0.117757628397708
"X_Unknown_grass1",0.133662923899545,0.098962013297181,0.251841550990112,0.13857704693545,0.241433949641847,0.211810637824578,0.244617012369737,0.13650717664573,0.163498308736638,0.188430210672491,0.194873880629941,0.224180993699415,0.27195773906755,0.270133899943044,0.15658509209909,0.145009038264033,0.154469701483358,0.247708095724697,0.223072466430715,0.240717713440995,0.226968941608062,0.175945702823667,0,0.254747248170958,0.221627543080544,0.0760532680661468,0.236402525851679,0.16783401583162,0.211704444388885,0.198034860308942,0.20944934252655,0.194233334406876,0.132626857765891,0.14206405364501,0.216199966538536,0.294125914814769,0.198341027442001,0.239102673404247,0.184812393710163,0.239610261915977,0.245235350987313,0.251420953764497,0.172067869955284,0.200717473733878,0.223471246687967,0.228938630734036,0.272667873316755,0.199219318768312,0.213872839488844,0.261578208679004,0.223099912624083,0.210226164008669,0.209937702679466,0.14554011001921,0.254641844677061,0.197397348613812,0.175350099692949,0.162793313374832
"X_Unknown_grass2",0.136002167728616,0.108402396186256,0.23172255276549,0.116832548323268,0.228820504192647,0.267595244194842,0.259140048288141,0.159145929485631,0.15499094597243,0.200234761877931,0.205433341348519,0.214468678041951,0.223774697550594,0.290603455950167,0.140747001135571,0.125911724160987,0.159010740319775,0.267900550557741,0.214062916470413,0.325855754293594,0.245195065498913,0.164120281751134,0.254747248170958,0,0.275947968035261,0.0635540624346639,0.291736992942604,0.162931132314851,0.248130836730974,0.177113071990538,0.285263442105678,0.201871863245978,0.113727730742717,0.157350849893168,0.255261899594433,0.378687112834179,0.24477515832789,0.289897453409847,0.208121920293553,0.254771775288162,0.295440292375414,0.274782791302162,0.158350594414529,0.243685789745014,0.29211392336104,0.308609418391309,0.270074448841911,0.245968080125434,0.226176379718966,0.353550856881715,0.216169556294275,0.200980562692388,0.25487751040274,0.142280462148308,0.235048178391577,0.228878986637165,0.184284520993056,0.174005819088919
"Astartea_scoparia",0.130271301649855,0.104160286307285,0.236092447548838,0.149098744083573,0.244903358685733,0.165418780588073,0.22068325944125,0.150898768597099,0.162461089620241,0.200378572973992,0.162305951670815,0.236013784616673,0.284202955355414,0.203129826148534,0.158327896033239,0.161641561579238,0.164676650529725,0.205354889081015,0.241842928639043,0.142990580815626,0.194808712778457,0.191463465937633,0.221627543080544,0.275947968035261,0,0.089066836286131,0.202174377752548,0.186193350370369,0.207206330232781,0.209122309570172,0.176889825683002,0.185174558939472,0.147973901270759,0.142512081554537,0.152734417677204,0.101633233747729,0.133226836015634,0.105365843322902,0.165802065549184,0.234663564461329,0.100731416375791,0.204012529929268,0.175886501019365,0.194534782342358,0.128626797975363,0.143943962144465,0.238070558796884,0.152145731319679,0.206603795999438,0.128066525069201,0.210205716481653,0.219818610496376,0.148296567309955,0.15844415846378,0.256161816938326,0.191408604661219,0.152698728503079,0.176760974931761
"Austrostipa_sp_",0.0360754876299546,0.0261632915045655,0.0754532964019446,0.0330220823511549,0.0753679859496596,0.0874908725826756,0.0825247955012863,0.0413382985498581,0.0464152924877134,0.0578426332612154,0.0656595015081007,0.0672557936619732,0.0729138400126789,0.093889967407541,0.0459148377022757,0.0366072077728262,0.0466381287318666,0.0835746421389793,0.0644565565968098,0.10582365405254,0.0763279538633813,0.050414252973808,0.0760532680661468,0.0635540624346639,0.089066836286131,0,0.0946414808487477,0.044000089412207,0.0802107517518272,0.0503882137302043,0.0920060406682955,0.0668670754124116,0.0319011193373476,0.0503513782098843,0.0869419346401983,0.123094589721141,0.0831720497337517,0.0982985154909211,0.0687991092377554,0.0833375337653069,0.0981566400469332,0.0888316869628794,0.0446914864229977,0.0839292033579198,0.0941810373412308,0.0994128496925045,0.0857212140220846,0.0830380232764574,0.0742742633806124,0.11460578422345,0.0643206191292525,0.0561200726448531,0.0860096346809828,0.0404367316285715,0.0802748050109431,0.0678519210255247,0.0588857243606208,0.0486144007040065
"Banksia_menziesii",0.150754725536053,0.135322136942415,0.307401274441751,0.183412453042733,0.293924473691928,0.11439668332301,0.272529341841378,0.203218036391081,0.202900813767863,0.286246784939033,0.225832576871935,0.315030004162132,0.323901669279397,0.349071924772035,0.186420806256572,0.180445587160548,0.242459689837676,0.338849502214969,0.241580236057861,0.117218134585545,0.26554994595848,0.258226400880119,0.236402525851679,0.291736992942604,0.202174377752548,0.0946414808487477,0,0.242403127062422,0.147222261616385,0.257685480136633,0.0851289867091361,0.200291781103641,0.182020332203913,0.143799754386787,0.262236561255711,0.219614538646441,0.234815418857023,0.266209839580685,0.2345646355332,0.279692312448528,0.263881284632124,0.323308443659725,0.229945859341008,0.145255988594358,0.129453529754711,0.0997806025377137,0.351983745931423,0.224797342659672,0.207835801567064,0.151482454695484,0.265844407269799,0.271669533567176,0.24089406722887,0.219536413306222,0.274935042031242,0.257230906864593,0.207903995642837,0.216771093984909
"Baumea_articulata",0.0795772166018487,0.0881918673264349,0.171061168669103,0.0914553007810021,0.188379454980906,0.20809538897197,0.228387933546682,0.113544731520188,0.117061080537836,0.158623183679003,0.134934751775254,0.18434402126767,0.187233799677894,0.213227041915638,0.099639657898223,0.0921007276409493,0.114483378298057,0.191152390097199,0.155302560972083,0.239201910024886,0.178615915441541,0.126407987777335,0.16783401583162,0.162931132314851,0.186193350370369,0.044000089412207,0.242403127062422,0,0.221195828027949,0.140212751934607,0.240112824436893,0.174966047349177,0.0741496624626142,0.136075716291284,0.214625915864671,0.260603071278126,0.206789573858718,0.222726107012712,0.182171765377588,0.224903418758094,0.212407102968442,0.227252506129273,0.124581151796972,0.23074846669122,0.211695311456777,0.2294034554894,0.200045106653898,0.217718993738308,0.202489696220468,0.250289982847177,0.14928114999443,0.144536920257036,0.21703098810435,0.117935778759863,0.204907128039474,0.186921606097669,0.128213461730938,0.134618157011786
"Beaufortia_elegans",0.143992324090817,0.147339618538116,0.249161147909437,0.148721863671503,0.213593690530234,0.144130984276383,0.17917662799971,0.203788626831264,0.170029746686067,0.245906495790508,0.193866489104467,0.263966870193746,0.26090101298284,0.287310715771317,0.164175224548868,0.168344548259885,0.207025345494591,0.264997587722114,0.213963768509129,0.182023223110243,0.251933361885772,0.218074677896883,0.211704444388885,0.248130836730974,0.207206330232781,0.0802107517518272,0.147222261616385,0.221195828027949,0,0.228867620249107,0.108183663646594,0.148929023022275,0.149319066774714,0.100374245622063,0.188069557828929,0.261141778051404,0.1680128063779,0.21789608482086,0.203837521980268,0.176701443457154,0.23060793602825,0.228213531999591,0.209488989018037,0.092434003331833,0.176160290817205,0.158693957108786,0.275737736511541,0.143934179690353,0.133281859405425,0.219589210166462,0.241785084791948,0.232082900423742,0.166600388801477,0.199802888131698,0.206515920675462,0.247009777339836,0.188053644343152,0.22064773046477
"Caladenia_sp1",0.10278547710932,0.084205505325507,0.176676682670892,0.0910485756392916,0.203538741805533,0.222465534688751,0.237275946248054,0.122770709183278,0.122836756861322,0.158826159985703,0.161329213074193,0.189168214261888,0.191552360179362,0.233813016681736,0.114478653564294,0.0887380957207265,0.119638965387751,0.214053270769612,0.161744566043415,0.259050249058719,0.198514837761902,0.117566815682386,0.198034860308942,0.177113071990538,0.209122309570172,0.0503882137302043,0.257685480136633,0.140212751934607,0.228867620249107,0,0.252747950090483,0.193298313186333,0.0940308563298426,0.140827122030323,0.225636437217552,0.289557755209015,0.221638196842041,0.243224890632644,0.193545880670996,0.234876565284343,0.237075111245349,0.234085465868657,0.134955794092584,0.236736728320339,0.230011822988,0.249161752190744,0.22400978198985,0.228563221407927,0.209118229714761,0.275996956837815,0.167542445380585,0.156231326161306,0.233851841774415,0.11558456299941,0.221669609640227,0.19825212606041,0.14071442878176,0.14358722525068
"Callistachys_lanceolata",0.157912304354078,0.144196455414244,0.281576771022723,0.174344632159495,0.253170608810018,0.105199780280274,0.210769379851751,0.199408011694463,0.193104763259292,0.271627834088396,0.208642132778928,0.304085593435713,0.316154316184234,0.304969243922284,0.169479324172451,0.176172299101794,0.244899311067076,0.302312104970431,0.232084435476459,0.109081289093603,0.263232859642028,0.251064998282054,0.20944934252655,0.285263442105678,0.176889825683002,0.0920060406682955,0.0851289867091361,0.240112824436893,0.108183663646594,0.252747950090483,0,0.166317825785329,0.171612883268492,0.120919869422005,0.200494210651629,0.185920695027059,0.170729781244765,0.209222270361735,0.206991869393743,0.212861459093307,0.213553061864637,0.252729030961754,0.226243062993128,0.0909071630428666,0.121396125987329,0.0939758679118,0.310607796307104,0.152631187739527,0.152331275103346,0.131443148285047,0.25723594694997,0.261883417056764,0.177882135171878,0.216474750494867,0.25803189081867,0.256044004066327,0.197419419258724,0.214296064525171
"Cassytha_racemosa",0.132821470042419,0.129802561306099,0.194193169173067,0.115330023589132,0.167227997858995,0.17113011664213,0.14499516000766,0.17904707661793,0.130335150813921,0.196840605297923,0.15783237235204,0.211575497667506,0.205869497975179,0.225781088057386,0.130408885912616,0.142695991330728,0.153185584874219,0.193873453861984,0.189063892523445,0.210361726811054,0.210282617387437,0.169563090406655,0.194233334406876,0.201871863245978,0.185174558939472,0.0668670754124116,0.200291781103642,0.174966047349177,0.148929023022275,0.193298313186333,0.166317825785329,0,0.120133425453709,0.0994623998978227,0.157180968735316,0.246101393286739,0.140437256399864,0.181718907945958,0.184907105099644,0.148559163226194,0.18866813736029,0.174178762113992,0.179295113827293,0.139524033165747,0.19070846966302,0.186846561052053,0.217063153950157,0.130177283734328,0.137038643647318,0.22772988181549,0.206451410975002,0.187862593169329,0.139126853830842,0.160037409932852,0.173059127462839,0.215183381344944,0.14932551375628,0.200031251564629
"Cotula_australis",0.0694571818014255,0.0513566925479801,0.123638404430014,0.0671539449877448,0.134129093276598,0.155802991349213,0.147842330106653,0.0682403611217047,0.0783966742276477,0.106494290052455,0.109427210540755,0.124925644309579,0.133554004754857,0.159696714329908,0.0780118274241072,0.0643283234049054,0.082008021318286,0.145719813904708,0.113264056444226,0.189282337995934,0.125380136261286,0.0834836843986331,0.132626857765891,0.113727730742717,0.147973901270759,0.0319011193373476,0.182020332203913,0.0741496624626142,0.149319066774714,0.0940308563298426,0.171612883268492,0.120133425453709,0,0.0956730296280822,0.148070124344391,0.208762808148337,0.140878212212269,0.162469522854217,0.117029676816569,0.157394858649505,0.160122367239901,0.15623613453921,0.0827339990594532,0.157997863952569,0.166343960491684,0.17859198971297,0.142543692057323,0.147987327549044,0.136041102978297,0.20078152596774,0.11666582350698,0.104765032926446,0.149599224141067,0.0706883372932805,0.152889167356894,0.135383280953441,0.0953537790155031,0.0849832906892458
"Eucalyptus_rudis",0.0974027109535809,0.0929749472438816,0.158253157795304,0.0951649305804478,0.138791996421684,0.132372381105565,0.113015665264098,0.129234199459488,0.109060693297312,0.155941407543457,0.124980655216162,0.16658248107861,0.167186802045191,0.175319881118438,0.0949712893262521,0.108855969158688,0.134504564016318,0.159946182483201,0.140881985645919,0.157666393602891,0.157846259662806,0.13457551369034,0.14206405364501,0.157350849893168,0.142512081554537,0.0503513782098843,0.143799754386787,0.136075716291284,0.100374245622063,0.140827122030323,0.120919869422005,0.0994623998978227,0.0956730296280822,0,0.113651859751005,0.189532953841821,0.0965707381288275,0.127129242960242,0.126542154357211,0.114916719811698,0.141867396207313,0.131632334169354,0.129686636084795,0.098783879845756,0.14714387227362,0.146233096502387,0.172957147473258,0.0924419312102654,0.0980601014959041,0.173870644344305,0.157212552253269,0.1514776889466,0.0982394591980416,0.125300803292212,0.142305937032049,0.169814511971615,0.119688921116353,0.137274007020598
"Euchilopsis_linearis",0.158038642790938,0.162608049106788,0.207529773985633,0.144654854804535,0.195404307387248,0.196394314206051,0.144267046431687,0.222380050513392,0.152402029549695,0.229016391168381,0.156008163034694,0.248559205012938,0.250400174486828,0.204920467814799,0.158827488462034,0.184986566267982,0.163279361088738,0.161992780850443,0.241429850474793,0.219684870473043,0.229458588809028,0.198455147441453,0.216199966538536,0.255261899594433,0.152734417677204,0.0869419346401983,0.262236561255711,0.214625915864671,0.188069557828929,0.225636437217552,0.200494210651629,0.157180968735316,0.148070124344391,0.113651859751005,0,0.217405720048684,0.0992045043684981,0.118757478096556,0.20987614012074,0.157427428242244,0.136666331573929,0.126541485042559,0.210235853694806,0.176421576498933,0.188432147186557,0.201100009195531,0.215999042909918,0.104612596557485,0.169027639994421,0.228078784860742,0.234880064440787,0.214397431309237,0.100495522753622,0.189673634462515,0.221428345502982,0.254686540083323,0.152821855469594,0.24759072901565
"Eutaxia_virgata",0.1653070018978,0.128238546212101,0.341719258551786,0.214162339250994,0.346070941059903,0.181366787488952,0.317664197064488,0.190664861432805,0.229530735655473,0.279855039446929,0.224264374167073,0.340706468971508,0.405759228926797,0.29519832809835,0.218175359986496,0.214024926908887,0.239398113954736,0.309353599696438,0.324174256351485,0.113637335242373,0.260301497479198,0.28243611889739,0.294125914814769,0.378687112834179,0.101633233747729,0.123094589721141,0.219614538646441,0.260603071278126,0.261141778051404,0.289557755209015,0.185920695027059,0.246101393286739,0.208762808148337,0.189532953841821,0.217405720048684,0,0.186798626970119,0.146864048764386,0.220687585661236,0.326779782716086,0.130041030088114,0.302355874082707,0.242317438355993,0.239827906191683,0.109392470311746,0.122745390316015,0.35029180058004,0.206260966483661,0.278718012250072,0.0765599156009014,0.293730256753024,0.309562048371425,0.211764752377933,0.220792509977487,0.356219550062372,0.253324931661162,0.210380875886823,0.219754654219731
