"","X_Avena_barbata","X_Avena_fatua","X_Briza_maxima","X_Bromus_diandrus","X_Carpobrotus_edulis","X_Centaurium_sp_","X_Cirsium_vulgare","X_Conyza_albida","X_Conyza_bonariensis","X_Conyza_sumatrensis","X_Ehrharta_calycina","X_Ehrharta_longiflora","X_Erodium_sp_","X_Euphorbia_peplus","X_Fumaria_capreolata","X_Galium_murale","X_Geranium_molle","X_Hypochaeris_glabra","X_Lysimachia_arvensis","X_Pelargonium_capitatum","X_Poa_annua","X_Rumex_crispus","X_Senecio_vulgare","X_Solanum_nigrum","X_Sonchus_asper","X_Sonchus_oleraceus","X_Trifolium_sp_","X_Vulpia_bromoides","Acacia_cyclops","Acacia_saligna","Banksia_littoralis","Baumea_articulata","Baumea_juncea","Baumea_vaginalis","Cassytha_sp_","Centella_cordifolia","Daucus_glochidiatus","Eucalyptus_gomphocephala","Eucalyptus_sp_","Juncus_pallidus","Lepidosperma_gladiatum","Lepidosperma_longitudinale","Melaleuca_rhaphiophylla","Myoporum_caprarioides","Opercularia_hispida","Patersonia_occidentalis","Podotheca_sp_","Rhagodia_baccata","Scaevola_sp_","Spyridium_globulosum","Trachymene_pilosa","Xanthorrhoea_preissii"
"X_Avena_barbata",1,0.0426007742649483,0.0373261867277386,0.0520523881055796,0.0233966072776008,-0.0772700873610746,-0.16917308810946,-0.0695174826707415,-0.099062429158605,-0.052402215564336,0.0426967545152935,0.00024373325566729,-0.0461114261155131,0.0150893074358091,0.0651165002209752,-0.103327309297216,0.134752888373593,0.0133802802654884,0.0251522926190014,0.225181554126508,0.0429179161829434,0.0681493063763494,-0.00394608013531169,-0.172723085984788,-0.184156749487419,-0.0928614906974155,0.000161667157437624,-0.0409283836421001,0.00857523028939186,0.100888115039645,0.00709813843144233,-0.130860392618277,0.0211019089970961,-0.0831509586668173,0.114507749286502,0.0228586025067486,0.0364551240087272,0.0942873167149145,0.0584754703482743,-0.123666967138986,0.258832130802369,0.114544254802896,-0.214312235946231,0.0220122933772083,0.223236257719993,-0.0189531152820091,0.00398172528482592,0.0729276360103959,0.0256507488436375,-0.0374489128663801,0.0387928912389656,0.241736957947628
"X_Avena_fatua",0.0426007742649483,1,0.0660201503973726,0.0601963108405328,-0.0401450430365228,-0.0170404510056625,-0.16341634196159,0.0314953069277281,-0.0472284080801577,-0.048622278266724,0.019747723956393,-0.00250620845611851,0.0184084531411202,0.0312330458806719,-0.0804225543087047,-0.0124913854412704,0.031141756022217,0.0485525047984582,0.0578830669038028,0.186063346723001,-0.00165455783620751,0.0521312282597209,-0.0295855556892075,-0.0799136946265557,-0.133566270265567,0.0122223355061217,0.0393393756511068,0.0238130874735968,0.0349659307303337,0.0298597405680324,0.167880318103667,0.125815633315242,0.190206120321588,0.113064535612868,0.0675500768656098,0.178727176475024,0.0507290781070659,-0.0942442738607797,-0.119448511711097,-0.122661102353639,0.124985145837701,0.209463258833206,6.7516886247945e-05,0.0154371974149837,0.195570126132469,0.0517159777088124,0.00722961477079809,0.0256753791564467,-0.0148946796010385,0.104070307768151,0.0257928709712027,0.206722757717912
"X_Briza_maxima",0.0373261867277386,0.0660201503973726,1,0.0786372217907969,-0.0583548148220534,-0.0070381360440242,-0.192355775534793,0.0555100670419117,-0.0478708422448766,-0.060005273663545,0.020462612899015,0.000182086512210361,0.0334534189493494,0.0416358162331103,-0.117592437350793,-0.000671312507331393,0.0164237150528328,0.0669439692794719,0.0767978700839727,0.212438288946467,-0.00911983861564926,0.0607181395807195,-0.0392736968633514,-0.0777755822552409,-0.143451618672578,0.0372328772324901,0.056713583031554,0.039548077548975,0.0445584914530017,0.024380145190851,0.223267094013128,0.194000782488352,0.249874477309546,0.161282210832255,0.0697960747599022,0.235969485329876,0.0658089809674248,-0.144113074303998,-0.175587222260439,-0.149991432262952,0.127331083166511,0.264860255716681,0.0349169827204008,0.0186787769132835,0.227405292274247,0.0694462362242666,0.00855815446762162,0.0221974238700902,-0.0229505965941307,0.147661267149864,0.0289829529641035,0.240135978760363
"X_Bromus_diandrus",0.0520523881055796,0.0601963108405328,0.0786372217907969,1,-0.0410225144729706,-0.017356267264908,-0.179381920945964,0.032044380764635,-0.0541281171859926,-0.0571030512228306,0.0236382412032917,0.00325009394678607,0.0202446554219096,0.034609960953053,-0.0785848205594844,-0.01695874618676,0.0373769796055492,0.0539203492286204,0.0642507944186491,0.208869812009758,0.00198859138254361,0.0596741989407152,-0.0306854105467599,-0.0890564202227429,-0.147940064166207,0.0131785888797303,0.0419043828837825,0.024185361163768,0.0367780184655027,0.0369016320888535,0.172294520979138,0.124761629710891,0.196842557606975,0.109580369597148,0.0746116560120953,0.187170086665483,0.0550681147754034,-0.0944242230222006,-0.12487944531915,-0.139208115644341,0.145710747342276,0.226139015687988,-0.0152150301276164,0.0176739457697916,0.217248030024954,0.0496067837821839,0.00954736095027438,0.0306532954124273,-0.0130538238411644,0.1073817106822,0.0315467522831587,0.230323139796943
"X_Carpobrotus_edulis",0.0233966072776008,-0.0401450430365228,-0.0583548148220534,-0.0410225144729706,1,-0.0265265415264293,0.10938804570615,-0.0741066613210723,0.0030927246999561,0.0292818637016407,0.00124055447764467,0.00495644051013468,-0.0490016295812309,-0.0294413254824133,0.133851166870342,-0.039373152201828,0.0428014031081183,-0.0495489359269005,-0.0537305060687695,-0.0869430540323822,0.0269450164342563,-0.0211362897484233,0.0348409436124286,0.0043297644304066,0.0583173841198093,-0.0648566072067305,-0.0491554296796767,-0.0500884071414895,-0.0357332069382306,0.0220431548080839,-0.203251124713881,-0.232875107407242,-0.218349345629763,-0.18861697399527,-0.0112881083231626,-0.206266356544125,-0.0417560208698997,0.17837890023941,0.187710541939648,0.0826235285794961,-0.00221337808094244,-0.187336662861186,-0.12661397761037,-0.00637458288960791,-0.107128026628226,-0.0760655952235679,-0.0052822342710987,0.00937737836783174,0.0334189417921296,-0.147535560070583,-0.0095374690185245,-0.109594977544941
"X_Centaurium_sp_",-0.0772700873610746,-0.0170404510056625,-0.0070381360440242,-0.017356267264908,-0.0265265415264293,1,0.0921873378329222,0.0655257518582458,0.071377908575634,0.0238304483158987,-0.0265039958189138,0.00784358149068289,0.0466217179196426,-0.00140227128296923,-0.0731309127476749,0.0847793032752314,-0.0960668256916095,0.0071427625538672,0.00115833548063651,-0.120469131908406,-0.034198196714278,-0.0351318381865982,-0.0042550085943998,0.118766884947257,0.109714701516588,0.0861700527312529,0.0165032562477242,0.0429917059459159,0.00396693182946523,-0.0627416287198308,0.0408431475436707,0.133203631793282,0.0326719524605966,0.0889917118281419,-0.0765246326299778,0.0304500009137349,-0.0140743492410502,-0.0995772416323088,-0.0811648359283035,0.0501895780396771,-0.165936682717209,-0.0333380127610183,0.161145308968931,-0.0117294782666197,-0.123756072132249,0.0262397249164869,0.00143454931112866,-0.043666219577762,-0.0221270975200046,0.0521535974315363,-0.0194417642349672,-0.129541098831027
"X_Cirsium_vulgare",-0.16917308810946,-0.16341634196159,-0.192355775534793,-0.179381920945964,0.10938804570615,0.0921873378329222,1,-0.0381526699869053,0.190879361564277,0.151387064086897,-0.0757609652245597,0.0225373550874558,-0.0155228281370521,-0.093370672774036,0.188443398539628,0.106861522515182,-0.144990742829918,-0.130386616059091,-0.161463221950143,-0.605219860553012,-0.0182195396490932,-0.17438200056074,0.0824503854376187,0.325227071468604,0.478020944453199,0.0437638120843747,-0.100398582583287,-0.0390315391104195,-0.0951563862767903,-0.118888884381735,-0.45669972595534,-0.276526561284624,-0.522157416181302,-0.266381617278816,-0.247341705954526,-0.494306923858873,-0.152721636842182,0.209758698159796,0.287077827246323,0.380607339564597,-0.474134610163737,-0.621450764685388,0.10126111283645,-0.0521391685327548,-0.649871029073708,-0.134358417207568,-0.0212334378116401,-0.0980778291168368,0.0323514645620205,-0.265448571734693,-0.0837953056315805,-0.681321573383685
"X_Conyza_albida",-0.0695174826707415,0.0314953069277281,0.0555100670419117,0.032044380764635,-0.0741066613210723,0.0655257518582458,-0.0381526699869053,1,0.0462385712544791,-0.0130820064026241,-0.019611672588312,0.00572329333718819,0.0840570276341339,0.0290723051191518,-0.18282952931951,0.104112932054223,-0.0965911512214938,0.0577889590044888,0.0570538512937328,0.00926259660771235,-0.0499336672649871,0.00143416594708559,-0.0356582146521855,0.0904069692501258,0.022209196776217,0.135073592581434,0.0627526768237058,0.0795860260654492,0.03962670527904,-0.0570077527579979,0.220416506516416,0.313619457689855,0.235766681567716,0.241292654452225,-0.0396399634426,0.221974692456859,0.0311629165485274,-0.232317916871182,-0.23245172865867,-0.0482722044536731,-0.11353285561534,0.163338894557864,0.230391996835153,-0.000132271273497978,0.0216403408726927,0.0885557484667478,0.00360449181907374,-0.0384879828395595,-0.0440153577297525,0.183802685494269,-0.00234680163301836,0.0207775686186479
"X_Conyza_bonariensis",-0.099062429158605,-0.0472284080801577,-0.0478708422448766,-0.0541281171859926,0.0030927246999561,0.071377908575634,0.190879361564277,0.0462385712544791,1,0.0500742406240898,-0.0385944388443718,0.00920006864783854,0.0347284189201925,-0.0206571013633225,-0.020915700264124,0.0968568543050992,-0.102659757208144,-0.0221798261508856,-0.0336330426306525,-0.227019410918406,-0.033856187307997,-0.0674624026600643,0.0104775036147564,0.16271163493925,0.187612409225346,0.0789665124425408,-0.00750606500948055,0.0259142012256952,-0.0173136562154481,-0.0767785043719141,-0.0608363142635106,0.0498952197602435,-0.0819973512861766,0.016231848551024,-0.113618213898021,-0.079326722369858,-0.0436348810347069,-0.0384104999059655,-0.00845158332330055,0.122228720382228,-0.235133588806456,-0.156336011355523,0.153627604934914,-0.0222098950421834,-0.236217841333276,-0.00682468921586282,-0.00572880553520446,-0.0550286570900422,-0.0103150437706816,-0.012449143925216,-0.0346569091271672,-0.248195142577971
"X_Conyza_sumatrensis",-0.052402215564336,-0.048622278266724,-0.060005273663545,-0.0571030512228306,0.0292818637016407,0.0238304483158987,0.151387064086897,-0.0130820064026241,0.0500742406240898,1,-0.0227154686198288,-0.00104526620980326,-0.00316969709110533,-0.0271710623340116,0.0475461121033828,0.0260076682734514,-0.0381661071821631,-0.0408416832776371,-0.0487426296603845,-0.179053117815174,-0.00668793310355412,-0.0505711579328071,0.0260224694567572,0.0954040561423513,0.124620028612921,0.00524019698880539,-0.0312974186406329,-0.0118490568770544,-0.027558944717504,-0.0416364362555906,-0.126217161729719,-0.0743757363786748,-0.146115044779082,-0.0720110819803226,-0.0698690297274205,-0.139634078100035,-0.0413796644262889,0.0588430832902129,0.0928583333157059,0.135976237830575,-0.143850287975733,-0.17938774195525,0.0438036388163663,-0.0143301693061377,-0.189531742223163,-0.0389206579738073,-0.0077574180108402,-0.0291140948687294,0.00686196427666094,-0.0690909469354234,-0.027589432429324,-0.200095181897967
"X_Ehrharta_calycina",0.0426967545152935,0.019747723956393,0.020462612899015,0.0236382412032917,0.00124055447764467,-0.0265039958189138,-0.0757609652245597,-0.019611672588312,-0.0385944388443718,-0.0227154686198288,1,-0.00262928729144758,-0.0137642531165941,0.00896519838323111,0.0106284387745823,-0.0361460929611979,0.0436314917614263,0.00939810463680955,0.0148310744991431,0.0987954647885897,0.0142675839631981,0.0297953468986523,-0.00505727628141868,-0.0673240881205707,-0.0777327751081635,-0.0309002124484855,0.00299027615063877,-0.0110244062288076,0.00826630495489925,0.0333992316809227,0.0274523752491393,-0.0229391797256787,0.0357647653421772,-0.00752325357618258,0.0477006746283192,0.0338659990030514,0.0184353455488845,0.0177691972651797,0.00294403526669718,-0.0543772043341171,0.101930433861814,0.0668448595729995,-0.0677329480206363,0.0102753340856241,0.102103926373876,0.00157919961227909,0.00256659069260966,0.0250437308760504,0.00515705539991968,0.00373167427319728,0.0142913508269591,0.10760232793749
"X_Ehrharta_longiflora",0.00024373325566729,-0.00250620845611851,0.000182086512210361,0.00325009394678607,0.00495644051013468,0.00784358149068289,0.0225373550874558,0.00572329333718819,0.00920006864783854,-0.00104526620980326,-0.00262928729144758,1,0.00653735337405674,-0.00200073842378178,0.00723449506106225,0.0125863189652586,-0.00556860314594684,0.000519935946973056,0.000445636967511946,-0.0131584193374444,-0.000903406756331471,-0.00323047606667296,0.00233676947940668,0.0196014432327785,0.0208043691254479,0.0148862743720497,0.00209693347353797,0.00345512461991966,-0.00208759253516711,-0.000784534857124812,-0.0126948717295416,-0.00699918528957941,-0.0143367184935071,-0.0079549735420341,-0.011362830431226,-0.0138105808638054,-0.00475552048068533,0.00274164263794095,0.000160552623842255,0.000877192076349964,-0.0180080140205643,-0.0152888353467303,-0.000676850784092652,-0.00119745090718879,-0.0205413756584684,-0.0060928108527799,-0.00047506983864137,-0.000638183458312284,0.00207361776175432,-0.00813299299927601,0.000422338488947208,-0.0186291576165903
"X_Erodium_sp_",-0.0461114261155131,0.0184084531411202,0.0334534189493494,0.0202446554219096,-0.0490016295812309,0.0466217179196426,-0.0155228281370521,0.0840570276341339,0.0347284189201925,-0.00316969709110533,-0.0137642531165941,0.00653735337405674,1,0.017191522455521,-0.113909293268065,0.0709842754442539,-0.0619155740359138,0.0353618898996212,0.034880555526898,0.000171954736268289,-0.0340280012808709,-0.00122604326273529,-0.022590439023354,0.0624817764501113,0.0200181942437989,0.0873983820503218,0.0404654088744482,0.0544718230448961,0.0239800015833873,-0.0391928436735376,0.140160252920261,0.20137926933067,0.147226545616035,0.152203663532162,-0.0291679485246543,0.13845641788705,0.0187831030254545,-0.151251067061367,-0.147414478882095,-0.0236922228594366,-0.0778655158963224,0.0980362524836954,0.153148230993418,-0.000648642158383261,0.00539491128811651,0.0533897919872483,0.00504446168951408,-0.0256212885112562,-0.0294760718407959,0.116242638340317,0.000167186959230757,0.00467544584840949
"X_Euphorbia_peplus",0.0150893074358091,0.0312330458806719,0.0416358162331103,0.034609960953053,-0.0294413254824133,-0.00140227128296923,-0.093370672774036,0.0290723051191518,-0.0206571013633225,-0.0271710623340116,0.00896519838323111,-0.00200073842378178,0.017191522455521,1,-0.0621023704070609,0.00219437823478834,0.00471920513186914,0.0323878153592146,0.035624018504375,0.0987328506500899,-0.00640669093635465,0.0284675611897567,-0.0188149711027933,-0.0354618738275752,-0.0680121222448962,0.0204203708763102,0.0270797682302855,0.0196352528857663,0.0221307581042341,0.0100141196202062,0.114254415250116,0.102178503485161,0.125912333639158,0.0866126802746811,0.0317850589125723,0.118874469235876,0.0313197660105573,-0.0760520671487546,-0.090418421623137,-0.0696956200463265,0.0558631490029297,0.129059352664999,0.0253324741048654,0.00794073549982086,0.10709519865411,0.0362369758014969,0.00399533194789738,0.0095815376580303,-0.0128750384571031,0.0749112413126969,0.0131480715243106,0.111903567064741
"X_Fumaria_capreolata",0.0651165002209752,-0.0804225543087047,-0.117592437350793,-0.0785848205594844,0.133851166870342,-0.0731309127476749,0.188443398539628,-0.18282952931951,-0.020915700264124,0.0475461121033828,0.0106284387745823,0.00723449506106225,-0.113909293268065,-0.0621023704070609,1,-0.116084305040207,0.107942150999455,-0.1096729411476,-0.116055695884,-0.147405633617312,0.065960929177383,-0.0379107942463122,0.0716711715374436,-0.0461419942645678,0.0792372263058478,-0.175343244649059,-0.10698620840857,-0.117115224044798,-0.0766750874161231,0.0574060849801365,-0.427016314228454,-0.517807291169821,-0.455155913243231,-0.409937088742872,-0.00379245087947255,-0.431534049309137,-0.0801294141209072,0.386700106106876,0.403672670951726,0.15211118722332,0.047533386594076,-0.374847490420892,-0.310248947864064,-0.011394969856469,-0.174795332285333,-0.156515254076871,-0.0073317748317895,0.0326470214717475,0.0711995232083912,-0.321258911366655,-0.013966017025836,-0.184349665114057
"X_Galium_murale",-0.103327309297216,-0.0124913854412704,-0.000671312507331393,-0.01695874618676,-0.039373152201828,0.0847793032752314,0.106861522515182,0.104112932054223,0.0968568543050992,0.0260076682734514,-0.0361460929611979,0.0125863189652586,0.0709842754442539,0.00219437823478834,-0.116084305040207,1,-0.124875477856887,0.0190363587771841,0.0101833306492814,-0.147240329723812,-0.0481711789585776,-0.0458895890088214,-0.0116557235925288,0.156360962285603,0.136606254238305,0.127795412022305,0.0277607463298467,0.0668046886691463,0.0105178428293779,-0.0818084500404033,0.0806146043123007,0.207763034753553,0.0763766417670587,0.148415670913774,-0.0964206098794569,0.0692419227732928,-0.0120114899571275,-0.157997317577153,-0.137844729095261,0.0535743148390173,-0.219759678632629,-0.0153457540287475,0.227236740626539,-0.013514253522046,-0.149452062155512,0.0463573824486348,-0.000513748450543071,-0.0546331440360043,-0.0317309530476422,0.0920228646829795,-0.0216480003351587,-0.154786436716821
"X_Geranium_molle",0.134752888373593,0.031141756022217,0.0164237150528328,0.0373769796055492,0.0428014031081183,-0.0960668256916095,-0.144990742829918,-0.0965911512214938,-0.102659757208144,-0.0381661071821631,0.0436314917614263,-0.00556860314594684,-0.0619155740359138,0.00471920513186914,0.107942150999455,-0.124875477856887,1,-0.00407808401626953,0.00683254465273801,0.202882341898168,0.0531662584559214,0.0643779494585783,0.00622108972412592,-0.182532191113349,-0.173894798105744,-0.122838498096855,-0.0199172875957973,-0.0596205805992101,-0.00176926560720638,0.106925679950478,-0.0524283879884021,-0.200656463289845,-0.0435621802529541,-0.139868469171018,0.117209320275784,-0.0375083627308104,0.0255386533700678,0.150912302114476,0.122152550578268,-0.0939992575752108,0.268355406805681,0.0629961509200698,-0.253911915042834,0.0204903963185122,0.204276056271673,-0.0394443963568226,0.00328695235169219,0.0725422329284842,0.032805936709548,-0.0768197100965371,0.0308105750360155,0.215157814509392
"X_Hypochaeris_glabra",0.0133802802654884,0.0485525047984582,0.0669439692794719,0.0539203492286204,-0.0495489359269005,0.0071427625538672,-0.130386616059091,0.0577889590044888,-0.0221798261508856,-0.0408416832776371,0.00939810463680955,0.000519935946973056,0.0353618898996212,0.0323878153592146,-0.1096729411476,0.0190363587771841,-0.00407808401626953,1,0.0592953518952834,0.140197748408982,-0.0158390384001483,0.0392792197064919,-0.031298579591898,-0.0354359727169415,-0.0891957876909639,0.048856574683161,0.0485864662349542,0.0400703488375987,0.036763398634999,0.00741975029373764,0.185877381370603,0.181861882525702,0.205856867758275,0.15063636788404,0.040937117815207,0.193209790875286,0.0470515015774172,-0.136369897988908,-0.157468744061057,-0.107797460250997,0.0633037651183305,0.200923738115191,0.0636938228252299,0.0104564564665526,0.15177198848839,0.0615251131407869,0.00536589782849681,0.00899827594905287,-0.0225516846735128,0.127941673658651,0.0186689274346788,0.159396564885108
"X_Lysimachia_arvensis",0.0251522926190014,0.0578830669038028,0.0767978700839727,0.0642507944186491,-0.0537305060687695,0.00115833548063651,-0.161463221950143,0.0570538512937328,-0.0336330426306525,-0.0487426296603845,0.0148310744991431,0.000445636967511946,0.034880555526898,0.035624018504375,-0.116055695884,0.0101833306492814,0.00683254465273801,0.0592953518952834,1,0.176977614314487,-0.0107433812507768,0.0496949736864055,-0.0340042030733909,-0.0548585414775313,-0.120414942931244,0.0410210456659087,0.0512271727695975,0.041698389449475,0.0397293815052654,0.0152119698414947,0.204517053904277,0.18640767013621,0.225802584397123,0.157098426458395,0.0537792526054864,0.213030093806154,0.0569202815799376,-0.139559492044429,-0.164922262361566,-0.126889569695685,0.0951105019997635,0.232197710998418,0.050606338339557,0.0146112432844732,0.187860607786112,0.0656487565943133,0.00718490250465997,0.0160334013297945,-0.0232139780338208,0.138540393095358,0.0244327921671048,0.198366383351446
"X_Pelargonium_capitatum",0.225181554126508,0.186063346723001,0.212438288946467,0.208869812009758,-0.0869430540323822,-0.120469131908406,-0.605219860553012,0.00926259660771235,-0.227019410918406,-0.179053117815174,0.0987954647885897,-0.0131584193374444,0.000171954736268289,0.0987328506500899,-0.147405633617312,-0.147240329723812,0.202882341898168,0.140197748408982,0.176977614314487,1,0.04320452189788,0.211575446894722,-0.0796232572470946,-0.395000139683264,-0.539829488274443,-0.0726080983469815,0.097802107744715,0.0188375980568146,0.102426709553556,0.166726561401879,0.450222284391631,0.204400408656833,0.524703750921236,0.218469923266263,0.298597960497459,0.494685393080187,0.173918951838993,-0.151108887864928,-0.255854922921971,-0.439824780274986,0.601206316916887,0.67507029587317,-0.211303270689489,0.0639686872397327,0.7597699924132,0.115059700313336,0.0242825418070845,0.131805995412642,-0.0132784998304758,0.246217332823221,0.1033796682904,0.797796875196748
"X_Poa_annua",0.0429179161829434,-0.00165455783620751,-0.00911983861564926,0.00198859138254361,0.0269450164342563,-0.034198196714278,-0.0182195396490932,-0.0499336672649871,-0.033856187307997,-0.00668793310355412,0.0142675839631981,-0.000903406756331471,-0.0340280012808709,-0.00640669093635464,0.065960929177383,-0.0481711789585776,0.0531662584559214,-0.0158390384001483,-0.0107433812507768,0.04320452189788,1,0.0128068925407978,0.011495083749004,-0.058099072142313,-0.0413918500564368,-0.0571208552387726,-0.0191027562185984,-0.0314714134490685,-0.00933541295817065,0.0353887591981416,-0.0647320241702314,-0.119175952965943,-0.0636772149142203,-0.0877373965792625,0.0335751630406867,-0.0615428168549139,-0.00123996827520966,0.0887190848162537,0.0809450808700118,-0.00779086610903684,0.0837746968192934,-0.0252001583224174,-0.110739630340442,0.00396581463990076,0.0389412112115558,-0.0307958400366996,-0.000660164456726381,0.0244923108967359,0.0182105887064891,-0.0597337439213758,0.00795487404756157,0.040486865141298
"X_Rumex_crispus",0.0681493063763494,0.0521312282597209,0.0607181395807195,0.0596741989407152,-0.0211362897484233,-0.0351318381865982,-0.17438200056074,0.00143416594708559,-0.0674624026600643,-0.0505711579328071,0.0297953468986523,-0.00323047606667296,-0.00122604326273529,0.0284675611897567,-0.0379107942463122,-0.0458895890088214,0.0643779494585783,0.0392792197064919,0.0496949736864055,0.211575446894722,0.0128068925407978,1,-0.0225965019280933,-0.116207052819666,-0.160517787819799,-0.0227950081710722,0.0258456287086049,0.0029130820241474,0.0286638662196021,0.0489107529074391,0.125783135197085,0.0540942250018797,0.148416747389394,0.0576423091162917,0.0887236384309465,0.141077389920873,0.0498147739408366,-0.0373713177276828,-0.0672154957771957,-0.128006747974379,0.174962197460953,0.193645244295092,-0.0671682773602321,0.0188608128514949,0.222618185740984,0.0314435032667662,0.00703015278537819,0.0397770178837536,-0.00240258904405714,0.0687906114209702,0.0312554978318344,0.232517291425549
"X_Senecio_vulgare",-0.00394608013531169,-0.0295855556892075,-0.0392736968633514,-0.0306854105467599,0.0348409436124286,-0.0042550085943998,0.0824503854376187,-0.0356582146521855,0.0104775036147564,0.0260224694567572,-0.00505727628141868,0.00233676947940668,-0.022590439023354,-0.0188149711027933,0.0716711715374436,-0.0116557235925288,0.00622108972412592,-0.031298579591898,-0.0340042030733909,-0.0796232572470946,0.011495083749004,-0.0225965019280933,1,0.0211571824661225,0.0537808040445714,-0.02759516990625,-0.0278823525843187,-0.0245663029618741,-0.0211264890121236,-0.0010179473532477,-0.116861138919247,-0.116775292174499,-0.127731021184365,-0.0975396086681831,-0.0222808705385961,-0.120155375521569,-0.0263832776303648,0.088516386314509,0.0989150212919443,0.0630849144127918,-0.0351598214234879,-0.121917731091389,-0.0459355857064265,-0.00628315649635485,-0.0889024233297894,-0.0410854869693428,-0.00315971168822101,-0.00166206769889953,0.0159827690225412,-0.0819763435331937,-0.0114662678913028,-0.0936685914448172
"X_Solanum_nigrum",-0.172723085984788,-0.0799136946265557,-0.0777755822552409,-0.0890564202227429,0.0043297644304066,0.118766884947257,0.325227071468604,0.0904069692501258,0.16271163493925,0.0954040561423513,-0.0673240881205707,0.0196014432327785,0.0624817764501113,-0.0354618738275752,-0.0461419942645678,0.156360962285603,-0.182532191113349,-0.0354359727169415,-0.0548585414775313,-0.395000139683264,-0.058099072142313,-0.116207052819666,0.0211571824661225,1,0.326719922486786,0.15013491116167,-0.0110298864135325,0.0484217621677373,-0.0264857550214346,-0.134337865085807,-0.103808724967903,0.100360199052676,-0.134671935715385,0.0345379235127468,-0.194851151692552,-0.127500117177481,-0.072140568660755,-0.0692394474045531,-0.0115771945762574,0.213669789011327,-0.419381933703931,-0.265102129322746,0.277897812152551,-0.0348138983736692,-0.412468993520871,-0.0112466018507519,-0.0110905602101944,-0.0981299159582205,-0.0185928696459391,-0.00978759200397176,-0.0585942690688248,-0.432126226994295
"X_Sonchus_asper",-0.184156749487419,-0.133566270265567,-0.143451618672578,-0.147940064166207,0.0583173841198093,0.109714701516588,0.478020944453199,0.022209196776217,0.187612409225346,0.124620028612921,-0.0777327751081635,0.0208043691254479,0.0200181942437989,-0.0680121222448962,0.0792372263058478,0.136606254238305,-0.173894798105744,-0.0891957876909639,-0.120414942931244,-0.539829488274443,-0.0413918500564368,-0.160517787819799,0.0537808040445714,0.326719922486786,1,0.093216571750965,-0.062324981515097,0.00226283920864053,-0.0684622781069877,-0.135776830983464,-0.30499179963618,-0.0976249258489781,-0.359229105614372,-0.128148484578183,-0.23504059997721,-0.340219454963374,-0.121403991837363,0.0769598885390414,0.14073513125042,0.318666886103244,-0.477482372879867,-0.479499322546344,0.201002476583953,-0.048155026351861,-0.569881769077709,-0.0775277590630666,-0.0152571823108295,-0.105621194518161,0.00499856873329389,-0.153603776620634,-0.0762775268107851,-0.598234087409295
"X_Sonchus_oleraceus",-0.0928614906974155,0.0122223355061217,0.0372328772324901,0.0131785888797302,-0.0648566072067305,0.0861700527312529,0.0437638120843747,0.135073592581434,0.0789665124425408,0.00524019698880539,-0.0309002124484855,0.0148862743720497,0.0873983820503218,0.0204203708763102,-0.175343244649059,0.127795412022305,-0.122838498096855,0.048856574683161,0.0410210456659087,-0.0726080983469815,-0.0571208552387726,-0.0227950081710722,-0.02759516990625,0.15013491116167,0.093216571750965,1,0.0579965737940209,0.0810992118048795,0.0301533868637103,-0.0764691753950836,0.17782409170416,0.305316185862756,0.182457083807107,0.21932385604943,-0.0752753787656524,0.173909356722437,0.0146734315258794,-0.225805958722737,-0.2215111089895,-0.00580984187252724,-0.189135730688403,0.0932799261834111,0.262910165379323,-0.0077917197644589,-0.0685479699217175,0.0743685821649367,1.45269084324867e-05,-0.0524975138217099,-0.0428946415195044,0.160302836728488,-0.013934082538929,-0.0712579677376885
"X_Trifolium_sp_",0.000161667157437624,0.0393393756511068,0.056713583031554,0.0419043828837825,-0.0491554296796767,0.0165032562477242,-0.100398582583287,0.0627526768237058,-0.00750606500948055,-0.0312974186406329,0.00299027615063877,0.00209693347353797,0.0404654088744482,0.0270797682302855,-0.10698620840857,0.0277607463298467,-0.0199172875957973,0.0485864662349542,0.0512271727695975,0.097802107744715,-0.0191027562185984,0.0258456287086049,-0.0278823525843187,-0.0110298864135325,-0.062324981515097,0.0579965737940209,1,0.0394436262857182,0.0305192055511645,-0.00447581088943105,0.165936561205046,0.182801491926949,0.183446859037323,0.144992785082019,0.0205902451563411,0.172409504692112,0.0399205774476882,-0.136035959956259,-0.148053585597077,-0.0817619594200629,0.0229067047798959,0.168203700370792,0.0844751487020681,0.00954459973157944,0.107810092363167,0.0571096156011459,0.00460213456287144,-0.000205491157696378,-0.024652428529077,0.119762886074828,0.0131750457298917,0.114026304315565
"X_Vulpia_bromoides",-0.0409283836421001,0.0238130874735968,0.039548077548975,0.024185361163768,-0.0500884071414895,0.0429917059459159,-0.0390315391104195,0.0795860260654492,0.0259142012256952,-0.0118490568770544,-0.0110244062288076,0.00345512461991966,0.0544718230448961,0.0196352528857663,-0.117115224044798,0.0668046886691463,-0.0596205805992101,0.0400703488375987,0.041698389449475,0.0188375980568146,-0.0314714134490685,0.0029130820241474,-0.0245663029618741,0.0484217621677373,0.00226283920864053,0.0810992118048795,0.0394436262857182,1,0.0266237253541339,-0.0348236747538753,0.150226528890708,0.205327522248772,0.159411225995589,0.157947644190792,-0.017363310998479,0.150556262571516,0.0224455653477657,-0.153573642702825,-0.153734230407125,-0.0353744377832559,-0.0625643068684211,0.116326825751599,0.142735338031069,0.000885736411718902,0.0268413248792455,0.0592680077416989,0.00631036714905096,-0.0213845428012657,-0.0298282107027288,0.120859824507407,0.000981159679790655,0.0278194021367389
"Acacia_cyclops",0.00857523028939186,0.0349659307303337,0.0445584914530017,0.0367780184655027,-0.0357332069382306,0.00396693182946523,-0.0951563862767903,0.03962670527904,-0.0173136562154481,-0.027558944717504,0.00826630495489925,-0.00208759253516711,0.0239800015833873,0.0221307581042341,-0.0766750874161231,0.0105178428293779,-0.00176926560720638,0.036763398634999,0.0397293815052654,0.102426709553556,-0.00933541295817065,0.0286638662196021,-0.0211264890121236,-0.0264857550214346,-0.0684622781069877,0.0301533868637103,0.0305192055511645,0.0266237253541339,1,0.00477330258647234,0.131252695267595,0.124506777688385,0.14436013612619,0.103043787333002,0.0304946939117621,0.135188232283308,0.0335654069627791,-0.0913692459173569,-0.105914216309498,-0.0735132766651527,0.0474209414905278,0.141088956455694,0.0422872089217355,0.00868230059916217,0.109123897443532,0.0430407846068682,0.00435510969727044,0.0072807407431019,-0.0156741348190187,0.0904608114082196,0.0114622186552714,0.114466544501809
"Acacia_saligna",0.100888115039645,0.0298597405680324,0.024380145190851,0.0369016320888535,0.0220431548080839,-0.0627416287198308,-0.118888884381735,-0.0570077527579979,-0.0767785043719141,-0.0416364362555906,0.0333992316809227,-0.000784534857124812,-0.0391928436735376,0.0100141196202062,0.0574060849801365,-0.0818084500404033,0.106925679950478,0.00741975029373764,0.0152119698414947,0.166726561401879,0.0353887591981416,0.0489107529074391,-0.0010179473532477,-0.134337865085807,-0.135776830983464,-0.0764691753950836,-0.00447581088943105,-0.0348236747538753,0.00477330258647234,1,-0.00610603557327824,-0.112002270605599,0.00549526491309168,-0.0751676001126872,0.0888936721573682,0.00471782961936516,0.0250091297689807,0.0852457119223669,0.0570992007451324,-0.0856347826088255,0.198286602385261,0.079620580257867,-0.17168338607719,0.0158939812280077,0.165794912148506,-0.0183050492669835,0.00273382686169441,0.0535520711834471,0.020080799767342,-0.0345245813965698,0.0294132174530246,0.180574195098868
"Banksia_littoralis",0.00709813843144233,0.167880318103667,0.223267094013128,0.172294520979138,-0.203251124713881,0.0408431475436707,-0.45669972595534,0.220416506516416,-0.0608363142635106,-0.126217161729719,0.0274523752491393,-0.0126948717295416,0.140160252920261,0.114254415250116,-0.427016314228454,0.0806146043123007,-0.0524283879884021,0.185877381370603,0.204517053904277,0.450222284391631,-0.0647320241702314,0.125783135197085,-0.116861138919247,-0.103808724967903,-0.30499179963618,0.17782409170416,0.165936561205046,0.150226528890708,0.131252695267595,-0.00610603557327824,1,0.710765362706749,0.77192535130569,0.593637640099973,0.118455292283208,0.735602201043926,0.16104408675872,-0.529958748825875,-0.582922475626884,-0.350593729580192,0.167203104402274,0.716049167566925,0.298287249596644,0.0388089911909989,0.504890218168417,0.245181981978493,0.0208287930815322,0.013470596170761,-0.0958338955007908,0.482513948282964,0.0569196620679284,0.532611952343966
"Baumea_articulata",-0.130860392618277,0.125815633315242,0.194000782488352,0.124761629710891,-0.232875107407242,0.133203631793282,-0.276526561284624,0.313619457689855,0.0498952197602435,-0.0743757363786748,-0.0229391797256787,-0.00699918528957941,0.20137926933067,0.102178503485161,-0.517807291169821,0.207763034753553,-0.200656463289845,0.181861882525702,0.18640767013621,0.204400408656833,-0.119175952965943,0.0540942250018797,-0.116775292174499,0.100360199052676,-0.0976249258489781,0.305316185862756,0.182801491926949,0.205327522248772,0.124506777688385,-0.112002270605599,0.710765362706749,1,0.758083266310901,0.6988666186968,-0.0135136289514261,0.718995557307384,0.127006566039802,-0.657330862277678,-0.675317099532526,-0.227699048145265,-0.126892335971941,0.60382132058217,0.552836574461728,0.0160930140276019,0.256039215146098,0.266584181053953,0.0157353132688605,-0.0638739566965848,-0.125818096943613,0.539794136432924,0.0174724450575525,0.265464493282618
"Baumea_juncea",0.0211019089970961,0.190206120321588,0.249874477309546,0.196842557606975,-0.218349345629763,0.0326719524605966,-0.522157416181302,0.235766681567716,-0.0819973512861766,-0.146115044779082,0.0357647653421772,-0.0143367184935071,0.147226545616035,0.125912333639158,-0.455155913243231,0.0763766417670587,-0.0435621802529541,0.205856867758275,0.225802584397123,0.524703750921236,-0.0636772149142203,0.148416747389394,-0.127731021184365,-0.134671935715385,-0.359229105614372,0.182457083807107,0.183446859037323,0.159411225995589,0.14436013612619,0.00549526491309168,0.77192535130569,0.758083266310901,1,0.637826474744922,0.145674761551512,0.805194697412646,0.180784429690916,-0.564302378252142,-0.627969060122955,-0.398342803796086,0.219178838874779,0.799394672932841,0.294659895739468,0.0446903888542644,0.584520169862754,0.262484544364027,0.0244476182920559,0.0212336767044963,-0.101030093844041,0.523917898956621,0.0651132234582509,0.614312313659489
"Baumea_vaginalis",-0.0831509586668173,0.113064535612868,0.161282210832255,0.109580369597148,-0.18861697399527,0.0889917118281419,-0.266381617278816,0.241292654452225,0.016231848551024,-0.0720110819803226,-0.00752325357618258,-0.0079549735420341,0.152203663532162,0.0866126802746811,-0.409937088742872,0.148415670913774,-0.139868469171018,0.15063636788404,0.157098426458395,0.218469923266263,-0.0877373965792625,0.0576423091162917,-0.0975396086681831,0.0345379235127468,-0.128148484578183,0.21932385604943,0.144992785082019,0.157947644190792,0.103043787333002,-0.0751676001126872,0.593637640099973,0.6988666186968,0.637826474744922,1,0.0187703038997808,0.608901264421795,0.109525021107942,-0.524731088033502,-0.547365427724109,-0.218402139019668,-0.0446907481382451,0.525197267567207,0.401775241125573,0.0184842622522097,0.261766288234491,0.220988959821971,0.0150905827543998,-0.0365365381373966,-0.0997786023871181,0.435074313140116,0.0198109145410947,0.277876573673024
"Cassytha_sp_",0.114507749286502,0.0675500768656098,0.0697960747599022,0.0746116560120953,-0.0112881083231626,-0.0765246326299778,-0.247341705954526,-0.0396399634426,-0.113618213898021,-0.0698690297274205,0.0477006746283192,-0.011362830431226,-0.0291679485246543,0.0317850589125723,-0.00379245087947255,-0.0964206098794569,0.117209320275784,0.040937117815207,0.0537792526054864,0.298597960497459,0.0335751630406867,0.0887236384309465,-0.0222808705385961,-0.194851151692552,-0.23504059997721,-0.0752753787656525,0.0205902451563411,-0.017363310998479,0.0304946939117621,0.0888936721573682,0.118455292283208,-0.0135136289514261,0.145674761551512,0.0187703038997808,1,0.136488392280622,0.0642865579794286,0.00953202682241993,-0.0344850801591458,-0.168752753686142,0.291620561237159,0.229780982453438,-0.160910461372193,0.0261383122311593,0.312246164302626,0.0231740202601927,0.00737542144023247,0.0641887788018331,0.0082015664273331,0.0446829007902867,0.0433175179078478,0.326861720818554
"Centella_cordifolia",0.0228586025067486,0.178727176475024,0.235969485329876,0.187170086665483,-0.206266356544125,0.0304500009137349,-0.494306923858873,0.221974692456859,-0.079326722369858,-0.139634078100035,0.0338659990030514,-0.0138105808638054,0.13845641788705,0.118874469235876,-0.431534049309137,0.0692419227732928,-0.0375083627308104,0.193209790875286,0.213030093806154,0.494685393080187,-0.0615428168549139,0.141077389920873,-0.120155375521569,-0.127500117177481,-0.340219454963374,0.173909356722437,0.172409504692112,0.150556262571516,0.135188232283308,0.00471782961936516,0.735602201043926,0.718995557307384,0.805194697412646,0.608901264421795,0.136488392280622,1,0.168340550864473,-0.534325882757099,-0.597902519322921,-0.379874037997315,0.205021131721695,0.756065668211232,0.279110323913727,0.0427210398690212,0.551089225911623,0.248882206661707,0.0235769943247678,0.0209343596272289,-0.0955352856284922,0.49432634519207,0.0629958602802024,0.580393997891226
"Daucus_glochidiatus",0.0364551240087272,0.0507290781070659,0.0658089809674248,0.0550681147754034,-0.0417560208698997,-0.0140743492410502,-0.152721636842182,0.0311629165485274,-0.0436348810347069,-0.0413796644262889,0.0184353455488845,-0.00475552048068533,0.0187831030254545,0.0313197660105573,-0.0801294141209072,-0.0120114899571275,0.0255386533700678,0.0470515015774172,0.0569202815799376,0.173918951838993,-0.00123996827520966,0.0498147739408366,-0.0263832776303648,-0.072140568660755,-0.121403991837363,0.0146734315258794,0.0399205774476882,0.0224455653477657,0.0335654069627791,0.0250091297689807,0.16104408675872,0.127006566039802,0.180784429690916,0.109525021107942,0.0642865579794286,0.168340550864473,1,-0.0934292175839444,-0.118314830147271,-0.11130329416911,0.116789679139516,0.1994593247036,0.00805687038619456,0.0143139029646361,0.184958685888877,0.0510747256956951,0.00631132302763156,0.022441420199028,-0.014258918601366,0.104928678146978,0.0235149167517581,0.193365937466629
"Eucalyptus_gomphocephala",0.0942873167149145,-0.0942442738607797,-0.144113074303998,-0.0944242230222006,0.17837890023941,-0.0995772416323088,0.209758698159796,-0.232317916871182,-0.0384104999059655,0.0588430832902129,0.0177691972651797,0.00274164263794095,-0.151251067061367,-0.0760520671487546,0.386700106106876,-0.157997317577153,0.150912302114476,-0.136369897988908,-0.139559492044429,-0.151108887864928,0.0887190848162537,-0.0373713177276828,0.088516386314509,-0.0692394474045531,0.0769598885390414,-0.225805958722737,-0.136035959956259,-0.153573642702825,-0.0913692459173569,0.0852457119223669,-0.529958748825875,-0.657330862277678,-0.564302378252142,-0.524731088033502,0.00953202682241993,-0.534325882757099,-0.0934292175839444,1,0.513544639098035,0.1793797194482,0.0920817567806207,-0.448648294929881,-0.406524788900778,-0.00992345647524441,-0.190045872942846,-0.200860585602401,-0.0128722721310171,0.0462000006451282,0.0954485453974504,-0.399189154024893,-0.0140364541227476,-0.199018273021391
"Eucalyptus_sp_",0.0584754703482743,-0.119448511711097,-0.175587222260439,-0.12487944531915,0.187710541939648,-0.0811648359283035,0.287077827246323,-0.23245172865867,-0.00845158332330055,0.0928583333157059,0.00294403526669718,0.000160552623842255,-0.147414478882095,-0.090418421623137,0.403672670951726,-0.137844729095261,0.122152550578268,-0.157468744061057,-0.164922262361566,-0.255854922921971,0.0809450808700118,-0.0672154957771957,0.0989150212919443,-0.0115771945762574,0.14073513125042,-0.2215111089895,-0.148053585597077,-0.153734230407125,-0.105914216309498,0.0570992007451324,-0.582922475626884,-0.675317099532526,-0.627969060122955,-0.547365427724109,-0.0344850801591458,-0.597902519322921,-0.118314830147271,0.513544639098035,1,0.249932296399837,0.000483722043843628,-0.539462474142395,-0.362836875890864,-0.0188996034450155,-0.296253780928745,-0.209632949041857,-0.0160233038479531,0.0271102324431186,0.0934322667009931,-0.423124269780689,-0.0296721258843856,-0.310626636877029
