"","X_Anagallis_arvensis","X_Arctotheca_calendula","X_Avena_barbata","X_Avena_fatua","X_Briza_maxima","X_Bromus_diandrus","X_Carpobrotus_edulis","X_Centaurium_sp_","X_Cirsium_vulgare","X_Conyza_albida","X_Conyza_bonariensis","X_Conyza_sumatrensis","X_Ehrharta_calycina","X_Ehrharta_longiflora","X_Erodium_sp_","X_Euphorbia_peplus","X_Fumaria_capreolata","X_Galium_murale","X_Geranium_molle","X_Hypochaeris_glabra","X_Moraea_flaccida","X_Pelagonium_capitatum","X_Poa_annua","X_Rumex_crispus","X_Senecio_vulgare","X_Solanum_nigrum","X_Sonchus_asper","X_Sonchus_oleraceus","X_Trifolium_sp_","X_Ursinia_anthemoides","X_Vulpia_bromoides","Acacia_cyclops","Acacia_saligna","Banksia_littoralis","Baumea_articulata","Baumea_juncea","Baumea_vaginalis","Cassytha_sp","Centella_cordifolia","Daucus_glochidiatus","Eucalyptus_gomphocephala","Juncus_pallidus","Koala_feed_eucalyptus","Lepidosperma_gladiatum","Lepidosperma_longitudinale","Melaleuca_rhaphiophylla","Myoporum_capraroides","Opercularia_hispida","Patersonia_occidentalis","Podotheca_sp_","Rhagodia_baccata","Scaevola_sp","Spyridium_globulosum","Trachymene_pilosa","Xanthorrhoea_preissii"
"X_Anagallis_arvensis",1,0.00629828398877935,0.0192730852901491,0.0156025788418419,0.0200413371435787,0.0178649817392177,-0.00767484772928244,-0.00424919389184378,-0.0428499768342382,0.00666292463452886,-0.0124422118451477,-0.0110104175481006,0.00523182623227019,0.00144938870912382,0.00384262093691077,0.00770290643820878,-0.021136840724966,-0.00523089616022417,0.0108042964144521,0.0132242280219901,0.00759146125890282,0.0533852253976547,0.000971977628251371,0.0162166990571421,-0.00876007907551449,-0.0247093410764838,-0.032919184282623,0.00201139171667975,0.0104942671490585,0.00273536206778482,0.00594425352027995,0.00951840377359851,0.0115124931324,0.0419106956417943,0.023655346290333,0.0467108293877247,0.0245470645120554,0.0185645216374553,0.0441161812849568,0.0148284898046599,-0.0215775730398075,-0.0391789726727274,-0.0294425926539614,0.0422089055261436,0.0551892957455738,-0.00891843423211792,0.00350310175240725,0.0541260758757863,0.0101420578955557,0.00282727334025743,0.00727710921494878,-0.00229288287455023,0.0244023290813451,0.00966277507283332,0.0583108219797099
"X_Arctotheca_calendula",0.00629828398877935,1,0.116534919706991,0.01884622924323,0.0157726832845469,0.0327668166373507,0.0104478059190392,-0.0359417659065059,-0.0710393799403031,-0.039493708037554,-0.0403730452424854,-0.0300333322063139,0.0164151168703258,0.00941385112160718,-0.0252491803317876,0.011339905680726,0.0622037666940186,-0.0524436411755599,0.0687077588303441,0.0083901757077396,0.0352978406030873,0.0998684411395429,0.0229264773146451,0.0299732423640503,-0.00465469294692679,-0.0908858546888103,-0.0699976249979606,-0.0453566391535499,-0.00227582570424861,-0.00726625682171561,-0.0200892053079483,0.00205445324250213,0.0546629576747735,-0.0165334520731548,-0.0864683990096382,-0.00949485889306857,-0.0559270845844729,0.0478563148291776,-0.0121875356702435,0.0189901757245048,0.0490023033723461,-0.0679212907687758,0.0384334845587936,0.124043883177535,0.0470203341412189,-0.125156013538472,0.00938572102226745,0.10638445343165,-0.0185723263121186,0.00348243392878718,0.0352607598347244,0.0134435467430935,-0.0324191564878555,0.0235963868802005,0.110783020244189
"X_Avena_barbata",0.0192730852901491,0.116534919706991,1,0.0457658066302321,0.0246166182576539,0.106878687814626,0.0624462801698361,-0.139763190609186,-0.209340978201656,-0.173884484911811,-0.147298683996252,-0.0851988898044852,0.0568433955555844,0.0432733224286007,-0.114917337467996,0.0270346115542805,0.296120964288199,-0.209329118402198,0.272148369255555,0.0016712606168662,0.117202186439598,0.306785184859103,0.0941813468933271,0.0945339208928484,0.002257998407135,-0.33015424253962,-0.218343222537046,-0.192176838061308,-0.0228377209631303,-0.0300541688536347,-0.0975695455305423,-0.00847002192604812,0.226132830997868,-0.160297590237713,-0.423270257129808,-0.137424875908291,-0.285948648353451,0.168032788942925,-0.146845652594849,0.0405476041227375,0.266532950886359,-0.198200153331895,0.246011483101661,0.428483874558416,0.0867071747396292,-0.505471497920922,0.0295945560338223,0.320970059662296,-0.104437185259272,0.00974267084559322,0.142500033217211,0.0619523489055438,-0.179496019283208,0.0909906091266796,0.343075156192015
"X_Avena_fatua",0.0156025788418419,0.01884622924323,0.0457658066302321,1,0.0662471695650844,0.0534451417648809,-0.0301750708229456,-0.0168264168943419,-0.161033509643156,0.0283882228159609,-0.0434034756596762,-0.0442277067315976,0.0173885239692368,-0.00614667674965322,0.0164721777216649,0.0267656116097816,-0.101579334207205,-0.01366008893134,0.0364834648575346,0.0532057755389406,0.025299906212418,0.191011944455076,0.000372173348806707,0.0532339875507884,-0.0356882478131311,-0.0868623054029951,-0.127499640423473,0.00835638060407373,0.0390975543722816,0.00531364225649303,0.024816421899865,0.0389692687774511,0.0366596584304976,0.1663154551625,0.112875917132484,0.184394397797884,0.113629890107247,0.0656220017388696,0.180213564540399,0.0539286373823864,-0.0915546353096739,-0.133961047378175,-0.121195787618607,0.139293707262984,0.211809650025251,-0.00961493909696544,0.0137337080860666,0.201716760177055,0.052118863201029,0.0055623313472,0.023103941623532,-0.0108578224012717,0.100410257619753,0.026753474980769,0.214197236868318
"X_Briza_maxima",0.0200413371435787,0.0157726832845469,0.0246166182576539,0.0662471695650844,1,0.061163476944005,-0.0414674653010838,-0.00991057862456205,-0.184287364228752,0.050672876443061,-0.0422493930163144,-0.0479385135803065,0.018193820209579,-0.0104274754468465,0.0303902502998081,0.0324998975602284,-0.149244654141095,-0.00144813140699363,0.0264722372787922,0.0667714913365824,0.021092793263667,0.212088046413229,-0.00663324978720092,0.060083026049435,-0.0444973666110756,-0.0818425509542155,-0.14180940189751,0.02836444106149,0.0528609021159531,0.00912748750190341,0.0378757476317575,0.0468417939877724,0.031335855901433,0.219928834667079,0.173007134825154,0.23993562924564,0.159625767016412,0.0683857290190952,0.237169822209539,0.0649634132778967,-0.134719815122878,-0.149848546350764,-0.169242380724079,0.143856797581733,0.257503475784108,0.0272284718626663,0.0153846391453438,0.228111878833499,0.0723954427762456,0.0065727628788822,0.0200197371785845,-0.0181421119304125,0.139977865674793,0.0286992704971239,0.242307190215175
"X_Bromus_diandrus",0.0178649817392177,0.0327668166373507,0.106878687814626,0.0534451417648809,0.061163476944005,1,-0.0165669569701069,-0.0325452419443483,-0.163834827046631,0.00226731100804398,-0.0564090956471009,-0.0493617565253351,0.0225225895048659,0.00368707912280331,-0.000530745564421125,0.0263454757817845,-0.0444508911460889,-0.0385141436060374,0.0678240677751145,0.0439054687000405,0.0359500422050802,0.20049115155477,0.0135918318017559,0.0569777395702303,-0.0319716359736596,-0.118833155695635,-0.134310135711924,-0.0173714245539841,0.0306694881798905,0.00101658483342303,0.00845789721943556,0.0299794709930283,0.0602175498180294,0.116327059078076,0.035720478580597,0.1347786756338,0.0515924496043765,0.0761627739924937,0.130717919302252,0.0498155427149954,-0.0406187161588465,-0.143234125535664,-0.0695486881974631,0.175072825503594,0.189210688145364,-0.0793742129496346,0.0147962560193607,0.213344866026365,0.0276656659255678,0.00779532855041858,0.039243459209476,-0.000869236646155559,0.0591157061926619,0.03569006010992,0.226939553042389
"X_Carpobrotus_edulis",-0.00767484772928244,0.0104478059190392,0.0624462801698361,-0.0301750708229456,-0.0414674653010838,-0.0165669569701069,1,-0.0152479635774992,0.0790998157197911,-0.0513559535678325,0.00559422787045547,0.0157856439513898,-0.00147735349593439,0.0148316517111009,-0.0338735187019997,-0.0127942252892722,0.133630547899614,-0.0295680825692327,0.0289107187310899,-0.0353874222702668,0.00695943904008638,-0.0738847904372061,0.0193027268799602,-0.0177747668696053,0.0258534544144555,0.00117147293437143,0.0508073338457178,-0.042671631575225,-0.0317824487288252,-0.0106741648759423,-0.036345535411764,-0.028660490933688,0.0160526904377714,-0.151553543775571,-0.164697632405417,-0.160089584409216,-0.141891682804903,-0.012377440594197,-0.161045497708235,-0.0291387871971071,0.123020337838785,0.0585851430228607,0.140738180478161,-0.0156649743962139,-0.133922801362043,-0.0914109507234623,-0.0045075305615215,-0.0812199594620242,-0.060568637921646,-0.00117070864627075,0.0114365065418287,0.0209712378391222,-0.105549928229065,-0.00133808007669079,-0.086308964517244
"X_Centaurium_sp_",-0.00424919389184378,-0.0359417659065059,-0.139763190609186,-0.0168264168943419,-0.00991057862456205,-0.0325452419443483,-0.0152479635774992,1,0.0739798091769833,0.0526646439887275,0.0490127656067725,0.0283456165501872,-0.0178197132397968,-0.0102118187925928,0.0330077249171133,-0.00890472042620676,-0.0823778837509068,0.0668367531066594,-0.081373306561186,-0.00258253816633428,-0.0375865063861072,-0.103536726954677,-0.0284910227331272,-0.030788839633603,0.00136885279824508,0.106940759784854,0.0728584324843509,0.0597440559089425,0.00636187395223348,0.00826969621777046,0.0296070164402826,-1.78253293224191e-05,-0.0680938684634958,0.0363276067810526,0.12106529908397,0.0309006054288698,0.0772557149089423,-0.0521790752681127,0.0333579045046766,-0.0164459486621235,-0.0735350816627261,0.066390249894807,-0.0643486750537669,-0.13876809940701,-0.0377912909919986,0.152878346793322,-0.00974245465858557,-0.108989024300387,0.0289320271205862,-0.00384722101799973,-0.041442302140391,-0.0183786996487113,0.0494118323451493,-0.0262255660298819,-0.114661486733283
"X_Cirsium_vulgare",-0.0428499768342382,-0.0710393799403031,-0.209340978201656,-0.161033509643156,-0.184287364228752,-0.163834827046631,0.0790998157197911,0.0739798091769833,1,-0.050002843548281,0.157763291019748,0.139977265309818,-0.0590630129650296,0.0204093091118508,-0.0201015012571295,-0.0799468579251171,0.254556146913636,0.0863041077955502,-0.141096363165006,-0.139949105341897,-0.0845741977684376,-0.584164958702591,-0.0182190246318444,-0.165289743866667,0.103360982351665,0.31659972283189,0.419253201210696,0.0249310207560831,-0.102227918340637,-0.0103442179065518,-0.0455979718235746,-0.106852216612658,-0.141860716876027,-0.451227600588218,-0.248076542998423,-0.501792678642003,-0.28056536780466,-0.212561657291694,-0.497932972398754,-0.156957639637233,0.223491238934498,0.410011495204607,0.307850961524809,-0.472926191244686,-0.614695093091599,0.112545877796505,-0.0439399882123713,-0.629544593798503,-0.136898141060281,-0.0169127124674947,-0.090004694867608,0.0242190647016442,-0.254350234032586,-0.0882115820905115,-0.667355776712161
"X_Conyza_albida",0.00666292463452886,-0.039493708037554,-0.173884484911811,0.0283882228159609,0.050672876443061,0.00226731100804398,-0.0513559535678325,0.0526646439887275,-0.050002843548281,1,0.030926549787353,0.00430880354635418,-0.0103570883396782,-0.0247844273463202,0.0665904324616906,0.0121571774569944,-0.233778106038834,0.0895783126892294,-0.0880603070628737,0.0476333114078508,-0.0335357512844631,0.0290970772323596,-0.0437620305800287,0.00710184459299522,-0.0327779437292738,0.0805687944596609,-0.0153459535636221,0.103163856198016,0.0500932798816997,0.0178759040736562,0.0701857643871071,0.0388805010471859,-0.0665288527760495,0.225529615700557,0.302036337476948,0.232916957048624,0.233016292950111,-0.0185967744146355,0.232431619023229,0.0306490521985952,-0.203175367207851,-0.0253635333956166,-0.218642040182771,-0.0757300725184041,0.155026081677226,0.230983353941841,4.14864717588424e-05,0.0340820743848216,0.0939817773010697,-0.000155595342311867,-0.0422317099464149,-0.0380802276393505,0.178872909826871,-0.0146442086137824,0.0364532316551669
"X_Conyza_bonariensis",-0.0124422118451477,-0.0403730452424854,-0.147298683996252,-0.0434034756596762,-0.0422493930163144,-0.0564090956471009,0.00559422787045546,0.0490127656067725,0.157763291019748,0.030926549787353,1,0.0465995006254813,-0.0239357283151726,-0.00434977549406701,0.0211349506228953,-0.0209931235564807,-0.0158699653016614,0.0745935574706403,-0.0895175751837686,-0.0293968992186829,-0.0437224496236832,-0.1896654319189,-0.025021879353775,-0.053805139851629,0.0184881395020935,0.139282830871176,0.140811823401138,0.0495097007198571,-0.0157937203489646,0.00387767001080818,0.0143214312052249,-0.0202293173019835,-0.0769088714360955,-0.0556748743045258,0.0463385468510029,-0.0744342412481774,0.00710554972353213,-0.0827919715574351,-0.0695010449165702,-0.0411284682216729,-0.0138600332012373,0.124531675346225,0.00623395144077522,-0.193522059635215,-0.14507882027952,0.136326396346958,-0.0162950737275588,-0.201957249902295,-0.00460037439872563,-0.00417773607286494,-0.0467556099017723,-0.0100414801144051,-0.0145542140889627,-0.0379307329070385,-0.213407692385783
"X_Conyza_sumatrensis",-0.0110104175481006,-0.0300333322063139,-0.0851988898044852,-0.0442277067315976,-0.0479385135803065,-0.0493617565253351,0.0157856439513898,0.0283456165501872,0.139977265309818,0.00430880354635418,0.0465995006254813,1,-0.0189898887890326,-0.000270227021117264,0.00290971021724692,-0.0216604808872828,0.0408311777557959,0.0332741530135706,-0.0576042284899993,-0.0359525661607629,-0.0301858627102797,-0.168513340223797,-0.0118630584792352,-0.0480551803727722,0.0268484526728735,0.105819365609342,0.118088801946279,0.017217840212204,-0.0232200711296457,-0.00202483918123007,-0.00281752822019723,-0.0255668739104629,-0.0496486133975578,-0.0997262237665001,-0.0276000378828676,-0.112603139236183,-0.0504236841429818,-0.0661926906560534,-0.111586740184914,-0.0431520218024017,0.039614250429846,0.13103470848446,0.0684203582907395,-0.153366157300166,-0.157572985049979,0.0712694851489867,-0.0127459535629922,-0.181586154539604,-0.0245868418889476,-0.00568325320145703,-0.0325298104577115,0.000876501328150197,-0.0428415462702378,-0.0280091718882899,-0.192415761754335
"X_Ehrharta_calycina",0.00523182623227019,0.0164151168703258,0.0568433955555844,0.0173885239692368,0.018193820209579,0.0225225895048659,-0.00147735349593439,-0.0178197132397968,-0.0590630129650296,-0.0103570883396782,-0.0239357283151726,-0.0189898887890326,1,0.00217565038956803,-0.00803651890200869,0.00968544423495741,0.0060098837462587,-0.0254673644124511,0.0357975142557113,0.0128143295208728,0.0189827483128835,0.0762040307155709,0.00926503460368534,0.0226403526360247,-0.00658947104067164,-0.0525654417746469,-0.0527286135352424,-0.017253161366844,0.00646308774639622,-0.00192234391791345,-0.00509330922174048,0.00858987993207882,0.0306093059958763,0.0245980310071401,-0.015561268570549,0.0300317920841974,-0.00221524679224299,0.0315543436269798,0.0297279192807977,0.0168057322019568,0.00522616641780791,-0.0513459578192283,-0.00343175758155031,0.0761521830342661,0.058825930271675,-0.0520720773122234,0.00763925744306187,0.0806119786096304,0.0024241833793599,0.00312767653852683,0.0186373971528875,0.00379402281447913,0.00690355797671337,0.0153121668550371,0.0852848016791829
"X_Ehrharta_longiflora",0.00144938870912382,0.00941385112160718,0.0432733224286007,-0.00614667674965322,-0.0104274754468465,0.00368707912280331,0.0148316517111009,-0.0102118187925928,0.0204093091118508,-0.0247844273463202,-0.00434977549406701,-0.000270227021117264,0.00217565038956803,1,-0.0159983216862518,-0.00197642506082467,0.0654107730604516,-0.0169145186145898,0.0225009562250774,-0.0112381645357328,0.00878624830065288,-0.00893933212841943,0.0109139426217198,-0.00338662812640971,0.0074743695609216,-0.0133111131108401,0.0117275401328486,-0.0185688903913078,-0.0113940814858562,-0.00206103387069882,-0.0162503948164429,-0.0104002448928844,0.0161425517502741,-0.0617404705271489,-0.0769542002864992,-0.0615281657283303,-0.0660002124256502,0.00231309028103095,-0.0641985407677173,-0.00897284243769036,0.0524158698395352,0.00384148385885097,0.0567108738056588,0.014967549857076,-0.0405831857782355,-0.0581693625687079,-0.000554176022899443,-0.0116554689840533,-0.0261245976039387,0.00180984445917758,0.0112326113432448,0.00957183928028077,-0.0454049045483386,0.00515857633890648,-0.0122551582816879
"X_Erodium_sp_",0.00384262093691077,-0.0252491803317876,-0.114917337467996,0.0164721777216649,0.0303902502998081,-0.000530745564421125,-0.0338735187019997,0.0330077249171133,-0.0201015012571295,0.0665904324616906,0.0211349506228953,0.00290971021724692,-0.00803651890200869,-0.0159983216862518,1,0.00625345961937948,-0.143414347027155,0.0570216247328695,-0.0582200498329295,0.0288276186592827,-0.0219756663579362,0.0100764420004646,-0.0282314165438673,-0.00058380856622864,-0.0190465600003065,0.0526782643872169,-0.00309502171873252,0.0633949299865908,0.0295626801918275,0.0116282944118285,0.0456329717948322,0.0219481780255477,-0.0450517769824092,0.137276504085578,0.187091328820597,0.139001006204133,0.145601180831888,-0.0163009784318999,0.139593901623087,0.0154477305400918,-0.129138259790397,-0.0126906662462081,-0.137030018161428,-0.0551871946585971,0.0871442200461747,0.146179750333826,-0.00126379257397028,0.0105562439501437,0.0592018708436222,0.0006999352130849,-0.0280716095467463,-0.0240587961286449,0.10834538456833,-0.00801606181589133,0.0122793040904637
"X_Euphorbia_peplus",0.00770290643820878,0.011339905680726,0.0270346115542805,0.0267656116097816,0.0324998975602284,0.0263454757817845,-0.0127942252892722,-0.00890472042620676,-0.0799468579251171,0.0121571774569944,-0.0209931235564807,-0.0216604808872828,0.00968544423495741,-0.00197642506082467,0.00625345961937948,1,-0.0455823863971803,-0.00896814426543326,0.0203367245276415,0.0260766701231699,0.012933559968658,0.092782694139582,0.000889313407162554,0.0268312384300731,-0.0162548082747323,-0.0445541931360295,-0.0624758074461553,0.00264348441991911,0.0187889540223653,0.00305061005911536,0.0104442374685191,0.0173592056783408,0.0209666714076748,0.0775654733534095,0.0494057692949166,0.0867575481891641,0.0502635981654883,0.0338383695575846,0.0849086244764441,0.0261996249737743,-0.0412298267302196,-0.0660359545766053,-0.0555440240209771,0.0725901078301234,0.102455749099764,-0.00994943817470591,0.00699248950992929,0.100223272819132,0.0241652271159719,0.00238709910722995,0.0128074736452712,-0.00467581228303393,0.046688281543511,0.0154287355879945,0.106101043508419
"X_Fumaria_capreolata",-0.021136840724966,0.0622037666940186,0.296120964288199,-0.101579334207205,-0.149244654141095,-0.0444508911460889,0.133630547899614,-0.0823778837509068,0.254556146913636,-0.233778106038834,-0.0158699653016614,0.0408311777557959,0.0060098837462587,0.0654107730604516,-0.143414347027155,-0.0455823863971803,1,-0.150525105775421,0.149333467423573,-0.135524948322382,0.0458392906405784,-0.219571094910295,0.0828726597440883,-0.0558253282975224,0.0986775046078958,-0.0618388462492325,0.150718541973859,-0.194954355941175,-0.128876678654374,-0.0427811495088401,-0.151145272210618,-0.106022599229556,0.0958838247243844,-0.590127167078481,-0.681729066075826,-0.614996943905309,-0.569417875406224,-0.0196664968610279,-0.61917673142884,-0.102576635648339,0.49076247440126,0.180336486081207,0.550415578172174,0.0180272645269287,-0.484695658024906,-0.43300156831761,-0.0109978497588749,-0.244941206587828,-0.238973260579231,-0.00191427609580212,0.0598906501083289,0.0850968031340096,-0.428018810918182,0.00489266536098571,-0.261725064230341
"X_Galium_murale",-0.00523089616022417,-0.0524436411755599,-0.209329118402198,-0.01366008893134,-0.00144813140699363,-0.0385141436060374,-0.0295680825692327,0.0668367531066594,0.0863041077955502,0.0895783126892293,0.0745935574706403,0.0332741530135706,-0.0254673644124511,-0.0169145186145898,0.0570216247328695,-0.00896814426543326,-0.150525105775421,1,-0.116339985245071,0.00967549064714181,-0.0526598774595272,-0.121645988568661,-0.0434831847365424,-0.0401335783224328,-0.0067608993239667,0.147587613860487,0.0892474040675914,0.0975649312526891,0.0174371615458691,0.0149351227396139,0.052901054422347,0.0082632429826953,-0.0976054485191214,0.0944425207865386,0.211672522728041,0.0856122423462175,0.149889611015805,-0.0720493729088969,0.0890230572325826,-0.0141166038908107,-0.133907150909627,0.0736011368915007,-0.128798859338674,-0.187222140366171,-0.0155973984600266,0.235541532636145,-0.0133397444920215,-0.127956517331455,0.0530687165220106,-0.00159939600785719,-0.0597252001719823,-0.0303717381353463,0.0966955907139075,-0.0376120786700442,-0.134805641523373
"X_Geranium_molle",0.0108042964144521,0.0687077588303441,0.272148369255555,0.0364834648575346,0.0264722372787922,0.0678240677751145,0.0289107187310899,-0.081373306561186,-0.141096363165006,-0.0880603070628737,-0.0895175751837686,-0.0576042284899993,0.0357975142557113,0.0225009562250774,-0.0582200498329295,0.0203367245276415,0.149333467423573,-0.116339985245071,1,0.00997735042196221,0.0753140146984333,0.211771424294208,0.0535959394494444,0.0666585760791602,-0.00435745910012568,-0.196543455305506,-0.145958313817945,-0.10310730447473,-0.0055437995771068,-0.0171447493070905,-0.0532476012859279,0.00583817211262707,0.1314024812187,-0.0549355694347932,-0.212297146564028,-0.0396451930311368,-0.140515825059834,0.10855694435837,-0.0466856300661526,0.0368308950237893,0.13408386873034,-0.126169112586362,0.11750120050046,0.272423549474156,0.0892858612477457,-0.27976663747106,0.0187313718923285,0.219569201537622,-0.0461140064792255,0.00593221416402298,0.0813274492849626,0.0331274073067999,-0.0767043928797055,0.0512300849537442,0.233276344322621
"X_Hypochaeris_glabra",0.0132242280219901,0.0083901757077396,0.0016712606168662,0.0532057755389406,0.0667714913365824,0.0439054687000405,-0.0353874222702668,-0.00258253816633428,-0.139949105341897,0.0476333114078508,-0.0293968992186829,-0.0359525661607629,0.0128143295208728,-0.0112381645357328,0.0288276186592827,0.0260766701231699,-0.135524948322382,0.00967549064714181,0.00997735042196221,1,0.0121659601611722,0.163895305755192,-0.0101039611254768,0.046937834182051,-0.0372741036753964,-0.0548931443214021,-0.108671283039125,0.0326004695267525,0.0454973780013574,0.00780181347690617,0.0339942463817862,0.0406149476751997,0.0175285847166009,0.188042375427177,0.159932160982063,0.20382745689327,0.148430166491039,0.0505223865403024,0.202500220717072,0.0496826325525768,-0.123040709714351,-0.12058928675796,-0.152002252100631,0.100543746226636,0.210724628482888,0.0423303855907029,0.0116433617964668,0.176417302018395,0.0654242274247095,0.00443826033546322,0.011914530119508,-0.0168430613340461,0.122165506709349,0.0202678668978049,0.186580947401165
"X_Moraea_flaccida",0.00759146125890282,0.0352978406030873,0.117202186439598,0.025299906212418,0.021092793263667,0.0359500422050802,0.00695943904008638,-0.0375865063861072,-0.0845741977684376,-0.0335357512844631,-0.0437224496236832,-0.0301858627102797,0.0189827483128835,0.00878624830065288,-0.0219756663579362,0.012933559968658,0.0458392906405784,-0.0526598774595272,0.0753140146984333,0.0121659601611722,1,0.116699903528544,0.0229817435495007,0.0350318158174842,-0.00643091710225068,-0.0978667658589757,-0.0814843899281427,-0.0446516251905438,0.00155080384155666,-0.00538059948112459,-0.0182651469263852,0.00833061732391831,0.0590781574711938,0.000952519055531905,-0.0732827599874908,0.0105847272165104,-0.0429186323916865,0.0520469020368982,0.00815206630253001,0.0223862048293403,0.0429578080138879,-0.076881681784111,0.0316171699333114,0.133126449019346,0.0700318162620348,-0.120692668482125,0.0108836720173034,0.122893350254914,-0.0104713027583695,0.00303594620266475,0.038070296567355,0.0129687841637815,-0.0165529398628187,0.0272795448962133,0.130232039909241
"X_Pelagonium_capitatum",0.0533852253976547,0.0998684411395429,0.306785184859103,0.191011944455076,0.212088046413229,0.20049115155477,-0.0738847904372061,-0.103536726954677,-0.584164958702591,0.0290970772323596,-0.1896654319189,-0.168513340223797,0.0762040307155709,-0.00893933212841943,0.0100764420004646,0.092782694139582,-0.219571094910295,-0.121645988568661,0.211771424294208,0.163895305755192,0.116699903528544,1,0.0350994147477456,0.203230144300705,-0.108271883061273,-0.390153659108594,-0.481342225294672,-0.0461788404947303,0.114413375511501,0.00637100638089216,0.0378023617453744,0.118043220554525,0.190013637166388,0.468815825112455,0.202842410397332,0.528158834749854,0.2515984712792,0.265823314343252,0.5197020853507,0.185790594155598,-0.194171122828128,-0.48759671483697,-0.295187530441074,0.593836871019057,0.696221623400248,-0.208175704631891,0.0548152785009517,0.754960441323292,0.129522235585782,0.0211343173732094,0.121967827602414,-0.00933490418735571,0.252332342577,0.11736792938452,0.796190534283813
"X_Poa_annua",0.000971977628251371,0.0229264773146451,0.0941813468933271,0.000372173348806707,-0.00663324978720092,0.0135918318017559,0.0193027268799602,-0.0284910227331272,-0.0182190246318444,-0.0437620305800287,-0.025021879353775,-0.0118630584792352,0.00926503460368534,0.0109139426217198,-0.0282314165438673,0.000889313407162554,0.0828726597440883,-0.0434831847365424,0.0535959394494444,-0.0101039611254768,0.0229817435495007,0.0350994147477456,1,0.0105585406679164,0.00628218835452478,-0.0584124252546815,-0.0251534055164698,-0.0456431115453205,-0.0136008249796435,-0.00739075315348019,-0.0259210001959876,-0.00758764208992602,0.039827146269421,-0.0635984784766415,-0.114420848097037,-0.0631384163666794,-0.084398954976085,0.0264999225613636,-0.0643905343635216,0.000337454374050968,0.0757832636443316,-0.0179524803674226,0.0750057227012954,0.0693695452880836,-0.0182127945422327,-0.110804861744503,0.00457105744956861,0.0352852989283122,-0.0334123661920287,0.00143816192505941,0.0270230547575273,0.0156680920034004,-0.0577308735116657,0.0147782596194729,0.0377814780026956
"X_Rumex_crispus",0.0162166990571421,0.0299732423640503,0.0945339208928484,0.0532339875507884,0.060083026049435,0.0569777395702303,-0.0177747668696053,-0.030788839633603,-0.165289743866667,0.00710184459299522,-0.053805139851629,-0.0480551803727722,0.0226403526360247,-0.00338662812640971,-0.00058380856622864,0.0268312384300731,-0.0558253282975224,-0.0401335783224328,0.0666585760791602,0.046937834182051,0.0350318158174842,0.203230144300705,0.0105585406679164,1,-0.0301479835393478,-0.114589516395883,-0.137386814924605,-0.0156535119292153,0.0316997141777661,-0.000784277190517744,0.00765966701899537,0.0334652374235835,0.0610636511251135,0.127533865844394,0.0499737996998205,0.144833091485324,0.0661961185718214,0.0777555734892298,0.141926193165971,0.0533623331243429,-0.0463266069893986,-0.136474893462573,-0.0756444836759026,0.175753722841867,0.196881421852277,-0.0654417579487722,0.0160480679549228,0.217579427161662,0.0368758116220455,0.00779821275782282,0.0368069138264768,-0.000801383903450634,0.0674345336095473,0.0354016591839964,0.228601236568815
"X_Senecio_vulgare",-0.00876007907551449,-0.00465469294692679,0.002257998407135,-0.0356882478131311,-0.0444973666110756,-0.0319716359736596,0.0258534544144555,0.00136885279824508,0.103360982351665,-0.0327779437292738,0.0184881395020935,0.0268484526728735,-0.00658947104067164,0.0074743695609216,-0.0190465600003065,-0.0162548082747323,0.0986775046078958,-0.0067608993239667,-0.00435745910012568,-0.0372741036753964,-0.00643091710225068,-0.108271883061273,0.00628218835452478,-0.0301479835393478,1,0.0415350998856391,0.0746195851896636,-0.0169987363543217,-0.0289630932502741,-0.00623602055554243,-0.0239301555725348,-0.0273830015200612,-0.0107687258253334,-0.133891645171194,-0.112698718402003,-0.143549415708887,-0.104908659924307,-0.0325434675371315,-0.144247493042652,-0.0357575365244122,0.088772656681195,0.0830939634265971,0.111371979148382,-0.0651535488838809,-0.144181661256961,-0.0301772109495931,-0.00665925107764784,-0.120304442750798,-0.0504567885045767,-0.00363509135455268,-0.00499958107538761,0.0126691097698742,-0.0822769830446114,-0.0126179647844121,-0.126618498704095
"X_Solanum_nigrum",-0.0247093410764838,-0.0908858546888103,-0.33015424253962,-0.0868623054029951,-0.0818425509542155,-0.118833155695635,0.00117147293437143,0.106940759784854,0.31659972283189,0.0805687944596609,0.139282830871176,0.105819365609342,-0.0525654417746469,-0.0133111131108401,0.0526782643872169,-0.0445541931360295,-0.0618388462492325,0.147587613860487,-0.196543455305506,-0.0548931443214021,-0.0978667658589757,-0.390153659108594,-0.0584124252546815,-0.114589516395883,0.0415350998856391,1,0.277898582063874,0.121710773811422,-0.0236383762016623,0.0110658042935296,0.0384827476605392,-0.0363339835792691,-0.170535495756761,-0.091398824474802,0.132856758040849,-0.121509679273722,0.0395584373515062,-0.173384195034886,-0.118997490533328,-0.0844781978115217,-0.0518485047605357,0.268577534687743,-0.00371290331000246,-0.419278039435917,-0.282681975450922,0.321667434347943,-0.0310574376029707,-0.418770671478599,-0.000318438176991139,-0.0132862002270977,-0.107515769835275,-0.0236854774397066,0.0022536997755828,-0.0801552583202778,-0.442680819321764
"X_Sonchus_asper",-0.032919184282623,-0.0699976249979606,-0.218343222537046,-0.127499640423473,-0.14180940189751,-0.134310135711924,0.0508073338457178,0.0728584324843509,0.419253201210696,-0.0153459535636221,0.140811823401138,0.118088801946279,-0.0527286135352424,0.0117275401328486,-0.00309502171873252,-0.0624758074461553,0.150718541973859,0.0892474040675914,-0.145958313817945,-0.108671283039125,-0.0814843899281427,-0.481342225294672,-0.0251534055164698,-0.137386814924605,0.0746195851896636,0.277898582063874,1,0.0392852808509526,-0.0746927622798324,-0.000964759597273169,-0.0244867978232621,-0.0794199606573442,-0.137092299250761,-0.318121503245008,-0.133679410726844,-0.362625432516898,-0.177497828448868,-0.183060549584507,-0.356505725449824,-0.126149647537977,0.13156890664619,0.329330463944714,0.193897517430758,-0.409665814471866,-0.475241937809823,0.145893988684182,-0.0394274067986281,-0.517847221787897,-0.0925917652220038,-0.0162467759501328,-0.0834057784204037,0.00674061329120134,-0.1736504740062,-0.0783295414322176,-0.546499084628887
"X_Sonchus_oleraceus",0.00201139171667975,-0.0453566391535499,-0.192176838061308,0.00835638060407373,0.02836444106149,-0.0173714245539841,-0.042671631575225,0.0597440559089425,0.0249310207560831,0.103163856198016,0.0495097007198571,0.017217840212204,-0.017253161366844,-0.0185688903913078,0.0633949299865908,0.00264348441991911,-0.194954355941175,0.0975649312526891,-0.10310730447473,0.0326004695267525,-0.0446516251905438,-0.0461788404947303,-0.0456431115453205,-0.0156535119292153,-0.0169987363543217,0.121710773811422,0.0392852808509526,1,0.0378814399978618,0.0158872780971069,0.0638802983322931,0.0231390048998884,-0.0806593503320612,0.16374634529296,0.263657687521672,0.163314252696215,0.191501741533511,-0.0455331108447466,0.162935292184188,0.00994263681234185,-0.17336467307005,0.020115895587643,-0.178412500821093,-0.132946423979997,0.0748102773163388,0.237994122841151,-0.00577259186615428,-0.0470250669859822,0.0760395432916703,-0.00198831397351569,-0.0503858299896219,-0.0335865005313991,0.142157663671629,-0.0237300185569011,-0.047241876834027
"X_Trifolium_sp_",0.0104942671490585,-0.00227582570424861,-0.0228377209631303,0.0390975543722816,0.0528609021159531,0.0306694881798905,-0.0317824487288252,0.00636187395223347,-0.102227918340637,0.0500932798816997,-0.0157937203489646,-0.0232200711296457,0.00646308774639622,-0.0113940814858562,0.0295626801918275,0.0187889540223653,-0.128876678654374,0.0174371615458691,-0.0055437995771068,0.0454973780013574,0.00155080384155666,0.114413375511501,-0.0136008249796435,0.0316997141777661,-0.0289630932502741,-0.0236383762016623,-0.0746927622798324,0.0378814399978618,1,0.00900573940638939,0.0337686652381384,0.0326507077176762,0.00257331104388019,0.16077058607369,0.154539277812444,0.171441412783516,0.131899728043745,0.0304108922117706,0.170317900222524,0.0393489357074026,-0.114223924026586,-0.0841536698177737,-0.133380114620845,0.055295577754026,0.165424389180235,0.0647589864633401,0.00761593210062604,0.123351328685895,0.0550571407735228,0.00191897126534537,0.000838353579185088,-0.0184093752839032,0.110174935140111,0.0142729139346353,0.131357069236403
"X_Ursinia_anthemoides",0.00273536206778482,-0.00726625682171561,-0.0300541688536347,0.00531364225649303,0.00912748750190341,0.00101658483342303,-0.0106741648759423,0.00826969621777046,-0.0103442179065518,0.0178759040736562,0.00387767001080818,-0.00202483918123007,-0.00192234391791345,-0.00206103387069882,0.0116282944118285,0.00305061005911536,-0.0427811495088401,0.0149351227396139,-0.0171447493070905,0.00780181347690617,-0.00538059948112459,0.00637100638089216,-0.00739075315348019,-0.000784277190517744,-0.00623602055554243,0.0110658042935296,-0.000964759597273169,0.0158872780971069,0.00900573940638939,1,0.012846744994901,0.0063271767885224,-0.0129233144193647,0.0394290913735079,0.0517816842442304,0.0418129116689994,0.0438237612131229,-0.00209139951834204,0.042678772476603,0.00508242276167412,-0.0388375441397888,-0.0103351060211443,-0.0427253817783596,-0.012817458653096,0.0280960231474441,0.0371336240802263,-0.000756089438936185,0.00727780868860934,0.0180975633931932,0.00101705460798236,-0.006259946953765,-0.00746802076020146,0.0289650402063104,-0.00375135544770352,0.00795363771693287
"X_Vulpia_bromoides",0.00594425352027995,-0.0200892053079483,-0.0975695455305423,0.024816421899865,0.0378757476317575,0.00845789721943556,-0.036345535411764,0.0296070164402826,-0.0455979718235746,0.0701857643871071,0.0143214312052249,-0.00281752822019723,-0.00509330922174048,-0.0162503948164429,0.0456329717948322,0.0104442374685191,-0.151145272210618,0.052901054422347,-0.0532476012859279,0.0339942463817862,-0.0182651469263852,0.0378023617453744,-0.0259210001959876,0.00765966701899537,-0.0239301555725348,0.0384827476605392,-0.0244867978232621,0.0638802983322931,0.0337686652381384,0.012846744994901,1,0.0281646475045291,-0.0385071514403829,0.152141461623939,0.194314839515873,0.158712014251103,0.157466879735371,-0.00476250384316545,0.159594637312997,0.0233013441984539,-0.13481265912187,-0.0321402365588472,-0.145789018304114,-0.030225224654881,0.116206523226261,0.137607974649717,0.00121165160425844,0.042660105537899,0.0624530954575674,0.00162921133928707,-0.0224786132569663,-0.0250416063152481,0.119926711986797,-0.00401909779492306,0.0452196052706535
"Acacia_cyclops",0.00951840377359851,0.00205445324250213,-0.00847002192604812,0.0389692687774511,0.0468417939877724,0.0299794709930283,-0.028660490933688,-1.78253293224191e-05,-0.106852216612658,0.0388805010471859,-0.0202293173019835,-0.0255668739104629,0.00858987993207882,-0.0104002448928844,0.0219481780255477,0.0173592056783408,-0.106022599229556,0.0082632429826953,0.00583817211262707,0.0406149476751997,0.00833061732391831,0.118043220554525,-0.00758764208992602,0.0334652374235835,-0.0273830015200612,-0.0363339835792691,-0.0794199606573442,0.0231390048998884,0.0326507077176762,0.0063271767885224,0.0281646475045291,1,0.00891575429145023,0.143481403070769,0.125040701133552,0.155399523846851,0.113916961861045,0.034529891882096,0.153407456416998,0.0377174296675075,-0.0932386155909013,-0.0841729523669472,-0.11417639267308,0.0681466979922325,0.156495288967872,0.0381950963236699,0.00930337581091642,0.126266708365793,0.0505889354137094,0.0044492554114089,0.00600302484406648,-0.0134427375058031,0.0943019285734033,0.0129678043910782,0.134605539771946
"Acacia_saligna",0.0115124931324,0.0546629576747735,0.226132830997868,0.0366596584304976,0.031335855901433,0.0602175498180294,0.0160526904377714,-0.0680938684634958,-0.141860716876027,-0.0665288527760495,-0.0769088714360955,-0.0496486133975578,0.0306093059958763,0.0161425517502741,-0.0450517769824092,0.0209666714076748,0.0958838247243844,-0.0976054485191214,0.1314024812187,0.0175285847166009,0.0590781574711938,0.190013637166388,0.039827146269421,0.0610636511251135,-0.0107687258253334,-0.170535495756761,-0.137092299250761,-0.0806593503320612,0.00257331104388019,-0.0129233144193647,-0.0385071514403829,0.00891575429145023,1,-0.0158971982425014,-0.146207042294967,0.000164189397511864,-0.0875305022369155,0.0920434852572507,-0.00305727944750864,0.0367902071027525,0.0877297908664465,-0.124372486867471,0.0718060892541532,0.229023860718582,0.105621242257695,-0.219306465924602,0.0173369803410626,0.205206658725591,-0.0296956010155477,0.00743247454969042,0.0661767729418352,0.0229447787516874,-0.0457392811571964,0.0521628533307298,0.216914433571682
"Banksia_littoralis",0.0419106956417943,-0.0165334520731548,-0.160297590237713,0.1663154551625,0.219928834667079,0.116327059078076,-0.151553543775571,0.0363276067810526,-0.451227600588217,0.225529615700557,-0.0556748743045258,-0.0997262237665001,0.0245980310071401,-0.0617404705271489,0.137276504085578,0.0775654733534095,-0.590127167078481,0.0944425207865386,-0.0549355694347932,0.188042375427177,0.000952519055531905,0.468815825112455,-0.0635984784766415,0.127533865844394,-0.133891645171194,-0.091398824474802,-0.318121503245008,0.16374634529296,0.16077058607369,0.0394290913735079,0.152141461623939,0.143481403070769,-0.0158971982425014,1,0.715221642440755,0.783489282208487,0.628392868245536,0.119850268676372,0.783741088640596,0.165044529094506,-0.527261298253861,-0.34575005021935,-0.615240771801884,0.207844998984079,0.716145532287463,0.327496547549427,0.0303953237662693,0.514308376280172,0.275755232163023,0.0133221119851207,-0.00968219003695178,-0.0860664521060877,0.493715470786104,0.0382631201845137,0.545060170388003
"Baumea_articulata",0.023655346290333,-0.0864683990096382,-0.423270257129808,0.112875917132484,0.173007134825154,0.035720478580597,-0.164697632405417,0.12106529908397,-0.248076542998423,0.302036337476948,0.0463385468510029,-0.0276000378828676,-0.015561268570549,-0.0769542002864992,0.187091328820597,0.0494057692949166,-0.681729066075826,0.211672522728041,-0.212297146564028,0.159932160982063,-0.0732827599874908,0.202842410397332,-0.114420848097037,0.0499737996998205,-0.112698718402003,0.132856758040849,-0.133679410726844,0.263657687521672,0.154539277812444,0.0517816842442304,0.194314839515873,0.125040701133552,-0.146207042294967,0.715221642440755,1,0.740967360576954,0.706627048554214,-0.00606719882558409,0.744387690207166,0.11350507536691,-0.610461689746288,-0.172201157698915,-0.670453359765184,-0.0922068070597236,0.551197072407635,0.592817661679672,0.0086321366668942,0.231259519881,0.292528305193049,0.00367975749040484,-0.0928819767563807,-0.110448706728331,0.530455614574529,-0.0229697981629136,0.246380408108362
"Baumea_juncea",0.0467108293877247,-0.00949485889306857,-0.137424875908291,0.184394397797884,0.23993562924564,0.1347786756338,-0.160089584409216,0.0309006054288698,-0.501792678642003,0.232916957048624,-0.0744342412481774,-0.112603139236183,0.0300317920841974,-0.0615281657283303,0.139001006204133,0.0867575481891641,-0.614996943905309,0.0856122423462175,-0.0396451930311368,0.20382745689327,0.0105847272165104,0.528158834749854,-0.0631384163666794,0.144833091485324,-0.143549415708887,-0.121509679273722,-0.362625432516898,0.163314252696215,0.171441412783516,0.0418129116689994,0.158712014251103,0.155399523846851,0.000164189397511864,0.783489282208487,0.740967360576954,1,0.658620166878128,0.142324284339479,0.835288301954804,0.182128341963522,-0.551052965102828,-0.389134651374716,-0.645925967477548,0.257392398495102,0.782187554329811,0.315744040507225,0.0368108957436131,0.579247152724525,0.289544983433804,0.0149874767901543,-0.000641861074700738,-0.0869933221265648,0.521745196222596,0.0461662831940762,0.615316053721751
