"","X_Avena_barbata","X_Avena_fatua","X_Briza_maxima","X_Bromus_diandrus","X_Carpobrotus_edulis","X_Centaurium_sp_","X_Cirsium_vulgare","X_Conyza_albida","X_Conyza_bonariensis","X_Conyza_sumatrensis","X_Ehrharta_calycina","X_Ehrharta_longiflora","X_Erodium_sp_","X_Euphorbia_peplus","X_Fumaria_capreolata","X_Galium_murale","X_Geranium_molle","X_Hypochaeris_glabra","X_Lysimachia_arvensis","X_Pelargonium_capitatum","X_Poa_annua","X_Rumex_crispus","X_Senecio_vulgare","X_Solanum_nigrum","X_Sonchus_asper","X_Sonchus_oleraceus","X_Trifolium_sp_","X_Vulpia_bromoides","Acacia_cyclops","Acacia_saligna","Banksia_littoralis","Baumea_articulata","Baumea_juncea","Baumea_vaginalis","Cassytha_sp_","Centella_cordifolia","Daucus_glochidiatus","Eucalyptus_gomphocephala","Eucalyptus_sp_","Juncus_pallidus","Lepidosperma_gladiatum","Lepidosperma_longitudinale","Melaleuca_rhaphiophylla","Myoporum_caprarioides","Opercularia_hispida","Patersonia_occidentalis","Podotheca_sp_","Rhagodia_baccata","Scaevola_sp_","Spyridium_globulosum","Trachymene_pilosa","Xanthorrhoea_preissii"
"X_Avena_barbata",1,-0.00150920387511997,-0.000436655168920672,-0.00871263999746918,-0.0112657219707662,-0.00726256413163962,-0.00388385212391773,-0.0137236402490864,-0.00517817612846992,-0.00470019736111911,-0.00114350367005533,-0.00702921873546745,-0.00583955516688677,-0.00108711141894174,-0.000604158117978707,-0.0054418322738549,-0.00586064250654453,-0.00166275296970398,-0.00964707279169258,-0.00600694740606881,-0.000719451392840716,-0.000912499242433912,-0.00276147502983016,-0.016487773295338,-3.63994108000112e-05,-0.0135066978699196,-0.007469467388449,-0.00293408475877579,-0.00209493996270814,-0.0027026743996159,-0.00224993509649581,-0.00219744332684776,-0.00163877114306744,-0.00204651449355138,-0.00226429405932684,-0.00128786043443064,-0.00563834058677043,-0.000775815127644868,-0.00730660314884962,-0.00418849429904254,-0.000561641116444354,-0.00721647679732388,-0.00818161860501573,-0.00854469418324786,0.000112276689771186,-0.003228444833443,-0.00201500565284527,-0.00855501221190468,-0.00308790349904395,-0.00964000221289965,-0.00331195839778983,-0.000210474580257766
"X_Avena_fatua",-0.00150920387511997,1,-0.00951158597380151,-0.00713603734336634,-0.0370843789101786,-0.0166062041343194,-0.0348593023708128,-0.00634463298299583,-0.0159299555028987,-0.0156180179296388,-0.0133091978126993,-0.0710302287725744,-0.0034578749169746,-0.0054342955999197,-0.0129924061736838,-0.0128558247920745,-0.039429564661081,-0.0109318983058222,-0.00439038672855134,0.00837691566131767,-0.0104475373550914,0.0151382549848441,-0.0191646553500518,-0.122060011531049,-0.0173312681355666,-0.0417172379772715,-0.0102061076144693,-0.0190140179780365,-0.00254814093140652,-0.0521254575472674,0.00343977561558046,0.0018583084448146,0.00061443965981606,-0.0046070149010357,0.0122944352486389,0.0047694317417783,-0.0273759811229023,-0.0562613812118432,-0.0948241225745246,-0.0239436291974278,-0.00565705608810911,0.000900708826675499,0.0013173638909421,-0.029605595315747,0.00299213647344125,0.00291492216318113,-0.00879714848549891,-0.0209496573511358,-0.0102650448857996,0.00396742347772784,-0.0227779815381289,-0.00315199220783029
"X_Briza_maxima",-0.000436655168920672,-0.00951158597380151,1,-0.00907635841506631,-0.0233074690685644,-0.0141753399476737,-0.0238134158149011,-0.0185742926258635,-0.00843147677083545,-0.0134916970567844,-0.0060974651635562,-0.0164998262792223,-0.0102718692277734,-0.00399309763555698,-0.0091053882254566,-0.0106957338211188,-0.0145845438179357,-0.0044670341004275,-0.0169521147604039,-0.0208220186044981,-0.00483900946371117,-0.00803767299215711,-0.0152449945758522,-0.041870463540208,-0.0115967379065756,-0.0268222356859296,-0.013308972585895,-0.00566882225695187,-0.00597341829093486,-0.00667399050680282,-0.0132864155620946,-0.0176373210112142,-0.00527771429905927,-0.00277747155695275,-0.0157826284928824,-0.00327007971111579,-0.011044074891659,-0.0381066994430147,-0.0723688970617878,-0.0199513104737454,-0.00508309792330024,-0.0119865410976618,-0.0131935512987311,-0.0165116396353759,0.000541962892402492,-0.00957422220926452,-0.0113677887058155,-0.0144808726373075,-0.0110132341632398,-0.0222828177803345,-0.00982070554602544,-0.00261503501894242
"X_Bromus_diandrus",-0.00871263999746918,-0.00713603734336634,-0.00907635841506631,1,-0.00919216366520094,-0.00878361325568208,-0.0287635928571868,-0.0053075077472792,-0.011687739123759,-0.0226204021745055,-0.0125903013424744,-0.025441362105644,-0.00265379171950874,-0.0277541759779572,-0.00208392212619591,-0.000807154269188609,-0.0189609246162858,-0.0326138518848163,-0.00685273159148293,-0.0123845176387246,-0.00896346484971769,-0.0235735208763446,-0.0267669446651425,-0.0538127402365674,-0.0284665267256533,-0.00562090249122425,-0.0202982694184993,-0.00316505087693667,-0.0076091849861145,-0.0137758508660949,-0.0401356779818762,-0.0073563426351014,-0.0138218267804928,-0.00890459318524962,-0.0339163538967699,-0.0160717762724569,-0.0323496188219973,-0.0651275588959417,-0.0177219537766976,-0.0298551459598964,-0.0124088618638892,-0.0113998736635947,-0.00925250685301824,-0.000498853778812614,-0.0217981505002277,-0.00619645474357695,-0.00923028823589689,-0.0210966663850153,-0.00157618864183468,-0.0118409836797309,-0.0214539867929013,-0.0677042612726789
"X_Carpobrotus_edulis",-0.0112657219707662,-0.0370843789101786,-0.0233074690685644,-0.00919216366520094,1,-0.0248323675040692,-0.0367574750445449,-0.041630563561536,-0.013936981505706,-0.0141383453176488,-0.000848074088111751,-0.00300234889233119,-0.0282450759327833,-0.027861932319823,0.000826810099785001,-0.0126149517314487,0.00512625043612467,-0.0195243330108244,-0.063165046873509,-0.0567299600058781,-0.0129642822094622,-0.0913157817172126,-0.00231722512091201,-0.00279843416268198,-0.0115183928021525,-0.0465193407010857,-0.0220111684673017,-0.0293694016468083,-0.0235574929691565,-0.0107263902323047,-0.0604668619957512,-0.0699205643822163,-0.0688883166127145,-0.0643617010465748,-0.0582485188447725,-0.0650417527641676,-0.0342347961596351,-0.0303070490664716,-0.00711801365494987,-0.00547388644480338,-0.0276231302133644,-0.0902891830919757,-0.0575783277322813,-0.00256396889718737,-0.0419508433774615,-0.0182499208599454,-0.046146937932681,-0.0854855485483056,0.00116194857588106,-0.101348764910831,-0.0431076584987201,-0.0389163432982397
"X_Centaurium_sp_",-0.00726256413163962,-0.0166062041343194,-0.0141753399476737,-0.00878361325568208,-0.0248323675040692,1,-0.0218955972998993,-0.0075503504682825,-0.002010805789353,-0.025766009069462,-0.0141690778258524,-0.00810964322919647,0.000369156578253996,-0.0294204062586799,-0.00844140290402755,-0.0105009581418785,-0.04210749567401,-0.0292441593725262,-0.0160006119861377,-0.0605861318942171,-0.0376591921088761,-0.11620208541895,-0.00292478820644975,-0.00799785624351397,-0.0119701230978097,-0.00773915289714319,-0.0148619027121793,-0.0131033186698417,-0.013277522656483,-0.0146695539759373,-0.0377085010106004,-0.0378321510018645,-0.0522139224903636,-0.0406545398788444,-0.0320509519011787,-0.0413573314089142,-0.0505527780940916,-0.0517876863754148,-0.0370090277610601,-0.0339901456051468,-0.0110411168427847,-0.0398353520721371,-0.0369216394156486,-0.012561364074392,-0.039944893657066,-0.00848828059924605,-0.0213289405836284,0.00383588305397107,-0.00460906806797605,-0.0599655360453818,-0.0157663280060532,-0.0889286736007608
"X_Cirsium_vulgare",-0.00388385212391773,-0.0348593023708128,-0.0238134158149011,-0.0287635928571868,-0.0367574750445449,-0.0218955972998993,1,-0.0345061448451377,-0.0112403924244356,-0.0219522017512729,-0.00766186611982308,-0.0178896296380628,-0.0303529593108972,-0.0347950720728814,-0.00133951734285156,-0.0215284843308629,-0.0218610076400819,-0.0414839870771574,-0.0807196590176929,-0.0686794170286919,-0.0214285952682808,-0.0611541582393221,-0.0148282225134681,-0.0207379916525455,-0.00423793095534069,-0.00140286253102146,-0.0458362756966853,-0.0307415796016793,-0.0300068015409396,5.32834106193401e-05,-0.0597261925824888,-0.0884170692348191,-0.0809288959771503,-0.0691711228809113,-0.0699488083817836,-0.0956063858046851,-0.0571984615667002,-0.0112664673015938,-0.00249716672297117,0.000535641975063621,-0.0154953228587731,-0.142642909639176,-0.0944534953438661,-0.0138679945340215,-0.079116254530817,-0.014082275737602,-0.00497831423351947,-0.0173608146317887,-0.00977010201242149,-0.101515714776398,-0.0446489351956236,-0.118758057776905
"X_Conyza_albida",-0.0137236402490864,-0.00634463298299583,-0.0185742926258635,-0.0053075077472792,-0.041630563561536,-0.0075503504682825,-0.0345061448451377,1,-0.00252050938765373,-0.0188656112539851,-0.0295833756334468,-0.00757808142533294,-0.00727608946208167,-0.0257072889980964,-0.0136692365695398,0.00203201699257682,-0.092996675950857,-0.0777137895037531,-0.000543835178840706,-0.0290354823312489,-0.0785039709742856,-0.0798620042908269,-0.00406251504622685,-0.0107940033411552,-0.0330033418934857,-0.00107761105983466,-0.0146919236967932,-0.00899087150617208,-0.00638125310134063,-0.011662077577878,-0.0434712911698413,-0.00583626185481439,-0.0468022537366406,-0.0370801637629277,-0.0699793801479609,-0.035832154881717,-0.144207162199845,-0.0823137226518913,-0.0567455589454366,-0.028789096067143,-0.0174292936793566,-0.0139891918166298,-0.0152269823240512,0.0012479646996804,-0.0578310217537315,-0.0142376140322713,-0.0134201728906714,-0.0459307491567633,-0.00134902903614457,-0.0243352047847004,-0.0242995830376594,-0.195184780637808
"X_Conyza_bonariensis",-0.00517817612846992,-0.0159299555028987,-0.00843147677083545,-0.011687739123759,-0.013936981505706,-0.002010805789353,-0.0112403924244356,-0.00252050938765373,1,-0.0134561997887196,-0.00929523567136901,0.00156390282182633,0.000350741079424772,-0.0195234920179231,7.89448936930356e-05,-0.0010089187326681,-0.013207789170317,-0.0224497396743048,-0.0112254179132543,-0.0660897624036504,-0.0162497355295183,-0.0824086489900172,0.000214285310986587,0.00386964639307052,-0.00355631734922866,0.00145526853054914,-0.00888553929794844,-0.0165408964099547,-0.00173769497768318,-0.0135697127172115,-0.0460961062177379,-0.00979182752408039,-0.00789675542086266,-0.00747459364298177,-0.0540124798110446,-0.0188938401078044,-0.0212185580187855,-0.0242712435826072,-0.00905140933328748,-0.0185023717520716,-0.00619763652455123,-0.0301591512182896,-0.0102945361840133,0.00145984819821815,-0.0211784797710999,-0.00392099054246938,-0.0137092286280546,-0.00309809710099383,-0.00131150685122185,-0.0298849721575817,-0.00844414318887644,-0.0471149940258598
"X_Conyza_sumatrensis",-0.00470019736111911,-0.0156180179296388,-0.0134916970567844,-0.0226204021745055,-0.0141383453176488,-0.025766009069462,-0.0219522017512729,-0.0188656112539851,-0.0134561997887196,1,-0.0143391499693651,-0.00149689117931417,-0.021558238105043,-0.0185931296984021,-0.00235083813566609,-0.0114162335902901,-0.0143870599426038,-0.0188323415864833,-0.0212372247609278,-0.0652452492806907,-0.0123576296202752,-0.0496506949204226,-0.0125127257607605,-0.00349611875964894,-0.00598168278615615,-0.0019995672214937,-0.0167545429413809,-0.0154130126745547,-0.0203938217156241,-0.0221201189583993,-0.0552026046002456,-0.0310268113888064,-0.0405234378636431,-0.0294720753257352,-0.0513452325913239,-0.0509504988361059,-0.0406390594276023,-0.0736362365436953,-0.00800927301645902,-0.00423873711126962,-0.0059302906866919,-0.0711474106287395,-0.0154041769633124,-0.0192692229824994,-0.0563276193487008,-0.015764616408838,-0.00753548842825255,-0.00854620631434846,-0.00275307639186721,-0.0536024565515694,-0.0244117708667257,-0.12392704079219
"X_Ehrharta_calycina",-0.00114350367005533,-0.0133091978126993,-0.0060974651635562,-0.0125903013424744,-0.000848074088111751,-0.0141690778258524,-0.00766186611982308,-0.0295833756334468,-0.00929523567136901,-0.0143391499693651,1,-0.0188401692396934,-0.0161973107739478,-0.0057649307505062,-0.00482810173682841,-0.0116474479520511,-0.000851446302372533,-0.0109018215285905,-0.0289576014635758,-0.035278973039575,-0.00672117814582368,-0.0121579003905528,-0.00981233027934821,-0.0296577919565324,-0.00196327334986299,-0.0227974607367306,-0.0191391716270053,-0.0124345257302074,-0.0117121277111469,-0.00263984852497553,-0.024394407330915,-0.0281613687145688,-0.0219789243860039,-0.026849863312651,-0.0292781737901661,-0.0307374294636006,-0.0207572514774167,-0.00339303227202368,-0.0206540656584074,-0.00603875507132683,-0.0059234801122848,-0.0416887008242876,-0.0254991590608779,-0.0125522908854124,-0.0166135022071808,-0.0140545582102641,-0.0131541060376629,-0.0134357239623941,-0.00535952337904166,-0.0452438301890242,-0.0199680022021433,-0.00996999750589336
"X_Ehrharta_longiflora",-0.00702921873546745,-0.0710302287725744,-0.0164998262792223,-0.025441362105644,-0.0030023488923312,-0.00810964322919647,-0.0178896296380628,-0.00757808142533293,0.00156390282182633,-0.00149689117931417,-0.0188401692396934,1,-0.0279958392334378,-0.0691129491201617,0.00143956003832008,-0.00246613591473918,-0.0237721233759656,-0.0826945832827136,-0.0383095050607563,-0.162695926627894,-0.0338689849476469,-0.147392855422144,-0.00532916721519035,0.0866157013149908,-0.00762889088559369,-0.00674042519809925,-0.0188381216132308,-0.057174247338558,-0.0272656600005799,0.00327985727202251,-0.124188049889392,-0.029591366593285,-0.099764475252826,-0.0514305706082162,-0.141443275613134,-0.0697794902774221,-0.0696071425147314,-0.0264383292013111,-0.00364394491647704,-0.0205930346663047,-0.0105537888993454,-0.0906195916228379,-0.0339213248877521,0.0144821279229178,-0.0701875178843265,-0.0203525398994962,-0.0248575874910706,0.0062429849905398,0.00374993753284946,-0.115302274112425,-0.00740236948945732,-0.107915301858807
"X_Erodium_sp_",-0.00583955516688677,-0.0034578749169746,-0.0102718692277734,-0.00265379171950874,-0.0282450759327833,0.000369156578253996,-0.0303529593108972,-0.00727608946208167,0.000350741079424772,-0.021558238105043,-0.0161973107739478,-0.0279958392334378,1,-0.0254514753318312,-0.0106089357516208,-0.00565519420733376,-0.0286376354129166,-0.0328341787967672,-0.0137065444075566,-0.0220550563009382,-0.0188411154873961,-0.0312737655712143,-0.0072816337208534,-0.0388152968215889,-0.0143813909942177,-0.0137679119518486,-0.00952355673246363,-0.00493972711905773,-0.00440380532063048,-0.0219722676587448,-0.0233139212669934,-0.000222587265930727,-0.00177862832854922,-0.00316328660191461,-0.0134263727599149,-0.00839035270170588,-0.0244555190556462,-0.0545542600680943,-0.0671598142990982,-0.0303329731938689,-0.00694072569266371,-0.00190155910120874,-6.90298783873848e-05,-0.00748378820591203,-0.0144770029964027,-0.00390307952784233,-0.00890216816540574,-0.00376679605029367,-0.00621512640940671,-0.00202249855484802,-0.0181802595264887,-0.0437192107356111
"X_Euphorbia_peplus",-0.00108711141894174,-0.0054342955999197,-0.00399309763555698,-0.0277541759779572,-0.027861932319823,-0.0294204062586799,-0.0347950720728814,-0.0257072889980964,-0.0195234920179231,-0.0185931296984021,-0.0057649307505062,-0.0691129491201617,-0.0254514753318312,1,-0.0172051674556415,-0.0123501411533866,-0.031607365861319,-0.011988412955822,-0.0261469537370784,-0.0325339952335715,-0.00623663157254855,-0.0392509039077935,-0.0217890211262416,-0.111541967836082,-0.0110844086821794,-0.0514758442781404,-0.0208980763730966,-0.0160864682241669,-0.00537985660677895,-0.0401011176454567,-0.0139825675166267,-0.0176903538616985,-0.0120613241378692,-0.00666145587715255,-0.020142217237665,-0.00465612960117617,-0.0225427685944961,-0.0359846421696231,-0.0761447490692164,-0.0225950302096654,-0.000351576765017612,-0.0256767302535678,-0.010659801575694,-0.0355641265532547,-0.00611089748648074,-0.0150919248322779,-0.0139995487751639,-0.0218973924837334,-0.0136597305533301,-0.0446036137386443,-0.0295423291017727,-0.00139239781139517
"X_Fumaria_capreolata",-0.000604158117978707,-0.0129924061736838,-0.0091053882254566,-0.00208392212619591,0.000826810099785001,-0.00844140290402755,-0.00133951734285156,-0.0136692365695398,7.89448936930356e-05,-0.00235083813566609,-0.00482810173682841,0.00143956003832008,-0.0106089357516208,-0.0172051674556415,1,-0.00309797342169682,0.00134953833653335,-0.0207593541386764,-0.0284107294364472,-0.023461879810774,-0.00572029656695096,-0.0326005600536935,-9.18258334487176e-05,0.00669808276566585,-0.00148587786090393,-0.0180546590180923,-0.00316448171687193,-0.0144396962712482,-0.00865635110966138,0.00163935209363537,-0.0264088911979742,-0.0338306047939448,-0.0283515840162966,-0.034817258387582,-0.0248139713375714,-0.0287745091393181,-0.0172439682583371,-0.00678156375006174,-7.57853504466995e-05,-0.00111056369071064,-0.00304882728899191,-0.0493787448835843,-0.0216627478018038,-3.97435318714493e-05,-0.0189792358661158,-0.00925526059941459,-0.00510077245991284,-0.00148684125726417,0.000272730565666312,-0.0450381268517351,-0.0227720741566922,-0.0202958897096102
"X_Galium_murale",-0.0054418322738549,-0.0128558247920745,-0.0106957338211188,-0.000807154269188609,-0.0126149517314487,-0.0105009581418785,-0.0215284843308629,0.00203201699257682,-0.0010089187326681,-0.0114162335902901,-0.0116474479520511,-0.00246613591473918,-0.00565519420733376,-0.0123501411533866,-0.00309797342169682,1,-0.016978966929805,-0.0177416132999854,-0.00102771536305936,-0.0339938872571052,-0.0100012719940051,-0.0675247802860141,-0.0371021784831479,-0.011416415212349,-0.0298929006672812,-0.000689025453913766,-0.0199121742349837,-0.00684948977139823,-0.00386797367618345,-0.0101734900870625,-0.0317088869369355,-0.00545426177694484,-0.00711372123322192,-0.00517485352269365,-0.0333060426598329,-0.0125720275654784,-0.0237456996294636,-0.0335384132852825,-0.0371623260247264,-0.0191234158371855,-0.0116183189951471,0.00395834151548969,-0.00856714314039881,-0.00232801522503877,-0.0200392087064493,-0.00194855781276192,-0.0175073240793311,-0.0209996792476747,-0.00152344578810888,-0.00759471722867016,-0.0103094381411891,-0.0202022972890761
"X_Geranium_molle",-0.00586064250654453,-0.039429564661081,-0.0145845438179357,-0.0189609246162858,0.00512625043612467,-0.04210749567401,-0.0218610076400819,-0.092996675950857,-0.013207789170317,-0.0143870599426038,-0.000851446302372533,-0.0237721233759656,-0.0286376354129166,-0.031607365861319,0.00134953833653335,-0.016978966929805,1,-0.0330854077070495,-0.106673897323143,-0.0573033973191871,-0.00833200107630627,-0.0727001677007953,-0.00600295217182595,-0.0484786674728453,-0.00632195834725322,-0.0850941646014031,-0.043091119352338,-0.0357092358146099,-0.0337761322418329,-0.00289523556219388,-0.0535961514322464,-0.0789474831390539,-0.0637217634452191,-0.070732677285274,-0.0520780222870952,-0.0899357976043422,-0.0491809734526498,-0.0138166915166259,-0.00438605165963443,-0.00216204861836531,-0.0136380956614901,-0.112859643453399,-0.0981712623831346,-0.0165347050893647,-0.0557976860704905,-0.0215597241616288,-0.0250037740951116,-0.0390214575835854,-0.00804284852450332,-0.150249430375218,-0.045030055955461,-0.0287213154540552
"X_Hypochaeris_glabra",-0.00166275296970398,-0.0109318983058222,-0.0044670341004275,-0.0326138518848163,-0.0195243330108244,-0.0292441593725262,-0.0414839870771574,-0.0777137895037531,-0.0224497396743048,-0.0188323415864833,-0.0109018215285905,-0.0826945832827136,-0.0328341787967672,-0.011988412955822,-0.0207593541386764,-0.0177416132999854,-0.0330854077070495,1,-0.0466226729303413,-0.0435522392738405,-0.00454038417085371,-0.0305325332736113,-0.0334737442189826,-0.132137607229582,-0.012238475792669,-0.0692867289075342,-0.0202037832030617,-0.0174118318606818,-0.0145308688630293,-0.0270947563108109,-0.0129978221472717,-0.0329769054890928,-0.0121807544589257,-0.00936389151186251,-0.02397553570615,-0.00856199235780025,-0.0294249380357105,-0.0496730723656525,-0.0953580512306259,-0.0260451082578205,-0.0120860103398593,-0.0314330587394306,-0.0156138113607756,-0.0376614400803275,-0.00568950933442949,-0.0342102362693548,-0.0337021052219531,-0.0395513609044942,-0.0190315111790749,-0.0433677257855083,-0.0449820576700077,-0.00119975423344599
"X_Lysimachia_arvensis",-0.00964707279169258,-0.00439038672855134,-0.0169521147604039,-0.00685273159148293,-0.063165046873509,-0.0160006119861377,-0.0807196590176929,-0.000543835178840706,-0.0112254179132543,-0.0212372247609278,-0.0289576014635758,-0.0383095050607563,-0.0137065444075566,-0.0261469537370784,-0.0284107294364472,-0.00102771536305936,-0.106673897323143,-0.0466226729303413,1,-0.0237607963696945,-0.0511431993414523,-0.0349350376238433,-0.0233312024709191,-0.0611985986591932,-0.0408732306791094,-0.024663517823185,-0.0157325970024902,-0.0147528515863548,-0.00235762831522566,-0.0618157875014443,-0.0255979972651282,-0.00722427547229323,0.0019436190037456,-0.0097351934526728,-0.0219017158976332,0.00100965835661089,-0.115086951763301,-0.142556543477246,-0.21677055944447,-0.0511223304879001,-0.0186683457254261,0.00509832728529977,-0.00148302919295513,-0.00890523529653008,-0.00849787939266253,-0.00130845988054394,-0.0275078103322696,-0.0614005042100515,-0.0110793451250969,-0.00385623535171115,-0.0455580100289251,-0.0571191477689748
"X_Pelargonium_capitatum",-0.00600694740606881,0.00837691566131767,-0.0208220186044982,-0.0123845176387246,-0.0567299600058781,-0.0605861318942171,-0.0686794170286919,-0.0290354823312489,-0.0660897624036504,-0.0652452492806907,-0.0352789730395749,-0.162695926627894,-0.0220550563009382,-0.0325339952335715,-0.023461879810774,-0.0339938872571052,-0.0573033973191871,-0.0435522392738405,-0.0237607963696945,1,-0.00960139112976901,0.0199490130362159,-0.0257638879988257,-0.24240262254199,-0.0224843670929437,-0.0885149488764909,-0.0330221322187902,-0.035646300168145,-0.0175069042898092,-0.0619164640917322,0.000363892047974054,0.00948767768308159,-0.000323892988169156,-0.0169621951255356,0.0224182843818432,0.00743075367116411,-0.0175758864881942,-0.0696722531637995,-0.10996500792095,-0.0552680745018189,-0.00100985737814045,-0.0128095668412083,0.00279345705859881,-0.0646245652043401,0.00923547641685608,-0.00900540374903051,-0.0225754741057042,-0.0748764747477327,-0.0220481691893391,-0.027414546050117,-0.0345195651370205,-0.0153869569432496
"X_Poa_annua",-0.000719451392840716,-0.0104475373550914,-0.00483900946371117,-0.00896346484971769,-0.0129642822094622,-0.0376591921088761,-0.0214285952682808,-0.0785039709742856,-0.0162497355295183,-0.0123576296202752,-0.00672117814582368,-0.0338689849476469,-0.0188411154873961,-0.00623663157254855,-0.00572029656695096,-0.0100012719940051,-0.00833200107630627,-0.00454038417085371,-0.0511431993414523,-0.00960139112976901,1,-0.00594821945916716,-0.00884283873910442,-0.0823183031916696,-0.0066550104848626,-0.0653008836408344,-0.0179997623723699,-0.0244755305928319,-0.0128991994205916,-0.0132175326633586,-0.00473242637999653,-0.0401664949451402,-0.0334942288735215,-0.0355210030120098,-0.0052840804372855,-0.0204010164580198,-0.0145475245313674,-0.0105549705475681,-0.0160795326085102,-0.00727208220404451,-0.0030589322887832,-0.0279096198740894,-0.0593378639772949,-0.0236059477343955,-0.00554754115433681,-0.0145518400119612,-0.00628614051969424,-0.0136759249662421,-0.0134689058481141,-0.102320023772389,-0.025204021613788,-0.00610063171995556
"X_Rumex_crispus",-0.000912499242433912,0.0151382549848441,-0.00803767299215711,-0.0235735208763446,-0.0913157817172126,-0.11620208541895,-0.0611541582393221,-0.0798620042908269,-0.0824086489900172,-0.0496506949204226,-0.0121579003905528,-0.147392855422144,-0.0312737655712143,-0.0392509039077935,-0.0326005600536935,-0.0675247802860141,-0.0727001677007953,-0.0305325332736113,-0.0349350376238433,0.0199490130362159,-0.00594821945916716,1,-0.0695194451449202,-0.191228105953567,-0.0256288290614168,-0.164792935185413,-0.034182486293747,-0.0311519320210312,-0.0360030299685784,-0.0558417859906356,0.0228944187481167,-0.00624389087364309,-0.00140260737229333,-0.0126990952726819,0.0282868755573899,0.0227626596872998,0.00658816321314073,-0.0612811069181694,-0.1244767112354,-0.056601612100689,-0.00887510478736827,-0.0214038231244629,-0.0224309321852544,-0.118030099949959,0.00631621196213807,-0.0145962616149442,-0.0313077747028094,-0.112985482466983,-0.0412841409225136,-0.0605326610068164,-0.0678557687514861,-0.0266731915517785
"X_Senecio_vulgare",-0.00276147502983016,-0.0191646553500518,-0.0152449945758522,-0.0267669446651425,-0.00231722512091201,-0.00292478820644975,-0.0148282225134681,-0.00406251504622685,0.000214285310986587,-0.0125127257607605,-0.00981233027934821,-0.00532916721519035,-0.0072816337208534,-0.0217890211262416,-9.18258334487176e-05,-0.0371021784831479,-0.00600295217182595,-0.0334737442189826,-0.0233312024709191,-0.0257638879988257,-0.00884283873910442,-0.0695194451449202,1,0.0122736869048278,-0.00372346405958978,-0.0252684399110283,-0.0019318789604609,-0.0102097446314664,-0.0206295765929526,-0.0195635194800658,-0.0319169246884789,-0.0434802093578929,-0.0351792890296719,-0.0466784928665262,-0.0372915231980797,-0.0628917369837395,-0.0413258509070071,-0.0152130362001022,-0.028314250083618,-0.0170385431847265,-0.00820670655223197,-0.0892557418160629,-0.0231186846313777,-0.0468081389542277,-0.0456631842484012,-0.0176983148733422,-0.0137753592654782,-0.000705577691427567,-0.00373860167996331,-0.0691536709216966,-0.0344867675677154,-0.0571857251537114
"X_Solanum_nigrum",-0.016487773295338,-0.122060011531049,-0.041870463540208,-0.0538127402365674,-0.00279843416268198,-0.00799785624351397,-0.0207379916525455,-0.0107940033411552,0.00386964639307052,-0.00349611875964894,-0.0296577919565324,0.0866157013149909,-0.0388152968215889,-0.111541967836082,0.00669808276566585,-0.011416415212349,-0.0484786674728453,-0.132137607229582,-0.0611985986591932,-0.24240262254199,-0.0823183031916696,-0.191228105953567,0.0122736869048278,1,-0.0144072407723872,-0.0070466578785264,-0.0362950459091948,-0.085830013814762,-0.0730985993265444,0.00427122118706649,-0.262688119104929,-0.0885363280375491,-0.198735877316347,-0.149489592475527,-0.298013847543752,-0.183850450790341,-0.113721028617624,-0.0553063199881853,-0.0062974257286218,-0.0439363043362565,-0.0305375001068531,-0.245070238198309,-0.0788618543608414,0.00393186807403557,-0.189857754555839,-0.0378867294877791,-0.0298137773558284,0.0244515752464099,0.00564140229396771,-0.178230988189471,-0.0414457820660643,-0.29317574968176
"X_Sonchus_asper",-3.63994108000112e-05,-0.0173312681355666,-0.0115967379065756,-0.0284665267256533,-0.0115183928021525,-0.0119701230978097,-0.00423793095534069,-0.0330033418934857,-0.00355631734922866,-0.00598168278615615,-0.00196327334986299,-0.00762889088559369,-0.0143813909942177,-0.0110844086821794,-0.00148587786090393,-0.0298929006672812,-0.00632195834725322,-0.012238475792669,-0.0408732306791094,-0.0224843670929437,-0.0066550104848626,-0.0256288290614168,-0.00372346405958977,-0.0144072407723872,1,-0.0357556380226309,-0.0168355752551734,-0.0179094639742166,-0.00774190871879273,-0.0123374174743717,-0.0355246062765817,-0.0436370737307239,-0.0323487965165138,-0.0436665950240651,-0.0335943400167536,-0.0353277490962719,-0.0284305896381922,-0.002563653059489,-0.019719799468678,-0.00408253452614536,-0.00404313043109317,-0.0636636770667608,-0.0312981407857834,-0.0361053255958855,-0.0213612297434213,-0.0227322270721885,-0.00437947496275855,-0.00503783375276133,-0.00351741196436609,-0.0645775524268502,-0.0341662725897468,-0.0147169755693154
"X_Sonchus_oleraceus",-0.0135066978699196,-0.0417172379772715,-0.0268222356859296,-0.00562090249122425,-0.0465193407010857,-0.00773915289714319,-0.00140286253102146,-0.00107761105983466,0.00145526853054914,-0.0019995672214937,-0.0227974607367306,-0.00674042519809925,-0.0137679119518486,-0.0514758442781404,-0.0180546590180923,-0.000689025453913766,-0.0850941646014031,-0.0692867289075342,-0.024663517823185,-0.0885149488764908,-0.0653008836408344,-0.164792935185413,-0.0252684399110283,-0.0070466578785264,-0.0357556380226309,1,-0.0101485830467213,-0.0285346658775141,-0.0398947060536784,-0.0400011554137331,-0.109760522709757,-0.0289383670487989,-0.105836299628254,-0.063026834127279,-0.124917805745633,-0.0926227398810401,-0.153395121128791,-0.0982190231363014,-0.0963600241373647,-0.0223677997827707,-0.0108376029103329,-0.117165855260094,-0.0195379324758216,0.00473759676113353,-0.10861461627449,-0.018781464326517,-0.020432089226212,-0.0325938363021658,-0.000479156408136691,-0.0569928762332269,-0.0141029506488228,-0.218506106426167
"X_Trifolium_sp_",-0.007469467388449,-0.0102061076144693,-0.013308972585895,-0.0202982694184993,-0.0220111684673017,-0.0148619027121793,-0.0458362756966853,-0.0146919236967932,-0.00888553929794844,-0.0167545429413809,-0.0191391716270053,-0.0188381216132308,-0.00952355673246363,-0.0208980763730966,-0.00316448171687193,-0.0199121742349837,-0.043091119352338,-0.0202037832030617,-0.0157325970024902,-0.0330221322187902,-0.0179997623723699,-0.034182486293747,-0.0019318789604609,-0.0362950459091948,-0.0168355752551734,-0.0101485830467213,1,-0.00808197300980473,-0.0121704220812173,-0.0046016391918503,-0.0587893041628268,-0.0113715946718869,-0.0339815331732641,-0.0271397544459528,-0.0351146758640256,-0.0266628254784729,-0.0812954583205762,-0.106952266381945,-0.0270352216014241,-0.0208349405656972,-0.00575169496663577,-0.042952936644246,-0.0151277394654509,-0.0227103040707257,-0.0325032724478094,-0.0166695728981304,-0.00533108390653958,-0.00932431799633015,-0.00561646867959847,-0.0454339009860427,-0.0372228282372009,-0.126838823577628
"X_Vulpia_bromoides",-0.00293408475877579,-0.0190140179780365,-0.00566882225695187,-0.00316505087693667,-0.0293694016468083,-0.0131033186698417,-0.0307415796016793,-0.00899087150617208,-0.0165408964099547,-0.0154130126745547,-0.0124345257302074,-0.057174247338558,-0.00493972711905773,-0.0160864682241669,-0.0144396962712482,-0.00684948977139823,-0.0357092358146099,-0.0174118318606818,-0.0147528515863548,-0.035646300168145,-0.0244755305928319,-0.0311519320210312,-0.0102097446314664,-0.085830013814762,-0.0179094639742166,-0.0285346658775141,-0.00808197300980473,1,-0.00615945181387774,-0.0291797517094316,-0.0601631112521805,-0.0057839869341789,-0.0173808689617798,-0.00840326917618933,-0.0664896195785327,-0.0204335641793313,-0.021292418156608,-0.0409020743024917,-0.090844840160752,-0.0223020736853772,-0.00412070578425511,-0.00229531441722131,-0.00597539204126095,-0.0134535275363143,-0.0182833056327959,-0.00360094815886405,-0.00273608600422088,-0.023087825642507,-0.00798199195750884,-0.00989581031231634,-0.0161823133333172,-0.00545763954709198
"Acacia_cyclops",-0.00209493996270814,-0.00254814093140652,-0.00597341829093486,-0.0076091849861145,-0.0235574929691565,-0.013277522656483,-0.0300068015409396,-0.00638125310134063,-0.00173769497768318,-0.0203938217156241,-0.0117121277111469,-0.0272656600005799,-0.00440380532063048,-0.00537985660677895,-0.00865635110966138,-0.00386797367618345,-0.0337761322418329,-0.0145308688630293,-0.00235762831522566,-0.0175069042898092,-0.0128991994205916,-0.0360030299685784,-0.0206295765929526,-0.0730985993265444,-0.00774190871879273,-0.0398947060536784,-0.0121704220812173,-0.00615945181387774,1,-0.0202147914581671,-0.00814301776538324,-0.00651771672177427,-0.00136960345203636,-0.00312135685436359,-0.0105438683054279,-0.00336119713509475,-0.0242424535017427,-0.0475652072626934,-0.092422441203018,-0.0259457923914959,-0.008121856981271,-0.00268609385300739,-0.00386278875184234,-0.029805672473709,-0.00591821139934463,-0.000268607166520136,-0.0138149585745069,-0.0282678296019227,-0.0109314163436834,-0.00434954272436344,-0.00770957422487043,-0.0144429179400428
"Acacia_saligna",-0.0027026743996159,-0.0521254575472674,-0.00667399050680282,-0.0137758508660949,-0.0107263902323047,-0.0146695539759373,5.32834106193401e-05,-0.011662077577878,-0.0135697127172115,-0.0221201189583993,-0.00263984852497553,0.00327985727202251,-0.0219722676587448,-0.0401011176454567,0.00163935209363537,-0.0101734900870625,-0.00289523556219388,-0.0270947563108109,-0.0618157875014443,-0.0619164640917322,-0.0132175326633586,-0.0558417859906356,-0.0195635194800658,0.0042712211870665,-0.0123374174743717,-0.0400011554137331,-0.0046016391918503,-0.0291797517094316,-0.0202147914581671,1,-0.0696952019053653,-0.095850910051832,-0.0770451170209584,-0.0588234912237501,-0.0638142144163117,-0.0635453910065234,-0.058201972223573,0.00405448458628338,-0.000793971365736395,-0.00374790791546104,-0.00829732842948011,-0.0872469276103215,-0.0822669405449806,-0.0051529520158479,-0.052901256673008,-0.0119950247732459,-0.0121798585242625,-0.00648866678640931,-0.00160387009379547,-0.127747717980563,-0.0128674811097417,-0.0577777875685653
"Banksia_littoralis",-0.00224993509649581,0.00343977561558046,-0.0132864155620946,-0.0401356779818762,-0.0604668619957512,-0.0377085010106004,-0.0597261925824888,-0.0434712911698413,-0.0460961062177379,-0.0552026046002456,-0.024394407330915,-0.124188049889392,-0.0233139212669934,-0.0139825675166267,-0.0264088911979742,-0.0317088869369355,-0.0535961514322464,-0.0129978221472717,-0.0255979972651282,0.000363892047974054,-0.00473242637999653,0.0228944187481167,-0.0319169246884789,-0.262688119104929,-0.0355246062765816,-0.109760522709757,-0.0587893041628268,-0.0601631112521805,-0.00814301776538324,-0.0696952019053653,1,-0.0164811228606624,0.00296407272170752,-0.0103066521481346,0.00356856603549732,0.012892067130794,-0.00707771799182485,-0.0662473470701672,-0.130589402030644,-0.0460170302554709,-0.0190293335008323,0.00497567974090909,-0.0550777679548547,-0.0760493403087917,-7.45245864918285e-05,-0.00613132469610317,-0.0297671496079981,-0.0657331181073643,-0.0239099502825481,-0.0176100928157669,-0.0420065177048881,-0.0111745284130283
"Baumea_articulata",-0.00219744332684776,0.0018583084448146,-0.0176373210112142,-0.0073563426351014,-0.0699205643822163,-0.0378321510018645,-0.088417069234819,-0.00583626185481439,-0.00979182752408039,-0.0310268113888064,-0.0281613687145688,-0.029591366593285,-0.000222587265930727,-0.0176903538616985,-0.0338306047939448,-0.00545426177694484,-0.0789474831390539,-0.0329769054890928,-0.00722427547229323,0.00948767768308159,-0.0401664949451402,-0.00624389087364309,-0.0434802093578929,-0.0885363280375491,-0.0436370737307239,-0.0289383670487989,-0.0113715946718869,-0.0057839869341789,-0.00651771672177427,-0.095850910051832,-0.0164811228606624,1,0.000149001750635718,-0.00158258499736009,0.00853158307502673,-0.00113034676055931,-0.0396176909594076,-0.136132641570463,-0.270949769560011,-0.0687823350127407,-0.0034546636241549,-0.000270831462028254,0.0029056306681411,-0.0449225616938331,-0.00756126008771385,-0.001313483711637,-0.0129873183814261,-0.0310963006636175,-0.0205286608088288,0.000546686325346619,-0.0436218741579313,-0.0183129576594705
"Baumea_juncea",-0.00163877114306744,0.00061443965981606,-0.00527771429905927,-0.0138218267804928,-0.0688883166127145,-0.0522139224903636,-0.0809288959771503,-0.0468022537366406,-0.00789675542086266,-0.0405234378636431,-0.0219789243860039,-0.099764475252826,-0.00177862832854922,-0.0120613241378692,-0.0283515840162966,-0.00711372123322192,-0.0637217634452191,-0.0121807544589257,0.0019436190037456,-0.000323892988169156,-0.0334942288735215,-0.00140260737229333,-0.0351792890296719,-0.198735877316347,-0.0323487965165138,-0.105836299628254,-0.0339815331732641,-0.0173808689617798,-0.00136960345203636,-0.0770451170209584,0.00296407272170752,0.000149001750635718,1,-0.00105291200593108,0.00074684173828479,0.000845317899402704,-0.0261468883668707,-0.0899572693943665,-0.208268674433069,-0.0632568941690756,-0.00248552469691799,0.00117905831960873,0.000415729968310082,-0.103071484529104,-0.0034057108879087,-0.00659876674062113,-0.0321628492626714,-0.0209839059187399,-0.033488528986655,0.000664881196192543,-0.0345379998284829,-0.000913751815139486
"Baumea_vaginalis",-0.00204651449355138,-0.0046070149010357,-0.00277747155695275,-0.00890459318524962,-0.0643617010465748,-0.0406545398788444,-0.0691711228809113,-0.0370801637629277,-0.00747459364298177,-0.0294720753257352,-0.026849863312651,-0.0514305706082162,-0.00316328660191461,-0.00666145587715255,-0.034817258387582,-0.00517485352269365,-0.070732677285274,-0.00936389151186251,-0.0097351934526728,-0.0169621951255356,-0.0355210030120097,-0.0126990952726819,-0.0466784928665262,-0.149489592475527,-0.0436665950240651,-0.0630268341272791,-0.0271397544459528,-0.00840326917618934,-0.00312135685436359,-0.0588234912237501,-0.0103066521481346,-0.00158258499736009,-0.00105291200593108,1,-0.0132270753236285,-0.00459241332990149,-0.0240483558644207,-0.129233896687516,-0.274874723570969,-0.0716362926364187,-0.00122475971965858,-0.00562809270959418,-0.00400311705257908,-0.0805798517211846,-0.00468935876618819,-0.00630561190695061,-0.0208639946623877,-0.0340684688158339,-0.0280283640779522,-0.00996895772647245,-0.0191603779758747,-0.00271896080141485
"Cassytha_sp_",-0.00226429405932684,0.0122944352486389,-0.0157826284928824,-0.0339163538967699,-0.0582485188447725,-0.0320509519011787,-0.0699488083817836,-0.0699793801479609,-0.0540124798110446,-0.0513452325913239,-0.0292781737901661,-0.141443275613134,-0.0134263727599149,-0.020142217237665,-0.0248139713375714,-0.0333060426598329,-0.0520780222870951,-0.02397553570615,-0.0219017158976332,0.0224182843818432,-0.0052840804372855,0.0282868755573899,-0.0372915231980797,-0.298013847543752,-0.0335943400167536,-0.124917805745633,-0.0351146758640256,-0.0664896195785327,-0.0105438683054279,-0.0638142144163117,0.00356856603549732,0.00853158307502673,0.00074684173828479,-0.0132270753236285,1,0.0127119033588648,0.011185320394529,-0.0792323666830476,-0.133131328456005,-0.0548117803434682,-0.0080569156872999,-0.00209562796476313,-0.00529000026401087,-0.0858459496906103,0.0108562172902258,-0.00171923623580882,-0.018656757944337,-0.0590946563662432,-0.0328476425629236,0.0071313349030388,-0.0316354132436299,-0.00791463892393653
"Centella_cordifolia",-0.00128786043443064,0.0047694317417783,-0.00327007971111579,-0.0160717762724569,-0.0650417527641676,-0.0413573314089142,-0.0956063858046851,-0.035832154881717,-0.0188938401078044,-0.0509504988361059,-0.0307374294636006,-0.0697794902774221,-0.00839035270170588,-0.00465612960117617,-0.0287745091393181,-0.0125720275654784,-0.0899357976043422,-0.00856199235780025,0.00100965835661089,0.00743075367116411,-0.0204010164580198,0.0227626596872997,-0.0628917369837395,-0.183850450790341,-0.0353277490962719,-0.0926227398810401,-0.0266628254784729,-0.0204335641793313,-0.00336119713509475,-0.0635453910065234,0.012892067130794,-0.00113034676055931,0.000845317899402704,-0.00459241332990149,0.0127119033588648,1,-0.04688277081206,-0.140629175749653,-0.280378196983503,-0.077819637729138,-0.0091073582050207,-0.000326714881398912,-0.00211976742841785,-0.0825109335365145,0.00146080595921467,-0.00480065078095985,-0.0281975876904252,-0.0417268878277352,-0.0340749718374188,4.57755764456207e-05,-0.0291938782834144,-0.00777248423646977
"Daucus_glochidiatus",-0.00563834058677043,-0.0273759811229023,-0.011044074891659,-0.0323496188219973,-0.0342347961596351,-0.0505527780940916,-0.0571984615667002,-0.144207162199845,-0.0212185580187855,-0.0406390594276023,-0.0207572514774167,-0.0696071425147314,-0.0244555190556462,-0.0225427685944961,-0.0172439682583371,-0.0237456996294636,-0.0491809734526498,-0.0294249380357105,-0.115086951763301,-0.0175758864881942,-0.0145475245313674,0.00658816321314073,-0.0413258509070071,-0.113721028617624,-0.0284305896381922,-0.153395121128791,-0.0812954583205762,-0.021292418156608,-0.0242424535017427,-0.058201972223573,-0.00707771799182485,-0.0396176909594076,-0.0261468883668707,-0.0240483558644207,0.011185320394529,-0.04688277081206,1,-0.0788485248913642,-0.112127574547749,-0.04406820543363,-0.0409202365964041,-0.058518627527193,-0.105405913969493,-0.0441596235560599,-0.00718962341281419,-0.0101556699584195,-0.0161014733506257,-0.139619786493573,-0.013613334400936,-0.12586720029789,-0.0343832970213186,-0.0239714693223744
