"","X_Anagallis_arvensis","X_Arctotheca_calendula","X_Avena_barbata","X_Avena_fatua","X_Briza_maxima","X_Bromus_diandrus","X_Carpobrotus_edulis","X_Centaurium_sp_","X_Cirsium_vulgare","X_Conyza_albida","X_Conyza_bonariensis","X_Conyza_sumatrensis","X_Ehrharta_calycina","X_Ehrharta_longiflora","X_Erodium_sp_","X_Euphorbia_peplus","X_Fumaria_capreolata","X_Galium_murale","X_Geranium_molle","X_Hypochaeris_glabra","X_Moraea_flaccida","X_Pelagonium_capitatum","X_Poa_annua","X_Rumex_crispus","X_Senecio_vulgare","X_Solanum_nigrum","X_Sonchus_asper","X_Sonchus_oleraceus","X_Trifolium_sp_","X_Ursinia_anthemoides","X_Vulpia_bromoides","Acacia_cyclops","Acacia_saligna","Banksia_littoralis","Baumea_articulata","Baumea_juncea","Baumea_vaginalis","Cassytha_sp","Centella_cordifolia","Daucus_glochidiatus","Eucalyptus_gomphocephala","Juncus_pallidus","Koala_feed_eucalyptus","Lepidosperma_gladiatum","Lepidosperma_longitudinale","Melaleuca_rhaphiophylla","Myoporum_capraroides","Opercularia_hispida","Patersonia_occidentalis","Podotheca_sp_","Rhagodia_baccata","Scaevola_sp","Spyridium_globulosum","Trachymene_pilosa","Xanthorrhoea_preissii"
"X_Anagallis_arvensis",1,0.060892014187667,0.138283620274023,0.138307266180941,0.170873393109241,0.129430869587735,0.0224228080401402,0.0284122628640464,0.0401490976676612,0.117790924858154,0.0130899780318571,0.0191825140624943,0.0444605241882777,0.0408735830624133,0.0697786631623802,0.0670119511303127,0.0705197828095861,0.0483456377214647,0.105755606536898,0.124310424517565,0.0656080658046669,0.383402043358908,0.0289417899557225,0.133281722730636,0.0181713891683987,0.023359099920546,0.0288199425431322,0.100322785970284,0.106681878217079,0.0505246443964792,0.0881341357942439,0.098275416770755,0.0949848004137475,0.380253958690183,0.315503621811894,0.409690497301092,0.300227223766523,0.141301115976191,0.391549662430544,0.143185680880623,0.0640634444631926,0.0352333247057639,0.0696974748706611,0.293790271667436,0.415401607304587,0.135994193117703,0.0394063650987672,0.388816503379316,0.163577938984197,0.0456079465667054,0.0749686936281651,0.0180633325503225,0.262399839127663,0.106307093087946,0.394569522852172
"X_Arctotheca_calendula",0.060892014187667,1,0.5232922049083,0.123159653301875,0.122232192900311,0.166212223010637,0.124370358395614,0.0103290783830349,0.123966249835277,0.04637913264539,0.026717329696971,0.0342471987105556,0.0899193236409185,0.113513112032544,0.0389451954527503,0.0829407884685839,0.440589158915491,0.0147610934140874,0.374398365569093,0.107827817139079,0.192100898379021,0.421708079668034,0.133979809695657,0.192612767857136,0.10051089359685,0.0319875436478778,0.0693620576940325,0.0455746381095436,0.0803543808863152,0.049007949895004,0.05764279091735,0.0861414456368544,0.303579577403167,0.211939787898855,0.124313391985974,0.231031253101752,0.130488989710631,0.231204227086314,0.221719078022816,0.182071344602803,0.353350655748249,0.0849683301862718,0.385042144413112,0.497381517482785,0.320186203028458,0.0356261754252655,0.0808431537239769,0.449339188466249,0.115884350547039,0.0906734526920274,0.169044752911106,0.0961294810739554,0.128088193094839,0.163936219792926,0.453650644632206
"X_Avena_barbata",0.138283620274023,0.5232922049083,1,0.215486366571048,0.223662895622069,0.356753325141677,0.321446780659352,-0.00800153677121745,0.276442285856837,0.017695174063238,0.0426214971223644,0.133727557029223,0.196337019550462,0.237643630218773,0.0427255436096554,0.150722345010398,0.672067256082203,-0.0202473188421413,0.784651097648723,0.190552016943513,0.437042912236172,0.687339109751115,0.260707387457365,0.370417161782377,0.231482369059994,-0.0198209621241247,0.101613878805117,0.0428199345188525,0.124286800319929,0.119071354543102,0.0708861530317953,0.139672329028418,0.719591258429632,0.299176427587958,0.00679768297160172,0.326825600884355,0.137042856275295,0.544731199136815,0.319813993160885,0.341193242746026,0.596479886727751,0.211253851341909,0.676762012851864,0.793406688985963,0.508535303305452,-0.115070439873082,0.17735788597553,0.700349960211978,0.20747690513999,0.258710336296968,0.471032296367285,0.21230133961287,0.123816658649342,0.514577496209949,0.720820798088334
"X_Avena_fatua",0.138307266180941,0.123159653301875,0.215486366571048,1,0.227002485543078,0.189085633618572,0.0086009933991858,0.0288853711193783,-0.0190355969139652,0.121108942007866,0.0132874474488134,0.00515537690212733,0.0754311691232077,0.0577464591540231,0.118106251324316,0.106444903910334,0.0138377613619474,0.0492061459012154,0.214867174150284,0.20207725387158,0.14070650662886,0.542804756353612,0.0445247236935906,0.210891648945362,0.0112756478022416,0.0152336032071975,-0.0148281456030092,0.114426014207174,0.156179773221557,0.0678057673690233,0.162993912999299,0.149190102767517,0.185330997026827,0.472179646141336,0.348776994196087,0.511238923210978,0.359683758445617,0.261304763995846,0.475950744469067,0.239705229359277,0.00551072450860671,-0.010209879462205,-0.00424124569875272,0.421254439589877,0.565629804146078,0.110763070432922,0.0754013174425247,0.531643555869224,0.256917940170265,0.0891473386256631,0.126712366330826,0.0224957686949668,0.292737353120579,0.147729472025641,0.569131719057416
"X_Briza_maxima",0.170873393109241,0.122232192900311,0.223662895622069,0.227002485543078,1,0.20373001402389,0.00952253075958191,0.0506458730197574,-0.0206671493145765,0.19259921208575,0.0243526984031208,0.0162262158900309,0.0812841968857019,0.0643321155461046,0.162993818037918,0.114910518282752,0.00158771537851746,0.0834537634324164,0.202937395796162,0.211138058331322,0.124902276847414,0.515064431326956,0.054759006832356,0.243523368385874,0.0105883675944158,0.0470580254112087,-0.0123972957088442,0.180160289614243,0.199233329191102,0.0839363574502129,0.188161982349617,0.172906037018884,0.167123463004857,0.507860465605072,0.425872509369075,0.537149296810531,0.397535238863669,0.284683220749094,0.5350586561175,0.28219815838458,3.42951095863126e-05,-0.00763116548017587,-0.00945410441270759,0.405446941130374,0.559736520453539,0.195875576831314,0.0958608590370004,0.513341926490396,0.325697122558761,0.116666489268146,0.133788403844639,0.0230067872490452,0.354190039273755,0.182782902557318,0.549170555330481
"X_Bromus_diandrus",0.129430869587735,0.166212223010637,0.356753325141677,0.189085633618572,0.20373001402389,1,0.0402099883407571,0.0165802332815777,6.23091510471665e-05,0.0996422363875171,0.00855763252486305,0.00881444998839126,0.0892667673388463,0.0781373001416877,0.091937094285173,0.0989856647970457,0.108712312326684,0.0270625874178539,0.275681460899499,0.156228890071534,0.155648391926142,0.467382751483278,0.076445868365022,0.229616942118653,0.0260417398586012,0.0117320836541764,0.00202639880415441,0.0749202690924613,0.136946665319982,0.0701008825493111,0.112798361183679,0.120236053292374,0.244472207651026,0.341166774540122,0.235676407134568,0.367195658310843,0.249445818084771,0.28158467152041,0.349400807933497,0.232312890666332,0.0941193710944748,0.0066135556127025,0.0774923123963818,0.427291630714573,0.428946004877745,0.07297873947998,0.0812446392378098,0.474293118855682,0.20238468028499,0.118574396206419,0.17817256786935,0.0436987912006811,0.222161902928114,0.21544163305905,0.475406788613791
"X_Carpobrotus_edulis",0.0224228080401402,0.124370358395614,0.321446780659352,0.0086009933991858,0.00952253075958191,0.0402099883407571,1,0.026575278056403,0.320479036958504,0.0170890905022067,0.112733520978546,0.127873051656141,0.0326459762040727,0.102418132188674,0.0138619501846891,0.0134850337184887,0.443173426112206,0.0278614649632589,0.208204949536151,0.0135786843818724,0.0945978681489781,0.0531938080878172,0.101576049581654,0.03522381620788,0.14337509702038,0.112289443167052,0.232490349040861,0.0317339526838425,0.0130616265185319,0.0261604569330102,0.00995641431086506,0.00796977426047837,0.156499179406322,0.0310534148192265,0.0422544400902932,0.0347955301256954,0.0319244047186698,0.059825937125275,0.0311667553678869,0.0236859111938047,0.411833029919897,0.277443324393529,0.494751039578608,0.124869997863055,0.0311501793901351,0.0507322535148405,0.0272661717449823,0.0389682459770302,0.0139672245171152,0.0618288221342121,0.0973536201878751,0.0948477417353807,0.0250062052882519,0.0911679899357828,0.0437804511457874
"X_Centaurium_sp_",0.0284122628640464,0.0103290783830349,-0.00800153677121745,0.0288853711193783,0.0506458730197575,0.0165802332815777,0.026575278056403,1,0.345734943724347,0.225636768903371,0.243303078138038,0.155657241604089,0.00938042864030398,0.0567655708898554,0.163316975799863,0.0210885980064413,0.04243178364467,0.287409995418288,-0.000980996129687118,0.0692441112272204,0.00758915257681765,0.0357605032897976,0.00183578021462534,0.0256297513964115,0.0888757154975472,0.381898314813646,0.322594415172077,0.253602615234222,0.0749012039250062,0.08521012041429,0.180368554005856,0.0540665414463641,0.00125765594640795,0.240982374143011,0.415891502693146,0.222296904536388,0.325854208700253,0.00747955767521408,0.230322411097825,0.0502434569641445,0.0327593112371861,0.326584155940212,0.0597625849575327,-0.00289664138001066,0.0967631808463833,0.500750677874612,0.0215845212704331,0.0306658632327733,0.196672474881181,0.0655221609278159,0.00226713334743857,0.0133160635946703,0.219768257199001,0.0224935924232726,0.0297129720361712
"X_Cirsium_vulgare",0.0401490976676612,0.123966249835277,0.276442285856837,-0.0190355969139652,-0.0206671493145765,6.23091510471665e-05,0.320479036958504,0.345734943724347,1,0.201392621908866,0.596911519093479,0.522168890648933,0.0177001610287026,0.195151673889132,0.244531575975317,0.0108755405210632,0.712124330047217,0.39714215871512,0.209356422725856,0.0103044521133512,0.0768885157846652,-0.160879458377874,0.134561055270057,0.00325562026798593,0.495451448868536,0.618646365794163,0.796868058671174,0.313510498867014,0.0556998740332312,0.172943852526999,0.193639606084365,0.0372408371088487,0.104858649439737,0.0533772654109564,0.273706677274845,0.0234999478985396,0.205051352145588,-0.00322536769107992,0.0147927528475801,0.0238348547005442,0.581893942486885,0.783278561998141,0.705287022652735,-0.0596083359866847,-0.166291535167123,0.529863681120633,0.0601813832680168,-0.203073475886195,0.17554757856439,0.186185005585333,0.081889584477847,0.146514755648916,0.0871014017410965,0.117898737328997,-0.253879483148539
"X_Conyza_albida",0.117790924858154,0.04637913264539,0.017695174063238,0.121108942007866,0.19259921208575,0.0996422363875171,0.0170890905022067,0.225636768903371,0.201392621908866,1,0.223861754623844,0.166583246197008,0.0469034480407859,0.0638567802895042,0.268220298661541,0.0802688098162287,-0.0286330086973598,0.388357525850403,0.0326822536986902,0.203756783640851,0.0392056397114111,0.258849243828246,0.0107026640053486,0.136311819076902,0.0493951230259573,0.382303490044586,0.200710479420374,0.340639356192528,0.203912867900002,0.117642824745612,0.301824844613392,0.167750466148221,0.0507744608369531,0.587017931434907,0.713650762351202,0.586389276753988,0.577341271717386,0.101705076318966,0.557992507133439,0.178922532628453,-0.0327327665354551,0.21567094588841,-0.0312161515159702,0.134311923119989,0.431240019644146,0.595734078871474,0.0650866757459064,0.282025291764604,0.39815955204173,0.0962557259236013,0.0373092863817923,0.0153502742409773,0.462615045809088,0.0874627267007272,0.284387147543809
"X_Conyza_bonariensis",0.0130899780318571,0.026717329696971,0.0426214971223644,0.0132874474488134,0.0243526984031208,0.00855763252486305,0.112733520978546,0.243303078138038,0.596911519093479,0.223861754623844,1,0.246577623997657,0.00840723785316237,0.0832023192124013,0.176344656871246,0.0148797821909011,0.227979455245603,0.437744599397771,0.0194462714024776,0.0425473522089065,0.0131094730837306,-0.00616078489161835,0.0320902267922457,0.0130060210874819,0.138667452415105,0.512285516210213,0.581254783098794,0.30575817676705,0.0635579472606406,0.0988992718947449,0.186123934876078,0.0479777925069342,0.0166322253014591,0.20552821764212,0.470218160162677,0.165343181685457,0.32127514448418,0.00127412745051953,0.181910912271957,0.0289587768991611,0.210812562634855,0.507843145574393,0.249550645293238,-0.0133983055398676,0.0415632132378336,0.607865422136035,0.0220461301812537,-0.00366036407048852,0.217298642037829,0.0868758066780526,0.0102960671640691,0.0510914909754123,0.18699505247199,0.0253914178250363,-0.00950208805029718
"X_Conyza_sumatrensis",0.0191825140624943,0.0342471987105556,0.133727557029223,0.00515537690212733,0.0162262158900309,0.00881444998839127,0.127873051656141,0.155657241604089,0.522168890648933,0.166583246197008,0.246577623997657,1,0.0102475185905922,0.0758037406182111,0.124821410956359,0.011059380970391,0.385835498086077,0.205832153433194,0.0761045377103387,0.0338356195740229,0.0282415601598436,0.00219025412478965,0.0515535296387191,0.0115449089226376,0.181935732894828,0.408955268858236,0.467018458982886,0.170810339600592,0.0462189415505304,0.0566640369944956,0.108900702062369,0.0300565994132983,0.0619055546465629,0.137569576820485,0.31585041901171,0.120267588090114,0.206878883117963,0.00785074145662543,0.124553746275439,0.0218154774035643,0.338610931706766,0.551561822538387,0.42788506344732,0.0219023571994391,0.037825084741139,0.4628977822681,0.021523415118823,0.00259464768483924,0.149750846632981,0.0720251876460151,0.0341122627385542,0.0644849707872666,0.153686078586025,0.033156038670944,0.00033701121887863
"X_Ehrharta_calycina",0.0444605241882777,0.0899193236409185,0.196337019550462,0.0754311691232077,0.0812841968857019,0.0892667673388463,0.0326459762040727,0.00938042864030398,0.0177001610287026,0.0469034480407859,0.00840723785316237,0.0102475185905922,1,0.0397035171473458,0.031193668465653,0.0495742345337242,0.0995055520534335,0.0118364028746033,0.16735188480636,0.0626415250682302,0.0951192541828285,0.265538213263316,0.0435923516830222,0.103971713206885,0.0296314754165576,0.014474160966515,0.0119081231321858,0.0295890887050216,0.0516589895021707,0.0277193255632869,0.0388618980321502,0.0557455315695465,0.146868698429238,0.148667351904746,0.0886555441503493,0.157457141926556,0.0979576320550951,0.139763729348934,0.161944825333082,0.0947392438032444,0.0890536136415672,0.0152902835225726,0.0928310160648125,0.25758896383002,0.212100044829715,0.0386982957646302,0.0522580089979256,0.25966496254949,0.085829149905574,0.0501272407910085,0.0759777793341426,0.0338459571699322,0.0846486069339502,0.0952984266976306,0.270554257375883
"X_Ehrharta_longiflora",0.0408735830624133,0.113513112032544,0.237643630218773,0.0577464591540231,0.0643321155461046,0.0781373001416877,0.102418132188674,0.0567655708898554,0.195151673889132,0.0638567802895042,0.0832023192124013,0.0758037406182111,0.0397035171473458,1,0.0481521772929701,0.0333926423571506,0.298140378035872,0.0823545822899633,0.180240296007947,0.0513550361020074,0.0959602177229133,0.170354554909322,0.0755734709350516,0.0678582345912737,0.0870954036248421,0.109546148709254,0.153734283439763,0.0841375180982661,0.0451673807816569,0.047057757703158,0.0514157475921587,0.0351920010220542,0.136851514136368,0.154116004263051,0.181736839471687,0.162185344312987,0.146447644109825,0.11268339587856,0.160145687436764,0.0650907196409117,0.232822970892283,0.149325442727176,0.261964769101397,0.188119426406915,0.152365238427697,0.133932103762356,0.0343795582037626,0.169697805133848,0.0739000898261289,0.0635348624154757,0.0951892284308699,0.0612947597672299,0.112871101778458,0.0921702271742396,0.175417852509787
"X_Erodium_sp_",0.0697786631623802,0.0389451954527503,0.0427255436096554,0.118106251324316,0.162993818037918,0.091937094285173,0.0138619501846891,0.163316975799863,0.244531575975317,0.268220298661541,0.176344656871246,0.124821410956359,0.031193668465653,0.0481521772929701,1,0.0584994769916903,0.0055318133695396,0.293374126737607,0.0578356644009549,0.154536210058014,0.0534926201739435,0.247005351204914,0.00998933685947311,0.10565622274822,0.056777503635585,0.307765603362969,0.219268324351697,0.277120096554948,0.162115284052319,0.0960708584410836,0.221982132289543,0.121407121844187,0.0519690653183321,0.507842837226588,0.626878040256684,0.499590505663633,0.530908063724624,0.0927678567001931,0.479984548371397,0.127489805492662,0.000440632445440638,0.201723658921562,0.0113816914942525,0.142410426161489,0.361659324084241,0.53314178553294,0.0414461312255013,0.268690460123251,0.285279292223308,0.0806756070746716,0.0359579170786739,0.0127497665801646,0.423659732217192,0.0722631923197921,0.277820349431309
"X_Euphorbia_peplus",0.0670119511303127,0.0829407884685839,0.150722345010398,0.106444903910334,0.114910518282752,0.0989856647970457,0.0134850337184887,0.0210885980064413,0.0108755405210632,0.0802688098162287,0.0148797821909011,0.011059380970391,0.0495742345337242,0.0333926423571506,0.0584994769916903,1,0.0416904431920625,0.0374685118614069,0.128112084967857,0.101667978972532,0.077145296378252,0.276266936545048,0.0344666045441737,0.120369924861139,0.0102096484546492,0.0285334387861107,0.00907237701936155,0.0548487072571648,0.0790752678206883,0.037671082481587,0.071106818137708,0.0807903184627637,0.125708270262458,0.240837645967702,0.18880046044418,0.264690478621836,0.20438595131728,0.137112942954628,0.25936379069144,0.118939735637838,0.0437620254246273,0.011991434962571,0.0330575299808483,0.23230867459293,0.285273486538798,0.0778473032746848,0.0462729736266728,0.288868637017249,0.141880398325247,0.0497120749565165,0.0671930055980131,0.0184001006031407,0.146303505535523,0.0935225346463676,0.298415019044622
"X_Fumaria_capreolata",0.0705197828095861,0.440589158915491,0.672067256082203,0.0138377613619474,0.00158771537851746,0.108712312326684,0.443173426112206,0.04243178364467,0.712124330047217,-0.0286330086973598,0.227979455245603,0.385835498086077,0.0995055520534335,0.298140378035872,0.0055318133695396,0.0416904431920625,1,0.00531970580023686,0.630839200709601,0.0325996508056233,0.314128614517527,0.104033665839124,0.256816465095314,0.121256571575789,0.507511975266495,0.254836511284194,0.53355378255381,0.0592675804819778,0.0217866745565431,0.0819631512850423,-0.00311309003397089,0.00679118394752187,0.479050679420356,-0.174345702485336,-0.269635097893618,-0.192878544672705,-0.163590913791139,0.222627416869865,-0.193338819332153,0.0731461593280899,0.7681134430623,0.609972497209636,0.881244493518782,0.36066742041051,-0.139443291338306,-0.136406508657905,0.0993135991406029,0.0492883613139667,-0.00139977550187003,0.201725456719033,0.329285461136855,0.239065110729713,-0.133232893292027,0.362180379513784,0.0125471316702406
"X_Galium_murale",0.0483456377214647,0.0147610934140874,-0.0202473188421413,0.0492061459012154,0.0834537634324164,0.0270625874178539,0.0278614649632589,0.287409995418288,0.39714215871512,0.388357525850403,0.437744599397771,0.205832153433194,0.0118364028746033,0.0823545822899633,0.293374126737607,0.0374685118614069,0.00531970580023686,1,-0.00372125747418017,0.134519445516057,0.00657310781742648,0.0236863286969135,0.000306269523731903,0.0396719503838312,0.0881672672788949,0.478950589117172,0.385033430461844,0.406607973713042,0.130216475495343,0.138763000280977,0.30272585723532,0.10354113373423,2.15546233994662e-05,0.386664433222059,0.60734446655705,0.383616138145752,0.480569881996174,0.0112401073756943,0.390060353196099,0.0698718608434839,0.00336168100038619,0.405108544913838,0.0219173174739952,-0.00703420296401231,0.156220882438226,0.6496729496837,0.0336904762350299,0.0268020938290529,0.309219897987903,0.0870793057369247,0.00284352114723815,0.0137041422120539,0.37033049209942,0.0348847102076752,0.0227325986512842
"X_Geranium_molle",0.105755606536898,0.374398365569093,0.784651097648723,0.214867174150284,0.202937395796162,0.275681460899499,0.208204949536151,-0.000980996129687118,0.209356422725856,0.0326822536986902,0.0194462714024776,0.0761045377103387,0.16735188480636,0.180240296007947,0.0578356644009549,0.128112084967857,0.630839200709601,-0.00372125747418017,1,0.175186117958861,0.373035803829993,0.717652041716096,0.207827895916175,0.340228920020543,0.154591908276457,-0.0049484280701319,0.0863501946405425,0.0350920753212481,0.121185291719914,0.0918255656920067,0.060175498948718,0.138250752785434,0.560431101234117,0.333988319895784,0.0862522647598554,0.322634759054518,0.157077651606634,0.470493628758943,0.306066506727368,0.297310364221757,0.568940611634731,0.200554429508736,0.624577839519233,0.792243647144644,0.490904133000517,-0.0207342498463294,0.121201583286641,0.701800187862706,0.186115847162906,0.158174452816733,0.362059855719599,0.161377892500058,0.146605776315012,0.338486063257463,0.736625786226376
"X_Hypochaeris_glabra",0.124310424517565,0.107827817139079,0.190552016943513,0.20207725387158,0.211138058331322,0.156228890071534,0.0135786843818724,0.0692441112272204,0.0103044521133512,0.203756783640851,0.0425473522089065,0.0338356195740229,0.0626415250682302,0.0513550361020074,0.154536210058014,0.101667978972532,0.0325996508056233,0.134519445516057,0.175186117958861,1,0.108634822754467,0.453806965485099,0.0384289647640758,0.211218991726209,0.0175171347309348,0.0883473891828239,0.0119103507402131,0.177293835210915,0.186967850532136,0.0750656797203825,0.165585305908798,0.157704005853312,0.165213534354529,0.475453251516662,0.442404836744845,0.52110740349736,0.410201374007543,0.211257041476471,0.515568153608897,0.233837851240177,0.0267907385477189,0.00915504864169933,0.0169910564908886,0.353420306763208,0.519514877199116,0.22949951089551,0.0803580062682641,0.487781225545638,0.293840227107406,0.100236258161602,0.105610889872349,0.0212783969990332,0.344617180677552,0.141078068455587,0.499272284739321
"X_Moraea_flaccida",0.0656080658046669,0.192100898379021,0.437042912236172,0.14070650662886,0.124902276847414,0.155648391926142,0.0945978681489781,0.00758915257681765,0.0768885157846652,0.0392056397114111,0.0131094730837306,0.0282415601598436,0.0951192541828285,0.0959602177229133,0.0534926201739435,0.077145296378252,0.314128614517527,0.00657310781742647,0.373035803829993,0.108634822754467,1,0.450312334789348,0.106653198121006,0.178979747320724,0.0730000350543645,0.0137010800831686,0.0335617005920459,0.0354751236677668,0.0770668808546193,0.0449974622969604,0.0536495851020103,0.0977092851940566,0.272740192769166,0.243099665562484,0.129996648645093,0.267053506281172,0.158038416655396,0.218210926199277,0.247639883360225,0.159579487844435,0.278978479717962,0.0534016674954525,0.305522329688062,0.499144246953284,0.348676162728382,0.0331277746743071,0.0798343551342791,0.474729384888021,0.140085242024234,0.0931524402855248,0.175921139670031,0.0800358967872485,0.139935656862172,0.162638870723233,0.471489871715572
"X_Pelagonium_capitatum",0.383402043358908,0.421708079668034,0.687339109751115,0.542804756353612,0.515064431326956,0.467382751483278,0.0531938080878172,0.0357605032897976,-0.160879458377874,0.258849243828246,-0.00616078489161835,0.00219025412478965,0.265538213263316,0.170354554909322,0.247005351204914,0.276266936545048,0.104033665839124,0.0236863286969135,0.717652041716096,0.453806965485099,0.450312334789348,1,0.183142050439297,0.687257081819613,0.0475218371123682,-0.104820008612554,-0.119125989009279,0.203771836649504,0.382579979466328,0.186503541565854,0.333606315670139,0.390509079815267,0.608720209597197,0.822240209786887,0.548416281759185,0.8361962420749,0.645364532018241,0.789071739844697,0.837525045793142,0.72859630234931,0.0563207057508854,-0.0810993960506154,0.0224055408368167,0.90535227539661,0.887148968842324,0.0513673436571907,0.243385214624273,0.961053783530448,0.659807343775319,0.320695367438183,0.439814044323222,0.103495251276259,0.541225956788724,0.56637138842039,0.946162337435344
"X_Poa_annua",0.0289417899557225,0.133979809695657,0.260707387457365,0.0445247236935906,0.054759006832356,0.076445868365022,0.101576049581654,0.00183578021462534,0.134561055270057,0.0107026640053486,0.0320902267922457,0.0515535296387191,0.0435923516830221,0.0755734709350516,0.00998933685947311,0.0344666045441737,0.256816465095314,0.000306269523731903,0.207827895916175,0.0384289647640758,0.106653198121006,0.183142050439297,1,0.0791921781797854,0.0716877465466624,0.0251539296473775,0.0836466297450605,0.0109791454231775,0.0249321831531271,0.0282536140773215,0.0131856135266055,0.031287841586536,0.160398103095757,0.0741575029003849,0.0243214512744193,0.0805861383187035,0.0490891078197512,0.1125368757325,0.0869235074380608,0.0867448636858725,0.238040505691825,0.125849159894505,0.260678248969227,0.225530349010035,0.137798302374149,-0.00927017705894801,0.0440581595806944,0.190104307746757,0.0348570222682275,0.0528650169075301,0.115915023246306,0.0645920547731085,0.0397164965888241,0.108617864808173,0.200297495712616
"X_Rumex_crispus",0.133281722730636,0.192612767857136,0.370417161782377,0.210891648945362,0.243523368385874,0.229616942118653,0.03522381620788,0.0256297513964115,0.00325562026798593,0.136311819076902,0.0130060210874819,0.0115449089226376,0.103971713206885,0.0678582345912737,0.10565622274822,0.120369924861139,0.121256571575789,0.0396719503838312,0.340228920020543,0.211218991726209,0.178979747320724,0.687257081819613,0.0791921781797854,1,0.0254380875483936,0.00237802482404404,-0.00959577700055557,0.0983930261239391,0.157874481885927,0.0782756812686875,0.128132636799037,0.158417308951832,0.320422388017692,0.50508625826411,0.356971959605557,0.553853520656293,0.408862693919962,0.318455156052774,0.573427859080019,0.280552988335124,0.114763808007718,0.00558760618964759,0.105018340420653,0.618868426610225,0.694929915975311,0.0956124323868754,0.0963558480403166,0.7335445264102,0.292941079766685,0.123297524357979,0.178586825758245,0.0587562615918615,0.288211115548893,0.199401559256938,0.76779678402117
"X_Senecio_vulgare",0.0181713891683987,0.10051089359685,0.231482369059994,0.0112756478022416,0.0105883675944158,0.0260417398586012,0.14337509702038,0.0888757154975472,0.495451448868536,0.0493951230259573,0.138667452415105,0.181935732894828,0.0296314754165576,0.0870954036248421,0.056777503635585,0.0102096484546492,0.507511975266495,0.0881672672788949,0.154591908276457,0.0175171347309348,0.0730000350543645,0.0475218371123682,0.0716877465466624,0.0254380875483936,1,0.280061939213817,0.367870937339394,0.0864672588953298,0.0194763029961333,0.0365930423319437,0.0317530710099363,0.0121934154028208,0.114799301441565,0.0476277571545978,0.0899201591352897,0.0392713798229803,0.0745845252182493,0.0501880296476141,0.0401375753224136,0.015471954829897,0.438507884435318,0.388225964992469,0.563930816549975,0.115185885844504,0.0297948033665913,0.180410345273397,0.027193386042455,0.0506282132755737,0.0529097414049279,0.0639322192909091,0.0831743698924972,0.0797374877743552,0.0495652269413664,0.0714686905344461,0.0574449005342111
"X_Solanum_nigrum",0.023359099920546,0.0319875436478778,-0.0198209621241247,0.0152336032071975,0.0470580254112087,0.0117320836541764,0.112289443167052,0.381898314813646,0.618646365794163,0.382303490044586,0.512285516210213,0.408955268858236,0.014474160966515,0.109546148709254,0.30776560336297,0.0285334387861107,0.254836511284194,0.478950589117172,-0.0049484280701319,0.0883473891828239,0.0137010800831686,-0.104820008612554,0.0251539296473775,0.00237802482404404,0.280061939213817,1,0.588437811532516,0.370043313304857,0.114205619090867,0.166615200743419,0.274630467330525,0.0856248109503199,0.00610383532961765,0.307363509936914,0.513143387137114,0.238253379754128,0.372438124934546,-0.0208067417012308,0.234143068467706,0.0501071293126332,0.235780615114244,0.576997856145977,0.302013866917779,-0.085643232047985,0.009102766128444,0.589918316676841,0.0440718142327711,-0.162546806357485,0.328260960144556,0.128261676990401,0.0010635970415739,0.0643663586860048,0.279271312027745,0.0460949522906878,-0.193647515433532
"X_Sonchus_asper",0.0288199425431322,0.0693620576940325,0.101613878805117,-0.0148281456030092,-0.0123972957088442,0.00202639880415441,0.232490349040861,0.322594415172077,0.796868058671174,0.200710479420374,0.581254783098794,0.467018458982886,0.0119081231321858,0.153734283439763,0.219268324351697,0.00907237701936156,0.53355378255381,0.385033430461844,0.0863501946405425,0.0119103507402131,0.0335617005920459,-0.119125989009279,0.0836466297450604,-0.00959577700055557,0.367870937339394,0.588437811532516,1,0.284044794697774,0.053253951423028,0.136378008436022,0.175451168694724,0.0250074551006838,0.0435042765977547,0.0776148395451243,0.261297920483238,0.00429061116257381,0.176060734685856,-0.00925364147835484,0.00323830207200082,0.0131132859232979,0.450327359839361,0.737793924171564,0.536683824703908,-0.0657722762381462,-0.13156634014097,0.496373564481733,0.0444836940842542,-0.125865701147846,0.161732904665207,0.147611702446366,0.0369224634742377,0.10447553729165,0.0821394428702234,0.067462580834967,-0.154667655609265
"X_Sonchus_oleraceus",0.100322785970284,0.0455746381095436,0.0428199345188525,0.114426014207174,0.180160289614243,0.0749202690924613,0.0317339526838425,0.253602615234222,0.313510498867014,0.340639356192528,0.30575817676705,0.170810339600592,0.0295890887050216,0.0841375180982661,0.277120096554948,0.0548487072571648,0.0592675804819778,0.406607973713042,0.0350920753212481,0.177293835210915,0.0354751236677668,0.203771836649504,0.0109791454231775,0.0983930261239391,0.0864672588953298,0.370043313304857,0.284044794697774,1,0.170706370132303,0.119881191284732,0.263396866037499,0.134953503277675,0.0325616078375409,0.460629523092713,0.55361753490087,0.442168309482206,0.458568831069557,0.0766767085157173,0.439242185026402,0.137576860325408,0.0578044285235436,0.277592718268557,0.0660139657267063,0.106086749227571,0.340532604088594,0.515176430398651,0.0504293574435665,0.210561696441715,0.353929037447967,0.0839226016007129,0.0272418007602835,0.0264981681271765,0.386122144817206,0.0700790624672539,0.210233346354338
"X_Trifolium_sp_",0.106681878217079,0.0803543808863152,0.124286800319929,0.156179773221557,0.199233329191102,0.136946665319982,0.0130616265185319,0.0749012039250062,0.0556998740332312,0.203912867900002,0.0635579472606405,0.0462189415505304,0.0516589895021707,0.0451673807816569,0.162115284052319,0.0790752678206883,0.0217866745565431,0.130216475495343,0.121185291719914,0.186967850532136,0.0770668808546193,0.382579979466328,0.0249321831531271,0.157874481885927,0.0194763029961333,0.114205619090867,0.053253951423028,0.170706370132303,1,0.0821378203715018,0.152411260728077,0.128587613042525,0.114002900067465,0.465290916309368,0.475976942706605,0.498041365834653,0.390442364337196,0.179997371016186,0.514713355112448,0.191789016383784,0.0179248478750791,0.0559306302736682,0.0184403514796092,0.292014101383405,0.485488188331893,0.302317018334374,0.0619837590239741,0.40922473595562,0.234734292412524,0.0647725848536411,0.0795960453461074,0.0129521960358995,0.344423034392004,0.11264786423809,0.442149045648702
"X_Ursinia_anthemoides",0.0505246443964792,0.049007949895004,0.119071354543102,0.0678057673690233,0.0839363574502129,0.0701008825493111,0.0261604569330102,0.08521012041429,0.172943852526999,0.117642824745612,0.0988992718947449,0.0566640369944956,0.0277193255632869,0.047057757703158,0.0960708584410836,0.037671082481587,0.0819631512850423,0.138763000280977,0.0918255656920067,0.0750656797203825,0.0449974622969604,0.186503541565854,0.0282536140773215,0.0782756812686875,0.0365930423319437,0.166615200743419,0.136378008436022,0.119881191284732,0.0821378203715018,1,0.0958544783667662,0.0649649182259477,0.0694297990732319,0.256713962171941,0.298974171949424,0.28314281420262,0.253424957877682,0.0998732977333256,0.272818878458466,0.0840382019110999,0.0711045972767095,0.129118597270621,0.0678859707639217,0.152324784664955,0.239892865632368,0.261529439724257,0.027671715960169,0.207341949524499,0.119227553671654,0.0488004063983455,0.054387691741659,0.0202513393307053,0.183127954404116,0.0603715569316735,0.215462285314124
"X_Vulpia_bromoides",0.0881341357942439,0.05764279091735,0.0708861530317953,0.162993912999299,0.188161982349617,0.112798361183679,0.00995641431086506,0.180368554005856,0.193639606084365,0.301824844613392,0.186123934876078,0.108900702062369,0.0388618980321502,0.0514157475921587,0.221982132289543,0.071106818137708,-0.00311309003397089,0.30272585723532,0.060175498948718,0.165585305908798,0.0536495851020103,0.333606315670139,0.0131856135266055,0.128132636799037,0.0317530710099363,0.274630467330525,0.175451168694724,0.263396866037499,0.152411260728077,0.0958544783667662,1,0.142868390386051,0.0591740390579784,0.538946113311574,0.649687892819551,0.568771637019514,0.548149464482622,0.123056115246411,0.560647905990149,0.159929054570944,-0.00300455697962391,0.17301011970974,0.0044785345578194,0.191969496873853,0.516586697615495,0.527828440909998,0.0470567247295789,0.349131443314741,0.294701117039745,0.0648775043089798,0.0500538919898175,0.00875290571116096,0.44042623566811,0.0755577796757776,0.369454704180658
"Acacia_cyclops",0.098275416770755,0.0861414456368544,0.139672329028418,0.149190102767517,0.172906037018884,0.120236053292374,0.00796977426047837,0.0540665414463641,0.0372408371088487,0.167750466148221,0.0479777925069342,0.0300565994132983,0.0557455315695465,0.0351920010220542,0.121407121844187,0.0807903184627637,0.00679118394752187,0.10354113373423,0.138250752785434,0.157704005853312,0.0977092851940566,0.390509079815267,0.031287841586536,0.158417308951832,0.0121934154028208,0.0856248109503199,0.0250074551006838,0.134953503277675,0.128587613042525,0.0649649182259477,0.142868390386051,1,0.123491050423167,0.425780271140629,0.39878266702282,0.479010293836086,0.361575890718414,0.170799364672264,0.467746261336617,0.197010986127322,0.0105653196732254,0.0248974339817408,0.00548265461139427,0.28831021407083,0.505900217935518,0.207594311525087,0.0725043936347776,0.419443465112148,0.256237389927011,0.0753364388837172,0.0856667106969048,0.0125592002690725,0.294240760705218,0.0970904698300307,0.446974711652551
"Acacia_saligna",0.0949848004137475,0.303579577403167,0.719591258429632,0.185330997026827,0.167123463004857,0.244472207651026,0.156499179406322,0.00125765594640795,0.104858649439737,0.0507744608369531,0.0166322253014591,0.0619055546465629,0.146868698429238,0.136851514136368,0.0519690653183321,0.125708270262458,0.479050679420356,2.15546233994662e-05,0.560431101234117,0.165213534354529,0.272740192769166,0.608720209597197,0.160398103095757,0.320422388017692,0.114799301441565,0.00610383532961765,0.0435042765977547,0.0325616078375409,0.114002900067465,0.0694297990732319,0.0591740390579784,0.123491050423167,1,0.308410372530609,0.13319191677933,0.329344509323956,0.203429018425995,0.3965687412337,0.345700412877407,0.273514081343907,0.415576806542352,0.108429254212009,0.501099653844338,0.68421733805159,0.457040642695043,-0.000772373159545007,0.118991442048706,0.625717201522808,0.179041732876998,0.156800591457232,0.299292617525668,0.137095193014283,0.159572003259202,0.320652125981429,0.652083615104623
"Banksia_littoralis",0.380253958690183,0.211939787898855,0.299176427587958,0.472179646141336,0.507860465605072,0.341166774540122,0.0310534148192265,0.240982374143011,0.0533772654109564,0.587017931434907,0.20552821764212,0.137569576820485,0.148667351904746,0.154116004263051,0.507842837226588,0.240837645967702,-0.174345702485336,0.386664433222059,0.333988319895784,0.475453251516662,0.243099665562484,0.822240209786887,0.0741575029003849,0.50508625826411,0.0476277571545978,0.307363509936914,0.0776148395451243,0.460629523092713,0.465290916309368,0.256713962171941,0.538946113311574,0.425780271140629,0.308410372530609,1,0.910160696986845,0.962470688694315,0.891843836451314,0.528586857623067,0.963279038760408,0.60387104174945,-0.231156974266397,0.0887498849331196,-0.248574307391459,0.639844715263681,0.90310618381206,0.659867296809034,0.207922879435107,0.83818283173219,0.846657563980851,0.284735303648203,0.208956846299978,0.0239155118457628,0.737863888175929,0.41835421448769,0.836777641080207
"Baumea_articulata",0.315503621811894,0.124313391985974,0.00679768297160172,0.348776994196087,0.425872509369075,0.235676407134568,0.0422544400902932,0.415891502693146,0.273706677274845,0.713650762351202,0.470218160162677,0.31585041901171,0.0886555441503493,0.181736839471687,0.626878040256684,0.18880046044418,-0.269635097893618,0.60734446655705,0.0862522647598554,0.442404836744845,0.129996648645093,0.548416281759185,0.0243214512744193,0.356971959605557,0.0899201591352897,0.513143387137114,0.261297920483238,0.55361753490087,0.475976942706605,0.298974171949424,0.649687892819551,0.39878266702282,0.13319191677933,0.910160696986845,1,0.914076677448725,0.890253377954142,0.275657638024222,0.914605738271187,0.44141300592304,-0.349249761196782,0.306051774404668,-0.295742226156027,0.28835445582002,0.762063732274864,0.807451723733245,0.161181053743347,0.550563371236068,0.846641338701223,0.232073662210462,0.103777117045536,0.0274931331082974,0.761365950609361,0.206667214111914,0.564487853160249
"Baumea_juncea",0.409690497301092,0.231031253101752,0.326825600884355,0.511238923210978,0.537149296810531,0.367195658310843,0.0347955301256954,0.222296904536388,0.0234999478985396,0.586389276753989,0.165343181685457,0.120267588090114,0.157457141926556,0.162185344312987,0.499590505663633,0.264690478621836,-0.192878544672705,0.383616138145752,0.322634759054518,0.52110740349736,0.267053506281172,0.8361962420749,0.0805861383187035,0.553853520656293,0.0392713798229803,0.238253379754128,0.00429061116257381,0.442168309482206,0.498041365834653,0.28314281420262,0.568771637019514,0.479010293836086,0.329344509323956,0.962470688694315,0.914076677448725,1,0.907568385216655,0.582146087419991,0.967345647185241,0.637771952116718,-0.26504633753669,0.0425516300327196,-0.29103102073611,0.652219592374137,0.91591787605701,0.634155134315468,0.23844153699134,0.855443126081933,0.878388453845564,0.282738234103449,0.242800274308216,0.0272659925767454,0.766641492800478,0.407818402652189,0.849700277549491
"Baumea_vaginalis",0.300227223766523,0.130488989710631,0.137042856275295,0.359683758445617,0.397535238863669,0.249445818084771,0.0319244047186698,0.325854208700253,0.205051352145588,0.577341271717386,0.32127514448418,0.206878883117963,0.0979576320550951,0.146447644109825,0.530908063724624,0.20438595131728,-0.163590913791139,0.480569881996174,0.157077651606634,0.410201374007543,0.158038416655396,0.645364532018241,0.0490891078197512,0.408862693919962,0.0745845252182493,0.372438124934546,0.176060734685856,0.458568831069557,0.390442364337196,0.253424957877682,0.548149464482622,0.361575890718414,0.203429018425995,0.891843836451314,0.890253377954142,0.907568385216655,1,0.341162700839073,0.899191915805795,0.446623516472098,-0.19744745355196,0.16753357520405,-0.206851745066822,0.446748689165148,0.797657686804254,0.697136615645474,0.156573023646518,0.665207594223937,0.799187411780953,0.208464967082366,0.1220024913055,0.0247804313365137,0.690615441488885,0.261577824567164,0.662907263699229
"Cassytha_sp",0.141301115976191,0.231204227086314,0.544731199136815,0.261304763995846,0.284683220749094,0.28158467152041,0.059825937125275,0.00747955767521408,-0.00322536769107992,0.101705076318966,0.00127412745051953,0.00785074145662543,0.139763729348934,0.11268339587856,0.0927678567001931,0.137112942954628,0.222627416869865,0.0112401073756943,0.470493628758943,0.211257041476471,0.218210926199276,0.789071739844697,0.1125368757325,0.318455156052774,0.0501880296476141,-0.0208067417012308,-0.00925364147835484,0.0766767085157173,0.179997371016186,0.0998732977333256,0.123056115246411,0.170799364672264,0.396568741233699,0.528586857623067,0.275657638024222,0.582146087419991,0.341162700839073,1,0.535750909134937,0.349214528572022,0.191290607418081,0.00463001324269807,0.186440641446326,0.764461625066352,0.694138409040012,0.0261181753983167,0.121979273337238,0.782272776878852,0.271739970847636,0.138814358360949,0.268706060132726,0.0758207424229571,0.318299437596383,0.268725469042229,0.808306704176005
