"","X_Aira_caryophyllea","X_Briza_maxima","X_Ehrharta_calycina","X_Hypochaeris_glabra","X_Poa_annua","X_Sonchus_oleraceus","X_Ursinia_anthemoides","Adenanthos_cygnorum","Aotus_gracillima","Astartea_scoparia","Austrostipa_compressa","Banksia_attenuata","Banksia_ilicifolia","Banksia_menziesii","Baumea_articulata","Beaufortia_elegans","Caladenia_flava","Comesperma_virgatum","Dasypogon_bromeliifolius","Dielsia_stenostachya","Dryandra_sp_","Hibbertia_sp_","Hibbertia_subvaginata","Hypolaena_exsulca","Isolepis_cernua","Kunzea_glabrescens","Melaleuca_preissiana","Microtis_sp_","Patersonia_occidentalis","Podotheca_gnaphalioides","Pteridium_esculentum","Pterostylis_sp_","Pultenaea_reticulata","Regelia_inops","Restionaceae_sp_","Rhodanthe_chlorocephala_subsp__rosea","Schoenus_sp_","Stylidium_repens","Thysanotus_manglesianus","Trachymene_pilosa","Xanthorrhoea_preissii"
"X_Aira_caryophyllea",1,-0.0240257954336752,-0.0146527674812867,0.118344316220185,0.00151759817511852,0.0228921490074663,-0.0538085279996637,-0.11535480756833,0.115664136389725,0.0809067971267328,-0.0448917256748563,-0.118488569181152,-0.0548566926030854,-0.141648045755814,0.0840386231071905,0.00722373581949698,0.0169168485960598,-0.00735736971091506,-0.151082775127769,-0.0237420315511094,-0.0277930098297761,-0.0984869906453974,-0.0564643681549495,-0.0105979046529497,-0.0480852414452958,0.0875143348467779,0.12801630729224,0.0171804820448677,-0.0437433378301487,0.00275714673504212,0.0790866055428035,-0.0260694246172153,-0.0292761255651625,-0.0883235746363737,-0.050858493929632,-0.00646054428361521,0.0255050661053515,-0.0638525711113544,-0.0430181762547866,0.0910112037699752,-0.0423889434646828
"X_Briza_maxima",-0.0240257954336752,1,-0.024937688498312,-0.14389256241299,0.021217773391908,-0.0458320497542377,-0.00981566970975126,-0.00336225289067541,-0.169953192443664,-0.00295721368292257,0.00955700368659067,0.177959930319639,-0.0163641488071719,0.0195477756072191,-0.0821245124346187,-0.116314780326609,-0.0121781649268862,-0.0476869459887881,0.164306990939464,0.040877520429669,0.0134003107745809,-0.017699382832849,0.0295037284285535,0.0263866667545687,-0.0033335519044214,-0.0869164783507516,-0.0774358245918223,-0.0603210713423406,0.0524318400112478,-0.0840785366855043,-0.0261331105870942,-0.0210137744593861,-0.0786813502400856,0.124677516584784,0.117941333491649,0.030464809554737,-0.0543061127104321,0.126622881816575,0.0723007715484407,-0.11052723327203,0.0539094703411893
"X_Ehrharta_calycina",-0.0146527674812867,-0.024937688498312,1,0.0317972135530318,-0.0245891344430646,0.0310587282538731,0.101148565383251,0.11748991253824,0.0495128317976394,-0.0780646062128266,0.0848415355366965,-0.0320338367630519,0.0937900529451895,0.123990054881144,-0.0221304434803332,0.111074781613939,0.00496802995314205,0.0450307865709799,0.0182498133374904,-0.0116295901340869,0.0185812485097873,0.10617799315293,0.0534740682529262,-0.00351585411584753,0.110182687890135,-0.00710287387397265,-0.0413513601206374,0.0513881813257228,-0.00084130962259333,0.103932254567145,-0.0518125802152661,0.0465992753348118,0.101947974610295,-0.0147891525976715,-0.0579639337982395,-0.0242054331144966,0.0240463393894187,-0.0344285105367885,-0.0116406166880151,0.0425675188967999,-0.00169313944805917
"X_Hypochaeris_glabra",0.118344316220185,-0.14389256241299,0.0317972135530318,1,-0.0276832495280685,0.131660737255925,-0.0641747734021444,-0.217408139946229,0.532077448255629,0.170024170867709,-0.0846877101945282,-0.549753604967691,-0.0572136502217894,-0.30893171123633,0.295849118063967,0.234000718976026,0.0607699583514529,0.0696067006263819,-0.576363434037212,-0.11745144249943,-0.073960912073814,-0.170234452106543,-0.14899612627797,-0.0640889981490191,-0.0518470793478753,0.329602285678972,0.394739483816246,0.150128257262962,-0.177586898519638,0.159424347454679,0.194645183842749,0.00245368779433657,0.0972986948707006,-0.375578712366347,-0.307170468222328,-0.0629595608712085,0.143524117688688,-0.334132059710227,-0.191906990517458,0.391320124872941,-0.171690360971663
"X_Poa_annua",0.00151759817511852,0.021217773391908,-0.0245891344430646,-0.0276832495280685,1,-0.0196864437940153,-0.0253031893002665,-0.0502041179340282,-0.0527911028020102,0.0328218793135598,-0.0226280565208253,0.0479404068147388,-0.0305716958699742,-0.046727119185142,-0.0110130329596507,-0.0702396312172197,-0.00705189315807293,-0.0315099715690244,0.0262451617523476,0.0154972904531871,-0.00709973423936573,-0.0469896744656663,-0.0177254770907513,0.00227375184210157,-0.0328498214800095,-0.0185825033331437,-0.00318129572263091,-0.0269611967479821,0.00973090401367655,-0.0466360362166493,0.014272488001942,-0.0212931166573881,-0.0542396405821583,0.0238779598382209,0.0392021211027451,0.0277261865906302,-0.0214104601128612,0.0300866336695598,0.0284892258055982,-0.041275969524875,0.0154824605572707
"X_Sonchus_oleraceus",0.0228921490074663,-0.0458320497542377,0.0310587282538731,0.131660737255925,-0.0196864437940153,1,0.0111703088297889,-0.00313297629462971,0.147078004844303,0.00729716243979652,-0.00206797649124917,-0.149261078604332,0.0196138008255115,-0.0266273628007116,0.0687329024154382,0.100585524751529,0.0177210019092703,0.0393937294537274,-0.136890589373633,-0.0345891895028432,-0.0115859852033475,0.00848180955427388,-0.0259180090287111,-0.0188754017143309,0.0160650130704895,0.0773304403242718,0.0804218743066415,0.0652861566183457,-0.0436658351371824,0.0725537061173241,0.0300756575667746,0.0180744496101318,0.0638341247721604,-0.097726194308052,-0.0943203671491394,-0.0266662018440021,0.0461826310688876,-0.0967249779006172,-0.0571291818773413,0.109226958332087,-0.0441540763031916
"X_Ursinia_anthemoides",-0.0538085279996637,-0.00981566970975126,0.101148565383251,-0.0641747734021444,-0.0253031893002665,0.0111703088297889,1,0.261160298217008,-0.0421926697626759,-0.169003661561958,0.150420294840894,0.0880283080390846,0.198230059014563,0.295179742808302,-0.10616491178439,0.127027775821353,-0.00313426199194966,0.068813101057097,0.178350372861559,0.0126394483874081,0.0533581690021722,0.228457707945205,0.166440978320185,-0.00069699675799826,0.189478612820338,-0.088957012642249,-0.190217913125036,0.0466226391548529,0.0414716284557216,0.128504678496865,-0.144824533948299,0.08789049570895,0.164429882423652,0.0772354041531038,-0.0215645275223634,-0.0115125903634721,-0.00155069755197532,0.0378969149680146,0.0645492706992156,-0.0263275848201073,0.0449446015216827
"Adenanthos_cygnorum",-0.11535480756833,-0.00336225289067541,0.11748991253824,-0.217408139946229,-0.0502041179340282,-0.00313297629462971,0.261160298217008,1,-0.144452341496488,-0.342456481014046,0.191285145090388,0.174737008044874,0.248965118315471,0.606686177354134,-0.203260696655398,0.207985858242002,-0.0328234252367409,0.139770070010558,0.342268368606369,0.0225058191980443,0.107836680798367,0.500130848751229,0.199488302047019,0.00563687398847128,0.231243525010965,-0.174077570463965,-0.374957722085654,0.0327325973407282,0.0916722882464109,0.151406366346134,-0.273412260515694,0.144791473621515,0.274700406772075,0.156644624695064,0.000832234160618032,-0.0429081615587726,0.0128745462973402,0.0800692636880734,0.0230205883766953,-0.136277709743836,0.0860329688214079
"Aotus_gracillima",0.115664136389725,-0.169953192443664,0.0495128317976394,0.532077448255629,-0.0527911028020102,0.147078004844303,-0.0421926697626759,-0.144452341496488,1,0.128276844668657,-0.0681368295795015,-0.611611598364826,-0.0283411649884196,-0.245383303930909,0.315343111199134,0.324017301006826,0.0646899319173668,0.116568222803341,-0.612423789379018,-0.136416337992989,-0.0650295139484283,-0.0942523525872449,-0.12815366812613,-0.0722650376456738,-0.0320185516614095,0.362705325501745,0.392120541869823,0.176868783330239,-0.192921475327886,0.215054527743802,0.177458676697789,0.0322344012502253,0.171833968961423,-0.397513313097879,-0.347590411431984,-0.0910591043162648,0.175924043663414,-0.367123920837327,-0.230402887284145,0.433563380700686,-0.191097442641468
"Astartea_scoparia",0.0809067971267328,-0.00295721368292257,-0.0780646062128266,0.170024170867709,0.0328218793135598,0.00729716243979652,-0.169003661561958,-0.342456481014046,0.128276844668657,1,-0.129057646703875,-0.143563750736002,-0.174640112510256,-0.378397655364839,0.154789852752647,-0.105361481818015,0.0214034053042302,-0.0591377895150621,-0.242204919093998,-0.0213866705132257,-0.0687011840430473,-0.29741675339844,-0.122679264794482,-0.00320891227406717,-0.163373047033019,0.161204899251899,0.266678589529284,-0.0233780255902153,-0.062956844476565,-0.0977759094404424,0.179233578584962,-0.085613749632058,-0.153159022205188,-0.10126662404845,-0.00565772999885143,0.0258647542533185,0.00620821219134584,-0.0488690536391016,-0.0223159427868141,0.101069844322469,-0.0614278332226226
"Austrostipa_compressa",-0.0448917256748563,0.00955700368659067,0.0848415355366965,-0.0846877101945282,-0.0226280565208253,-0.00206797649124917,0.150420294840894,0.191285145090388,-0.0681368295795015,-0.129057646703875,1,0.108721985789806,0.138926654478229,0.228955606630995,-0.0969328674194153,0.0756764897301361,-0.00556187580351836,0.0391858729848776,0.172043538143708,0.0207247762114647,0.0410192533203786,0.171224158784249,0.115801802796411,0.00693003215792847,0.157537562681162,-0.0879958575551094,-0.149772355038414,0.0260041649294213,0.0415760850469409,0.0834263143237426,-0.110439600708858,0.0599434846910433,0.108403044843834,0.0751010806038385,0.00598842456040819,-0.00945434372162082,-0.00881689930184079,0.0567311129877544,0.0427409859623243,-0.0428773528073575,0.0435876340759795
"Banksia_attenuata",-0.118488569181152,0.177959930319639,-0.0320338367630519,-0.549753604967691,0.0479404068147388,-0.149261078604332,0.0880283080390846,0.174737008044874,-0.611611598364826,-0.143563750736002,0.108721985789806,1,0.064018642542601,0.284897492537972,-0.333845719295909,-0.308952271329901,-0.0586888249204694,-0.116293084635207,0.673009499570819,0.14688526779186,0.0733090124351612,0.120184823478734,0.185003120018246,0.0738678011659737,0.0665475794888901,-0.365875323164665,-0.415550882429607,-0.173859124961376,0.203947206216586,-0.201265045122165,-0.198006864968035,-0.0256053614975412,-0.156054807449686,0.441453174315459,0.380548735796699,0.0928463703133849,-0.181582143196555,0.417192146620019,0.2541497033162,-0.426656714408506,0.201158144200585
"Banksia_ilicifolia",-0.0548566926030854,-0.0163641488071719,0.0937900529451895,-0.0572136502217894,-0.0305716958699742,0.0196138008255115,0.198230059014563,0.248965118315471,-0.0283411649884196,-0.174640112510256,0.138926654478229,0.064018642542601,1,0.278733435901068,-0.102455896961708,0.144828831083456,-0.0044031115832127,0.0679030881979893,0.154126127812009,0.00658748081773165,0.0464700901906651,0.222987940690797,0.140231038107021,-0.00364516811789513,0.173723661245074,-0.0848464722388137,-0.178496524448985,0.0493539639857059,0.0414042311481789,0.132938162590806,-0.142484085260537,0.0881976185668808,0.177028806024897,0.0523700387998893,-0.038231990737511,-0.0207811176951863,0.00868392719056485,0.0114514611049712,0.0295690921403656,-0.0278483281282681,0.035483899798986
"Banksia_menziesii",-0.141648045755814,0.0195477756072191,0.123990054881144,-0.30893171123633,-0.046727119185142,-0.0266273628007116,0.295179742808302,0.606686177354134,-0.245383303930909,-0.378397655364839,0.228955606630995,0.284897492537972,0.278733435901068,1,-0.258438100230728,0.177144940650004,-0.0416243670465105,0.134498304654845,0.463338488501949,0.0486189007469679,0.126154416681507,0.536716192355102,0.241293394887666,0.0185673799222935,0.265115232764771,-0.237161305212857,-0.455366063173085,0.0105527359729086,0.12832763016578,0.133726941977772,-0.315695112268968,0.148747379836728,0.271941024025971,0.227285173074206,0.0497022431694037,-0.0276409116628494,-0.010156041235271,0.147049477505827,0.0686280016230494,-0.205114366860783,0.120642517218024
"Baumea_articulata",0.0840386231071905,-0.0821245124346187,-0.0221304434803332,0.295849118063967,-0.0110130329596507,0.0687329024154382,-0.10616491178439,-0.203260696655398,0.315343111199134,0.154789852752647,-0.0969328674194153,-0.333845719295909,-0.102455896961708,-0.258438100230728,1,0.0930471878310797,0.035396230037578,0.0376917618906232,-0.377679925424002,-0.072018139590668,-0.0569230756901006,-0.162676058422671,-0.116099106833912,-0.0340570862116584,-0.0935377351158343,0.228011422849353,0.283899158556725,0.0680187355152139,-0.112579439634453,0.0415377542177463,0.169525112612431,-0.0211387301992339,-0.0010523963305019,-0.221806804656813,-0.155531408204206,-0.0297155473319555,0.091900042541171,-0.190318514510015,-0.114786296370423,0.242467737839496,-0.117513636609189
"Beaufortia_elegans",0.00722373581949698,-0.116314780326609,0.111074781613939,0.234000718976026,-0.0702396312172197,0.100585524751529,0.127027775821353,0.207985858242002,0.324017301006826,-0.105361481818015,0.0756764897301361,-0.308952271329901,0.144828831083456,0.177144940650003,0.0930471878310797,1,0.0220827607488023,0.171139674919554,-0.209847674305001,-0.0809621313995975,0.0185287978281822,0.21973271871171,0.0487183120844953,-0.0407590138703031,0.129734397694083,0.151607764550494,0.0450059776959946,0.144074797976181,-0.0709687736954419,0.241035762803989,-0.0496024502473449,0.104177460622256,0.300389362156169,-0.168275328894203,-0.228484540503896,-0.0878540150078327,0.132961823477882,-0.19434392611348,-0.139879545664052,0.213006884060646,-0.0801338519896918
"Caladenia_flava",0.0169168485960598,-0.0121781649268862,0.00496802995314205,0.0607699583514529,-0.00705189315807293,0.0177210019092703,-0.00313426199194966,-0.0328234252367409,0.0646899319173668,0.0214034053042302,-0.00556187580351836,-0.0586888249204694,-0.0044031115832127,-0.0416243670465105,0.035396230037578,0.0220827607488023,1,-0.00244552939175627,-0.065154568699609,-0.0120707265460495,-0.0101611245999768,-0.0305797638142783,-0.00601501815446598,-0.00274258139433443,0.000754935407344024,0.0417042049325705,0.055522663008715,0.0174990916889672,-0.0220507558155754,0.0187471482797184,0.0333235875226615,-0.000594596559656461,-0.000845351660043921,-0.0372729791594272,-0.0316680235577018,-0.00376133879731052,0.0149830215773165,-0.0314300556175203,-0.010603785222008,0.0638353120820267,-0.0210198837582535
"Comesperma_virgatum",-0.00735736971091506,-0.0476869459887881,0.0450307865709799,0.0696067006263819,-0.0315099715690244,0.0393937294537274,0.068813101057097,0.139770070010558,0.116568222803341,-0.0591377895150621,0.0391858729848776,-0.116293084635207,0.0679030881979893,0.134498304654845,0.0376917618906232,0.171139674919554,-0.00244552939175627,1,-0.057732503642779,-0.0318281239595777,0.0172279504376548,0.147879340049099,0.0287109553454226,-0.01799883266349,0.0543463301931789,0.0543050170043722,-0.019607497506314,0.0538800857793359,-0.0153371849235397,0.0964172564964904,-0.0439151910336355,0.0564262906782529,0.152665558808007,-0.0566177158059141,-0.0896651017243749,-0.0376904580373161,0.0645063652118004,-0.0716854612213804,-0.0654161296041442,0.0629206088455766,-0.0269736665516035
"Dasypogon_bromeliifolius",-0.151082775127769,0.164306990939464,0.0182498133374904,-0.576363434037212,0.0262451617523476,-0.136890589373633,0.178350372861559,0.342268368606369,-0.612423789379018,-0.242204919093998,0.172043538143708,0.673009499570819,0.154126127812009,0.463338488501949,-0.377679925424002,-0.209847674305001,-0.065154568699609,-0.057732503642779,1,0.141445763448514,0.101656500133344,0.27796293475458,0.233921069028922,0.070053747650711,0.156270463738084,-0.397707174285125,-0.510341430052182,-0.144758949574436,0.224190612265687,-0.123776774336695,-0.276071954858328,0.0293279661745405,-0.0416104216499612,0.461745907656696,0.341927078682321,0.0724059975241356,-0.164916749408925,0.40275428314484,0.246204690769185,-0.443991147661469,0.216821906544271
"Dielsia_stenostachya",-0.0237420315511094,0.040877520429669,-0.0116295901340869,-0.11745144249943,0.0154972904531871,-0.0345891895028432,0.0126394483874081,0.0225058191980443,-0.136416337992989,-0.0213866705132257,0.0207247762114647,0.14688526779186,0.00658748081773165,0.0486189007469679,-0.072018139590668,-0.0809621313995975,-0.0120707265460495,-0.0318281239595777,0.141445763448514,1,0.0156373545407377,0.017968372831114,0.0237750885690541,0.0183614719080228,0.00917145222134287,-0.0801549425736956,-0.0832999346151608,-0.0393659801773938,0.0419475494417417,-0.0531608577274694,-0.0373617010136742,-0.009064071382342,-0.0409771289894855,0.0951862115751988,0.0816077875926914,0.0260526518706526,-0.041472459113182,0.0876970552008524,0.0564354215942416,-0.0983235198066209,0.0437298626685781
"Dryandra_sp_",-0.0277930098297761,0.0134003107745809,0.0185812485097873,-0.073960912073814,-0.00709973423936573,-0.0115859852033475,0.0533581690021722,0.107836680798367,-0.0650295139484283,-0.0687011840430473,0.0410192533203786,0.0733090124351612,0.0464700901906651,0.126154416681507,-0.0569230756901006,0.0185287978281822,-0.0101611245999768,0.0172279504376548,0.101656500133344,0.0156373545407377,1,0.0953752759846961,0.0480129375711951,0.00605051007537276,0.0453446826856367,-0.0520654867178736,-0.0939944784269608,-0.00498459300501343,0.0276586522646944,0.00955319444081799,-0.0616000617906756,0.0245348555353923,0.0415930014193245,0.0564029498405419,0.0294415117362953,-0.00139112248516077,-0.00957135528853863,0.0400706645789745,0.0218597956020374,-0.0561646462540605,0.030116415644213
"Hibbertia_sp_",-0.0984869906453974,-0.017699382832849,0.10617799315293,-0.170234452106543,-0.0469896744656663,0.00848180955427388,0.228457707945205,0.500130848751229,-0.0942523525872449,-0.29741675339844,0.171224158784249,0.120184823478734,0.222987940690797,0.536716192355102,-0.162676058422671,0.21973271871171,-0.0305797638142783,0.147879340049099,0.27796293475458,0.017968372831114,0.0953752759846961,1,0.160940021644572,-0.00094029331835108,0.202124606176408,-0.128408502992992,-0.319951881183894,0.0427123389303809,0.0801822009833994,0.144319123306885,-0.243244052245147,0.13813632754958,0.273314301271821,0.114105554402698,-0.0184020005068612,-0.0467397254855218,0.0268561690439176,0.0547800140740996,-0.009558948456841,-0.103834859354419,0.062425485528911
"Hibbertia_subvaginata",-0.0564643681549495,0.0295037284285535,0.0534740682529262,-0.14899612627797,-0.0177254770907513,-0.0259180090287111,0.166440978320185,0.199488302047019,-0.12815366812613,-0.122679264794482,0.115801802796411,0.185003120018246,0.140231038107021,0.241293394887666,-0.116099106833912,0.0487183120844953,-0.00601501815446598,0.0287109553454226,0.233921069028922,0.0237750885690541,0.0480129375711951,0.160940021644572,1,0.0307520095906308,0.134294616489203,-0.0996252147932944,-0.180336956539681,-0.00365454901181804,0.0609203065947414,0.0431276207350712,-0.132011396275928,0.0510383468370729,0.0823611106506427,0.156612024019934,0.0884132668695479,0.00268444711125252,-0.0234586600070259,0.124076497662892,0.0984089295253829,-0.0818439211432222,0.0612987344044102
"Hypolaena_exsulca",-0.0105979046529497,0.0263866667545687,-0.00351585411584753,-0.0640889981490191,0.00227375184210157,-0.0188754017143309,-0.00069699675799826,0.00563687398847128,-0.0722650376456738,-0.00320891227406717,0.00693003215792847,0.0738678011659737,-0.00364516811789513,0.0185673799222935,-0.0340570862116584,-0.0407590138703031,-0.00274258139433443,-0.01799883266349,0.070053747650711,0.0183614719080228,0.00605051007537276,-0.00094029331835108,0.0307520095906308,1,0.00636593656921952,-0.0335689738432729,-0.0327553141054326,-0.0243986437811204,0.0192003327129092,-0.0283847754811838,-0.0164180231517666,-0.00642798416610977,-0.0307136756649514,0.0591584481365314,0.0468005443026391,0.0104316331825907,-0.0188094414893424,0.05451734021665,0.0364498624984641,-0.0410741937642002,0.0213923498178273
"Isolepis_cernua",-0.0480852414452958,-0.0033335519044214,0.110182687890135,-0.0518470793478753,-0.0328498214800095,0.0160650130704895,0.189478612820338,0.231243525010965,-0.0320185516614095,-0.163373047033019,0.157537562681162,0.0665475794888901,0.173723661245074,0.265115232764771,-0.0935377351158343,0.129734397694083,0.000754935407344024,0.0543463301931789,0.156270463738084,0.00917145222134287,0.0453446826856367,0.202124606176408,0.134294616489203,0.00636593656921952,1,-0.0818929482861371,-0.153856229818493,0.0544602027632308,0.0291885982909,0.132759010798352,-0.130855610789631,0.0807856838667499,0.150185364632513,0.0551974475773805,-0.0288626816622704,-0.0203603495343239,0.00409331140468743,0.022406702506902,0.0392663253877808,-0.0109514897896345,0.0354084980518254
"Kunzea_glabrescens",0.0875143348467779,-0.0869164783507516,-0.00710287387397265,0.329602285678972,-0.0185825033331437,0.0773304403242718,-0.088957012642249,-0.174077570463965,0.362705325501745,0.161204899251899,-0.0879958575551094,-0.365875323164665,-0.0848464722388137,-0.237161305212857,0.228011422849353,0.151607764550494,0.0417042049325705,0.0543050170043722,-0.397707174285125,-0.0801549425736956,-0.0520654867178736,-0.128408502992992,-0.0996252147932944,-0.0335689738432729,-0.0818929482861371,1,0.294372223478666,0.0764142630217658,-0.118975980856442,0.0620252201849939,0.154087308987923,-0.0108472945613678,0.047777834580262,-0.230058974158554,-0.173126740114168,-0.0387447094770068,0.109313283542401,-0.193858095605993,-0.134634504435944,0.268028249090851,-0.118004855739376
"Melaleuca_preissiana",0.12801630729224,-0.0774358245918223,-0.0413513601206374,0.394739483816246,-0.00318129572263091,0.0804218743066415,-0.190217913125036,-0.374957722085654,0.392120541869823,0.266678589529284,-0.149772355038414,-0.415550882429607,-0.178496524448985,-0.455366063173085,0.283899158556725,0.0450059776959946,0.055522663008715,-0.019607497506314,-0.510341430052182,-0.0832999346151608,-0.0939944784269608,-0.319951881183894,-0.180336956539681,-0.0327553141054326,-0.153856229818493,0.294372223478666,1,0.0706494071785754,-0.154697569509086,0.0167489120822007,0.255601465221576,-0.0676063140441015,-0.0812526197819586,-0.289338926381633,-0.176281656409894,-0.0275730004007369,0.0897393467005471,-0.224270841988518,-0.135352564363509,0.309027926056827,-0.14493815670998
"Microtis_sp_",0.0171804820448677,-0.0603210713423406,0.0513881813257228,0.150128257262962,-0.0269611967479821,0.0652861566183457,0.0466226391548529,0.0327325973407282,0.176868783330239,-0.0233780255902153,0.0260041649294213,-0.173859124961376,0.0493539639857059,0.0105527359729086,0.0680187355152139,0.144074797976181,0.0174990916889672,0.0538800857793359,-0.144758949574436,-0.0393659801773938,-0.00498459300501343,0.0427123389303809,-0.00365454901181804,-0.0243986437811204,0.0544602027632308,0.0764142630217658,0.0706494071785754,1,-0.0521914480696109,0.110057188131159,0.0112804554751594,0.0346034457813833,0.10213258063968,-0.115319674056409,-0.124251259832532,-0.0323587626790527,0.0553447137375209,-0.121145438657208,-0.0629906776402062,0.130094800172439,-0.0498510488341147
"Patersonia_occidentalis",-0.0437433378301487,0.0524318400112478,-0.000841309622593329,-0.177586898519638,0.00973090401367655,-0.0436658351371824,0.0414716284557216,0.0916722882464109,-0.192921475327886,-0.062956844476565,0.0415760850469409,0.203947206216586,0.0414042311481789,0.12832763016578,-0.112579439634453,-0.0709687736954419,-0.0220507558155754,-0.0153371849235397,0.224190612265687,0.0419475494417417,0.0276586522646944,0.0801822009833994,0.0609203065947414,0.0192003327129092,0.0291885982909,-0.118975980856442,-0.154697569509086,-0.0521914480696109,1,-0.0473615722040975,-0.0789372302326897,0.00675842588678642,-0.014333388727959,0.140799706206509,0.110900078978766,0.0239501332459954,-0.0500366823244264,0.126041564987709,0.0653488195230071,-0.140245022862876,0.0680600067037314
"Podotheca_gnaphalioides",0.00275714673504212,-0.0840785366855043,0.103932254567145,0.159424347454679,-0.0466360362166493,0.0725537061173241,0.128504678496865,0.151406366346134,0.215054527743802,-0.0977759094404424,0.0834263143237426,-0.201265045122165,0.132938162590806,0.133726941977772,0.0415377542177463,0.241035762803989,0.0187471482797184,0.0964172564964904,-0.123776774336695,-0.0531608577274694,0.00955319444081799,0.144319123306885,0.0431276207350712,-0.0283847754811838,0.132759010798352,0.0620252201849939,0.0167489120822007,0.110057188131159,-0.0473615722040975,1,-0.0436370128584849,0.0813408003175576,0.202550050556878,-0.125231505670516,-0.170276768407905,-0.059029578087034,0.0768450013654201,-0.143538202677245,-0.077640021560029,0.145875604314732,-0.0493211732032198
"Pteridium_esculentum",0.0790866055428035,-0.0261331105870942,-0.0518125802152661,0.194645183842749,0.014272488001942,0.0300756575667746,-0.144824533948299,-0.273412260515694,0.177458676697789,0.179233578584962,-0.110439600708858,-0.198006864968035,-0.142484085260537,-0.315695112268968,0.169525112612431,-0.0496024502473449,0.0333235875226615,-0.0439151910336355,-0.276071954858328,-0.0373617010136742,-0.0616000617906756,-0.243244052245147,-0.132011396275928,-0.0164180231517666,-0.130855610789631,0.154087308987923,0.255601465221576,0.0112804554751594,-0.0789372302326897,-0.0436370128584849,1,-0.0633222088815789,-0.120095066751096,-0.152846391510125,-0.0630271930465191,0.00725892234220576,0.0335346846653991,-0.110255643561235,-0.0543137189541496,0.161371027058515,-0.0751219739769184
"Pterostylis_sp_",-0.0260694246172153,-0.0210137744593861,0.0465992753348118,0.00245368779433657,-0.0212931166573881,0.0180744496101318,0.08789049570895,0.144791473621515,0.0322344012502253,-0.085613749632058,0.0599434846910433,-0.0256053614975412,0.0881976185668808,0.148747379836728,-0.0211387301992339,0.104177460622256,-0.000594596559656461,0.0564262906782529,0.0293279661745405,-0.009064071382342,0.0245348555353923,0.13813632754958,0.0510383468370729,-0.00642798416610977,0.0807856838667499,-0.0108472945613678,-0.0676063140441015,0.0346034457813833,0.00675842588678642,0.0813408003175576,-0.0633222088815789,1,0.107787629387582,-0.00597168936160448,-0.0457347682632942,-0.0204622045096951,0.0203441435450915,-0.0253155153426884,-0.0128320245793242,0.01103205470793,0.00134580758916273
"Pultenaea_reticulata",-0.0292761255651625,-0.0786813502400856,0.101947974610295,0.0972986948707006,-0.0542396405821583,0.0638341247721604,0.164429882423652,0.274700406772075,0.171833968961423,-0.153159022205188,0.108403044843834,-0.156054807449686,0.177028806024897,0.271941024025971,-0.0010523963305019,0.300389362156169,-0.000845351660043921,0.152665558808007,-0.0416104216499612,-0.0409771289894855,0.0415930014193245,0.273314301271821,0.0823611106506427,-0.0307136756649514,0.150185364632513,0.047777834580262,-0.0812526197819586,0.10213258063968,-0.014333388727959,0.202550050556878,-0.120095066751096,0.107787629387582,1,-0.0716932768643836,-0.153326871395228,-0.0656630025774821,0.0851217533416146,-0.108186827197292,-0.0876622101764103,0.0861010135628607,-0.0291257622906436
"Regelia_inops",-0.0883235746363737,0.124677516584784,-0.0147891525976715,-0.375578712366347,0.0238779598382209,-0.097726194308052,0.0772354041531038,0.156644624695064,-0.397513313097879,-0.10126662404845,0.0751010806038385,0.441453174315459,0.0523700387998893,0.227285173074206,-0.221806804656813,-0.168275328894203,-0.0372729791594272,-0.0566177158059141,0.461745907656696,0.0951862115751988,0.0564029498405419,0.114105554402698,0.156612024019934,0.0591584481365314,0.0551974475773805,-0.230058974158554,-0.289338926381633,-0.115319674056409,0.140799706206509,-0.125231505670516,-0.152846391510125,-0.00597168936160448,-0.0716932768643836,1,0.272099552312519,0.055666747654587,-0.106060272139771,0.307979083374456,0.186328675884538,-0.278793366349724,0.137758201003456
"Restionaceae_sp_",-0.050858493929632,0.117941333491649,-0.0579639337982395,-0.307170468222328,0.0392021211027451,-0.0943203671491394,-0.0215645275223634,0.000832234160618031,-0.347590411431984,-0.00565772999885143,0.00598842456040819,0.380548735796699,-0.038231990737511,0.0497022431694037,-0.155531408204206,-0.228484540503896,-0.0316680235577018,-0.0896651017243749,0.341927078682321,0.0816077875926914,0.0294415117362953,-0.0184020005068612,0.0884132668695479,0.0468005443026391,-0.0288626816622704,-0.173126740114168,-0.176281656409894,-0.124251259832532,0.110900078978766,-0.170276768407905,-0.0630271930465191,-0.0457347682632942,-0.153326871395228,0.272099552312519,1,0.0637475923362282,-0.105357786571092,0.266393332076042,0.14860317520416,-0.237029157153305,0.105280614976369
"Rhodanthe_chlorocephala_subsp__rosea",-0.00646054428361521,0.030464809554737,-0.0242054331144966,-0.0629595608712085,0.0277261865906302,-0.0266662018440021,-0.0115125903634721,-0.0429081615587726,-0.0910591043162648,0.0258647542533185,-0.00945434372162082,0.0928463703133849,-0.0207811176951863,-0.0276409116628494,-0.0297155473319555,-0.0878540150078327,-0.00376133879731052,-0.0376904580373161,0.0724059975241356,0.0260526518706526,-0.00139112248516077,-0.0467397254855218,0.00268444711125252,0.0104316331825907,-0.0203603495343239,-0.0387447094770068,-0.0275730004007369,-0.0323587626790527,0.0239501332459954,-0.059029578087034,0.00725892234220576,-0.0204622045096951,-0.0656630025774821,0.055666747654587,0.0637475923362282,1,-0.0329859441617995,0.059038596143901,0.0547358287939432,-0.0628912925062484,0.0307294138171971
"Schoenus_sp_",0.0255050661053515,-0.0543061127104321,0.0240463393894187,0.143524117688688,-0.0214104601128612,0.0461826310688876,-0.00155069755197532,0.0128745462973402,0.175924043663414,0.00620821219134584,-0.00881689930184079,-0.181582143196555,0.00868392719056485,-0.010156041235271,0.091900042541171,0.132961823477882,0.0149830215773165,0.0645063652118004,-0.164916749408925,-0.041472459113182,-0.00957135528853863,0.0268561690439176,-0.0234586600070259,-0.0188094414893424,0.00409331140468743,0.109313283542401,0.0897393467005471,0.0553447137375209,-0.0500366823244264,0.0768450013654201,0.0335346846653991,0.0203441435450915,0.0851217533416146,-0.106060272139771,-0.105357786571092,-0.0329859441617995,1,-0.107185068886661,-0.0781920412801021,0.129807761407986,-0.0506604537595673
"Stylidium_repens",-0.0638525711113544,0.126622881816575,-0.0344285105367885,-0.334132059710227,0.0300866336695598,-0.0967249779006172,0.0378969149680146,0.0800692636880734,-0.367123920837327,-0.0488690536391016,0.0567311129877544,0.417192146620019,0.0114514611049712,0.147049477505827,-0.190318514510015,-0.19434392611348,-0.0314300556175203,-0.0716854612213804,0.40275428314484,0.0876970552008524,0.0400706645789745,0.0547800140740996,0.124076497662892,0.05451734021665,0.022406702506902,-0.193858095605993,-0.224270841988518,-0.121145438657208,0.126041564987709,-0.143538202677245,-0.110255643561235,-0.0253155153426884,-0.108186827197292,0.307979083374456,0.266393332076042,0.059038596143901,-0.107185068886661,1,0.163236415167653,-0.25210069333464,0.123207588189445
"Thysanotus_manglesianus",-0.0430181762547866,0.0723007715484407,-0.0116406166880151,-0.191906990517458,0.0284892258055982,-0.0571291818773413,0.0645492706992156,0.0230205883766953,-0.230402887284145,-0.0223159427868141,0.0427409859623243,0.2541497033162,0.0295690921403656,0.0686280016230494,-0.114786296370423,-0.139879545664052,-0.010603785222008,-0.0654161296041443,0.246204690769185,0.0564354215942416,0.0218597956020374,-0.009558948456841,0.0984089295253829,0.036449862498464,0.0392663253877808,-0.134634504435944,-0.135352564363509,-0.0629906776402062,0.0653488195230071,-0.077640021560029,-0.0543137189541496,-0.0128320245793242,-0.0876622101764103,0.186328675884538,0.14860317520416,0.0547358287939432,-0.0781920412801021,0.163236415167653,1,-0.144994222194912,0.0723064535693654
"Trachymene_pilosa",0.0910112037699752,-0.11052723327203,0.0425675188967999,0.391320124872941,-0.041275969524875,0.109226958332087,-0.0263275848201073,-0.136277709743836,0.433563380700686,0.101069844322469,-0.0428773528073575,-0.426656714408506,-0.0278483281282681,-0.205114366860783,0.242467737839496,0.213006884060646,0.0638353120820267,0.0629206088455766,-0.443991147661469,-0.0983235198066209,-0.0561646462540605,-0.103834859354419,-0.0818439211432222,-0.0410741937642002,-0.0109514897896345,0.268028249090851,0.309027926056827,0.130094800172439,-0.140245022862876,0.145875604314732,0.161371027058515,0.01103205470793,0.0861010135628607,-0.278793366349724,-0.237029157153305,-0.0628912925062484,0.129807761407986,-0.25210069333464,-0.144994222194912,1,-0.137888999107153
"Xanthorrhoea_preissii",-0.0423889434646828,0.0539094703411893,-0.00169313944805917,-0.171690360971663,0.0154824605572707,-0.0441540763031916,0.0449446015216827,0.0860329688214079,-0.191097442641468,-0.0614278332226226,0.0435876340759795,0.201158144200585,0.035483899798986,0.120642517218024,-0.117513636609189,-0.0801338519896918,-0.0210198837582535,-0.0269736665516035,0.216821906544271,0.0437298626685781,0.030116415644213,0.062425485528911,0.0612987344044102,0.0213923498178273,0.0354084980518254,-0.118004855739376,-0.14493815670998,-0.0498510488341147,0.0680600067037314,-0.0493211732032198,-0.0751219739769184,0.00134580758916273,-0.0291257622906436,0.137758201003456,0.105280614976369,0.0307294138171971,-0.0506604537595673,0.123207588189445,0.0723064535693654,-0.137888999107153,1
